lat,long
43.801021,125.220558
43.801021,125.220558
43.801021,125.220558
43.801021,125.220558
43.801021,125.220558
43.801021,125.220558
43.801021,125.220558
43.801021,125.220558
43.801021,125.220558
43.801021,125.220558
43.801021,125.220558
43.801021,125.220558
43.801021,125.220558
43.801021,125.220558
43.801021,125.220558
43.801021,125.220558
43.801021,125.220558
43.801021,125.220558
43.801021,125.220558
43.801021,125.220558
43.801021,125.220558
43.801021,125.220558
43.801021,125.220558
43.801021,125.220558
43.801021,125.220558
43.801021,125.220558
43.801021,125.220558
43.801021,125.220558
43.801021,125.220558
43.801019,125.220555
43.801019,125.220555
43.801019,125.220555
43.801019,125.220555
43.801019,125.220555
43.801019,125.220555
43.801019,125.220555
43.801014,125.22054
43.801014,125.22054
43.801014,125.22054
43.801014,125.22054
43.801014,125.22054
43.801014,125.22054
43.801014,125.22054
43.801014,125.22054
43.801014,125.22054
43.801014,125.22054
43.801014,125.22054
43.801014,125.22054
43.801014,125.22054
43.801014,125.22054
43.801014,125.22054
43.801014,125.22054
43.801014,125.22054
43.801014,125.22054
43.801014,125.22054
43.801014,125.22054
43.801014,125.220539
43.801014,125.220539
43.801014,125.220539
43.801014,125.220539
43.801014,125.220539
43.801014,125.220539
43.801014,125.220539
43.801014,125.220539
43.801014,125.220539
43.801014,125.220539
43.801014,125.220539
43.801014,125.220539
43.801014,125.220539
43.801014,125.220539
43.801014,125.220539
43.801014,125.220539
43.801014,125.220539
43.801014,125.220539
43.801014,125.220539
43.801014,125.220539
43.801014,125.220539
43.801014,125.220539
43.801014,125.220539
43.801014,125.220539
43.801014,125.220539
43.801014,125.220539
43.801014,125.220539
43.801014,125.220539
43.801014,125.220539
43.801014,125.220539
43.801014,125.220539
43.801014,125.220539
43.801014,125.220539
43.801014,125.220539
43.801014,125.220539
43.801014,125.220539
43.801014,125.220539
43.801014,125.220539
43.801014,125.220539
43.801014,125.220539
43.801014,125.220539
43.801014,125.220539
43.801014,125.220539
43.801014,125.220539
43.801014,125.220539
43.801014,125.220539
43.801014,125.220539
43.801014,125.220539
43.801014,125.220539
43.801014,125.220539
43.801014,125.220539
43.801014,125.220539
43.801014,125.220539
43.801014,125.220539
43.801014,125.220539
43.801014,125.220539
43.801014,125.220539
43.801014,125.220539
43.801014,125.220539
43.801014,125.220539
43.801014,125.220539
43.801014,125.220539
43.801014,125.220539
43.801014,125.220539
43.801014,125.220539
43.801014,125.220539
43.801014,125.220539
43.801014,125.220539
43.801014,125.220539
43.801014,125.220539
43.801014,125.220539
43.801014,125.220539
43.801014,125.220539
43.801014,125.220539
43.801014,125.220539
43.801014,125.220539
43.801014,125.220539
43.801014,125.220539
43.801014,125.220539
43.801014,125.220539
43.801014,125.220538
43.801014,125.220538
43.801014,125.220538
43.801014,125.220538
43.801014,125.220538
43.801014,125.220538
43.801014,125.220538
43.801014,125.220538
43.801014,125.220538
43.801014,125.220538
43.801014,125.220538
43.801014,125.220538
43.801014,125.220538
43.801014,125.220538
43.801014,125.220538
43.801014,125.220538
43.801014,125.220538
43.801014,125.220538
43.801014,125.220538
43.801014,125.220538
43.801018,125.220547
43.801018,125.220547
43.801018,125.220547
43.801018,125.220547
43.801018,125.220547
43.801018,125.220547
43.801018,125.220547
43.801018,125.220547
43.801018,125.220547
43.801018,125.220547
43.801018,125.220547
43.801018,125.220547
43.801018,125.220547
43.801018,125.220547
43.801018,125.220547
43.801018,125.220547
43.801018,125.220547
43.801018,125.220547
43.801018,125.220547
43.801018,125.220547
43.801022,125.220565
43.801022,125.220565
43.801022,125.220565
43.801022,125.220565
43.801022,125.220565
43.801022,125.220565
43.801022,125.220565
43.801022,125.220565
43.801022,125.220565
43.801022,125.220565
43.801022,125.220565
43.801022,125.220565
43.801022,125.220565
43.801022,125.220565
43.801022,125.220565
43.801022,125.220565
43.801022,125.220565
43.801022,125.220565
43.801022,125.220565
43.801022,125.220565
43.80102,125.220581
43.80102,125.220581
43.80102,125.220581
43.80102,125.220581
43.80102,125.220581
43.80102,125.220581
43.80102,125.220581
43.80102,125.220581
43.80102,125.220581
43.80102,125.220581
43.80102,125.220581
43.80102,125.220581
43.80102,125.220581
43.80102,125.220581
43.80102,125.220581
43.80102,125.220581
43.80102,125.220581
43.80102,125.220581
43.80102,125.220581
43.80102,125.220581
43.801012,125.220598
43.801012,125.220598
43.801012,125.220598
43.801012,125.220598
43.801012,125.220598
43.801012,125.220598
43.801012,125.220598
43.801012,125.220598
43.801012,125.220598
43.801012,125.220598
43.801012,125.220598
43.801012,125.220598
43.801012,125.220598
43.801012,125.220598
43.801012,125.220598
43.801012,125.220598
43.801012,125.220598
43.801012,125.220598
43.801012,125.220598
43.801012,125.220598
43.800999,125.220606
43.800999,125.220606
43.800999,125.220606
43.800999,125.220606
43.800999,125.220606
43.800999,125.220606
43.800999,125.220606
43.800999,125.220606
43.800999,125.220606
43.800999,125.220606
43.800999,125.220606
43.800999,125.220606
43.800999,125.220606
43.800999,125.220606
43.800999,125.220606
43.800999,125.220606
43.800999,125.220606
43.800999,125.220606
43.800999,125.220606
43.800999,125.220606
43.800984,125.220606
43.800984,125.220606
43.800984,125.220606
43.800984,125.220606
43.800984,125.220606
43.800984,125.220606
43.800984,125.220606
43.800984,125.220606
43.800984,125.220606
43.800984,125.220606
43.800984,125.220606
43.800984,125.220606
43.800984,125.220606
43.800984,125.220606
43.800984,125.220606
43.800984,125.220606
43.800984,125.220606
43.800984,125.220606
43.800984,125.220606
43.800984,125.220606
43.800975,125.220598
43.800975,125.220598
43.800975,125.220598
43.800975,125.220598
43.800975,125.220598
43.800975,125.220598
43.800975,125.220598
43.800975,125.220598
43.800975,125.220598
43.800975,125.220598
43.800975,125.220598
43.800975,125.220598
43.800975,125.220598
43.800975,125.220598
43.800975,125.220598
43.800975,125.220598
43.800975,125.220598
43.800975,125.220598
43.800975,125.220598
43.800975,125.220598
43.800966,125.220589
43.800966,125.220589
43.800966,125.220589
43.800966,125.220589
43.800966,125.220589
43.800966,125.220589
43.800966,125.220589
43.800966,125.220589
43.800966,125.220589
43.800966,125.220589
43.800966,125.220589
43.800966,125.220589
43.800966,125.220589
43.800966,125.220589
43.800966,125.220589
43.800966,125.220589
43.800966,125.220589
43.800966,125.220589
43.800966,125.220589
43.800966,125.220589
43.80096,125.220577
43.80096,125.220577
43.80096,125.220577
43.80096,125.220577
43.80096,125.220577
43.80096,125.220577
43.80096,125.220577
43.80096,125.220577
43.80096,125.220577
43.80096,125.220577
43.80096,125.220577
43.80096,125.220577
43.80096,125.220577
43.80096,125.220577
43.80096,125.220577
43.80096,125.220577
43.80096,125.220577
43.80096,125.220577
43.80096,125.220577
43.80096,125.220577
43.800959,125.220561
43.800959,125.220561
43.800959,125.220561
43.800959,125.220561
43.800959,125.220561
43.800959,125.220561
43.800959,125.220561
43.800959,125.220561
43.800959,125.220561
43.800959,125.220561
43.800959,125.220561
43.800959,125.220561
43.800959,125.220561
43.800959,125.220561
43.800959,125.220561
43.800959,125.220561
43.800959,125.220561
43.800959,125.220561
43.800959,125.220561
43.800959,125.220561
43.800956,125.220543
43.800956,125.220543
43.800956,125.220543
43.800956,125.220543
43.800956,125.220543
43.800956,125.220543
43.800956,125.220543
43.800956,125.220543
43.800956,125.220543
43.800956,125.220543
43.800956,125.220543
43.800956,125.220543
43.800956,125.220543
43.800956,125.220543
43.800956,125.220543
43.800956,125.220543
43.800956,125.220543
43.800956,125.220543
43.800956,125.220543
43.800956,125.220543
43.800952,125.220513
43.800952,125.220513
43.800952,125.220513
43.800952,125.220513
43.800952,125.220513
43.800952,125.220513
43.800952,125.220513
43.800952,125.220513
43.800952,125.220513
43.800952,125.220513
43.800952,125.220513
43.800952,125.220513
43.800952,125.220513
43.800952,125.220513
43.800952,125.220513
43.800952,125.220513
43.800952,125.220513
43.800952,125.220513
43.800952,125.220513
43.800952,125.220513
43.800942,125.220475
43.800942,125.220475
43.800942,125.220475
43.800942,125.220475
43.800942,125.220475
43.800942,125.220475
43.800942,125.220475
43.800942,125.220475
43.800942,125.220475
43.800942,125.220475
43.800942,125.220475
43.800942,125.220475
43.800942,125.220475
43.800942,125.220475
43.800942,125.220475
43.800942,125.220475
43.800942,125.220475
43.800942,125.220475
43.800942,125.220475
43.800942,125.220475
43.800927,125.220434
43.800927,125.220434
43.800927,125.220434
43.800927,125.220434
43.800927,125.220434
43.800927,125.220434
43.800927,125.220434
43.800927,125.220434
43.800927,125.220434
43.800927,125.220434
43.800927,125.220434
43.800927,125.220434
43.800927,125.220434
43.800927,125.220434
43.800927,125.220434
43.800927,125.220434
43.800927,125.220434
43.800927,125.220434
43.800927,125.220434
43.800927,125.220434
43.800915,125.220391
43.800915,125.220391
43.800915,125.220391
43.800915,125.220391
43.800915,125.220391
43.800915,125.220391
43.800915,125.220391
43.800915,125.220391
43.800915,125.220391
43.800915,125.220391
43.800915,125.220391
43.800915,125.220391
43.800915,125.220391
43.800915,125.220391
43.800915,125.220391
43.800915,125.220391
43.800915,125.220391
43.800915,125.220391
43.800915,125.220391
43.800915,125.220391
43.800902,125.220349
43.800902,125.220349
43.800902,125.220349
43.800902,125.220349
43.800902,125.220349
43.800902,125.220349
43.800902,125.220349
43.800902,125.220349
43.800902,125.220349
43.800902,125.220349
43.800902,125.220349
43.800902,125.220349
43.800902,125.220349
43.800902,125.220349
43.800902,125.220349
43.800902,125.220349
43.800902,125.220349
43.800902,125.220349
43.800902,125.220349
43.800902,125.220349
43.800892,125.220313
43.800892,125.220313
43.800892,125.220313
43.800892,125.220313
43.800892,125.220313
43.800892,125.220313
43.800892,125.220313
43.800892,125.220313
43.800892,125.220313
43.800892,125.220313
43.800892,125.220313
43.800892,125.220313
43.800892,125.220313
43.800892,125.220313
43.800892,125.220313
43.800892,125.220313
43.800892,125.220313
43.800892,125.220313
43.800892,125.220313
43.800892,125.220313
43.800879,125.220272
43.800879,125.220272
43.800879,125.220272
43.800879,125.220272
43.800879,125.220272
43.800879,125.220272
43.800879,125.220272
43.800879,125.220272
43.800879,125.220272
43.800879,125.220272
43.800879,125.220272
43.800879,125.220272
43.800879,125.220272
43.800879,125.220272
43.800879,125.220272
43.800879,125.220272
43.800879,125.220272
43.800879,125.220272
43.800879,125.220272
43.800879,125.220272
43.800864,125.220231
43.800864,125.220231
43.800864,125.220231
43.800864,125.220231
43.800864,125.220231
43.800864,125.220231
43.800864,125.220231
43.800864,125.220231
43.800864,125.220231
43.800864,125.220231
43.800864,125.220231
43.800864,125.220231
43.800864,125.220231
43.800864,125.220231
43.800864,125.220231
43.800864,125.220231
43.800864,125.220231
43.800864,125.220231
43.800864,125.220231
43.800864,125.220231
43.800841,125.220184
43.800841,125.220184
43.800841,125.220184
43.800841,125.220184
43.800841,125.220184
43.800841,125.220184
43.800841,125.220184
43.800841,125.220184
43.800841,125.220184
43.800841,125.220184
43.800841,125.220184
43.800841,125.220184
43.800841,125.220184
43.800841,125.220184
43.800841,125.220184
43.800841,125.220184
43.800841,125.220184
43.800841,125.220184
43.800841,125.220184
43.800841,125.220184
43.800818,125.220134
43.800818,125.220134
43.800818,125.220134
43.800818,125.220134
43.800818,125.220134
43.800818,125.220134
43.800818,125.220134
43.800818,125.220134
43.800818,125.220134
43.800818,125.220134
43.800818,125.220134
43.800818,125.220134
43.800818,125.220134
43.800818,125.220134
43.800818,125.220134
43.800818,125.220134
43.800818,125.220134
43.800818,125.220134
43.800818,125.220134
43.800818,125.220134
43.8008,125.220085
43.8008,125.220085
43.8008,125.220085
43.8008,125.220085
43.8008,125.220085
43.8008,125.220085
43.8008,125.220085
43.8008,125.220085
43.8008,125.220085
43.8008,125.220085
43.8008,125.220085
43.8008,125.220085
43.8008,125.220085
43.8008,125.220085
43.8008,125.220085
43.8008,125.220085
43.8008,125.220085
43.8008,125.220085
43.8008,125.220085
43.8008,125.220085
43.800785,125.220036
43.800785,125.220036
43.800785,125.220036
43.800785,125.220036
43.800785,125.220036
43.800785,125.220036
43.800785,125.220036
43.800785,125.220036
43.800785,125.220036
43.800785,125.220036
43.800785,125.220036
43.800785,125.220036
43.800785,125.220036
43.800785,125.220036
43.800785,125.220036
43.800785,125.220036
43.800785,125.220036
43.800785,125.220036
43.800785,125.220036
43.800785,125.220036
43.800771,125.219985
43.800771,125.219985
43.800771,125.219985
43.800771,125.219985
43.800771,125.219985
43.800771,125.219985
43.800771,125.219985
43.800771,125.219985
43.800771,125.219985
43.800771,125.219985
43.800771,125.219985
43.800771,125.219985
43.800771,125.219985
43.800771,125.219985
43.800771,125.219985
43.800771,125.219985
43.800771,125.219985
43.800771,125.219985
43.800771,125.219985
43.800771,125.219985
43.80076,125.219943
43.80076,125.219943
43.80076,125.219943
43.80076,125.219943
43.80076,125.219943
43.80076,125.219943
43.80076,125.219943
43.80076,125.219943
43.80076,125.219943
43.80076,125.219943
43.80076,125.219943
43.80076,125.219943
43.80076,125.219943
43.80076,125.219943
43.80076,125.219943
43.80076,125.219943
43.80076,125.219943
43.80076,125.219943
43.80076,125.219943
43.80076,125.219943
43.800747,125.2199
43.800747,125.2199
43.800747,125.2199
43.800747,125.2199
43.800747,125.2199
43.800747,125.2199
43.800747,125.2199
43.800747,125.2199
43.800747,125.2199
43.800747,125.2199
43.800747,125.2199
43.800747,125.2199
43.800747,125.2199
43.800747,125.2199
43.800747,125.2199
43.800747,125.2199
43.800747,125.2199
43.800747,125.2199
43.800747,125.2199
43.800747,125.2199
43.800732,125.219862
43.800732,125.219862
43.800732,125.219862
43.800732,125.219862
43.800732,125.219862
43.800732,125.219862
43.800732,125.219862
43.800732,125.219862
43.800732,125.219862
43.800732,125.219862
43.800732,125.219862
43.800732,125.219862
43.800732,125.219862
43.800732,125.219862
43.800732,125.219862
43.800732,125.219862
43.800732,125.219862
43.800732,125.219862
43.800732,125.219862
43.800732,125.219862
43.80072,125.219829
43.80072,125.219829
43.80072,125.219829
43.80072,125.219829
43.80072,125.219829
43.80072,125.219829
43.80072,125.219829
43.80072,125.219829
43.80072,125.219829
43.80072,125.219829
43.80072,125.219829
43.80072,125.219829
43.80072,125.219829
43.80072,125.219829
43.80072,125.219829
43.80072,125.219829
43.80072,125.219829
43.80072,125.219829
43.80072,125.219829
43.80072,125.219829
43.800713,125.219809
43.800713,125.219809
43.800713,125.219809
43.800713,125.219809
43.800713,125.219809
43.800713,125.219809
43.800713,125.219809
43.800713,125.219809
43.800713,125.219809
43.800713,125.219809
43.800713,125.219809
43.800713,125.219809
43.800713,125.219809
43.800713,125.219809
43.800713,125.219809
43.800713,125.219809
43.800713,125.219809
43.800713,125.219809
43.800713,125.219809
43.800713,125.219809
43.800709,125.219795
43.800709,125.219795
43.800709,125.219795
43.800709,125.219795
43.800709,125.219795
43.800709,125.219795
43.800709,125.219795
43.800709,125.219795
43.800709,125.219795
43.800709,125.219795
43.800709,125.219795
43.800709,125.219795
43.800709,125.219795
43.800709,125.219795
43.800709,125.219795
43.800709,125.219795
43.800709,125.219795
43.800709,125.219795
43.800709,125.219795
43.800709,125.219795
43.800706,125.219784
43.800706,125.219784
43.800706,125.219784
43.800706,125.219784
43.800706,125.219784
43.800706,125.219784
43.800706,125.219784
43.800706,125.219784
43.800706,125.219784
43.800706,125.219784
43.800706,125.219784
43.800706,125.219784
43.800706,125.219784
43.800706,125.219784
43.800706,125.219784
43.800706,125.219784
43.800706,125.219784
43.800706,125.219784
43.800706,125.219784
43.800706,125.219784
43.8007,125.219768
43.8007,125.219768
43.8007,125.219768
43.8007,125.219768
43.8007,125.219768
43.8007,125.219768
43.8007,125.219768
43.8007,125.219768
43.8007,125.219768
43.8007,125.219768
43.8007,125.219768
43.8007,125.219768
43.8007,125.219768
43.8007,125.219768
43.8007,125.219768
43.8007,125.219768
43.8007,125.219768
43.8007,125.219768
43.8007,125.219768
43.8007,125.219768
43.800689,125.219743
43.800689,125.219743
43.800689,125.219743
43.800689,125.219743
43.800689,125.219743
43.800689,125.219743
43.800689,125.219743
43.800689,125.219743
43.800689,125.219743
43.800689,125.219743
43.800689,125.219743
43.800689,125.219743
43.800689,125.219743
43.800689,125.219743
43.800689,125.219743
43.800689,125.219743
43.800689,125.219743
43.800689,125.219743
43.800689,125.219743
43.800689,125.219743
43.800677,125.219716
43.800677,125.219716
43.800677,125.219716
43.800677,125.219716
43.800677,125.219716
43.800677,125.219716
43.800677,125.219716
43.800677,125.219716
43.800677,125.219716
43.800677,125.219716
43.800677,125.219716
43.800677,125.219716
43.800677,125.219716
43.800677,125.219716
43.800677,125.219716
43.800677,125.219716
43.800677,125.219716
43.800677,125.219716
43.800677,125.219716
43.800677,125.219716
43.800667,125.21969
43.800667,125.21969
43.800667,125.21969
43.800667,125.21969
43.800667,125.21969
43.800667,125.21969
43.800667,125.21969
43.800667,125.21969
43.800667,125.21969
43.800667,125.21969
43.800667,125.21969
43.800667,125.21969
43.800667,125.21969
43.800667,125.21969
43.800667,125.21969
43.800667,125.21969
43.800667,125.21969
43.800667,125.21969
43.800667,125.21969
43.800667,125.21969
43.80066,125.219663
43.80066,125.219663
43.80066,125.219663
43.80066,125.219663
43.80066,125.219663
43.80066,125.219663
43.80066,125.219663
43.80066,125.219663
43.80066,125.219663
43.80066,125.219663
43.80066,125.219663
43.80066,125.219663
43.80066,125.219663
43.80066,125.219663
43.80066,125.219663
43.80066,125.219663
43.80066,125.219663
43.80066,125.219663
43.80066,125.219663
43.80066,125.219663
43.800659,125.219642
43.800659,125.219642
43.800659,125.219642
43.800659,125.219642
43.800659,125.219642
43.800659,125.219642
43.800659,125.219642
43.800659,125.219642
43.800659,125.219642
43.800659,125.219642
43.800659,125.219642
43.800659,125.219642
43.800659,125.219642
43.800659,125.219642
43.800659,125.219642
43.800659,125.219642
43.800659,125.219642
43.800659,125.219642
43.800659,125.219642
43.800659,125.219642
43.800659,125.219616
43.800659,125.219616
43.800659,125.219616
43.800659,125.219616
43.800659,125.219616
43.800659,125.219616
43.800659,125.219616
43.800659,125.219616
43.800659,125.219616
43.800659,125.219616
43.800659,125.219616
43.800659,125.219616
43.800659,125.219616
43.800659,125.219616
43.800659,125.219616
43.800659,125.219616
43.800659,125.219616
43.800659,125.219616
43.800659,125.219616
43.800659,125.219616
43.800664,125.219599
43.800664,125.219599
43.800664,125.219599
43.800664,125.219599
43.800664,125.219599
43.800664,125.219599
43.800664,125.219599
43.800664,125.219599
43.800664,125.219599
43.800664,125.219599
43.800664,125.219599
43.800664,125.219599
43.800664,125.219599
43.800664,125.219599
43.800664,125.219599
43.800664,125.219599
43.800664,125.219599
43.800664,125.219599
43.800664,125.219599
43.800664,125.219599
43.800672,125.219582
43.800672,125.219582
43.800672,125.219582
43.800672,125.219582
43.800672,125.219582
43.800672,125.219582
43.800672,125.219582
43.800672,125.219582
43.800672,125.219582
43.800672,125.219582
43.800672,125.219582
43.800672,125.219582
43.800672,125.219582
43.800672,125.219582
43.800672,125.219582
43.800672,125.219582
43.800672,125.219582
43.800672,125.219582
43.800672,125.219582
43.800672,125.219582
43.800695,125.219542
43.800695,125.219542
43.800695,125.219542
43.800695,125.219542
43.800695,125.219542
43.800695,125.219542
43.800695,125.219542
43.800695,125.219542
43.800695,125.219542
43.800695,125.219542
43.800695,125.219542
43.800695,125.219542
43.800695,125.219542
43.800695,125.219542
43.800695,125.219542
43.800695,125.219542
43.800695,125.219542
43.800695,125.219542
43.800695,125.219542
43.800695,125.219542
43.800726,125.219516
43.800726,125.219516
43.800726,125.219516
43.800726,125.219516
43.800726,125.219516
43.800726,125.219516
43.800726,125.219516
43.800726,125.219516
43.800726,125.219516
43.800726,125.219516
43.800726,125.219516
43.800726,125.219516
43.800726,125.219516
43.800726,125.219516
43.800726,125.219516
43.800726,125.219516
43.800726,125.219516
43.800726,125.219516
43.800726,125.219516
43.800726,125.219516
43.800758,125.219491
43.800758,125.219491
43.800758,125.219491
43.800758,125.219491
43.800758,125.219491
43.800758,125.219491
43.800758,125.219491
43.800758,125.219491
43.800758,125.219491
43.800758,125.219491
43.800758,125.219491
43.800758,125.219491
43.800758,125.219491
43.800758,125.219491
43.800758,125.219491
43.800758,125.219491
43.800758,125.219491
43.800758,125.219491
43.800758,125.219491
43.800758,125.219491
43.800795,125.219461
43.800795,125.219461
43.800795,125.219461
43.800795,125.219461
43.800795,125.219461
43.800795,125.219461
43.800795,125.219461
43.800795,125.219461
43.800795,125.219461
43.800795,125.219461
43.800795,125.219461
43.800795,125.219461
43.800795,125.219461
43.800795,125.219461
43.800795,125.219461
43.800795,125.219461
43.800795,125.219461
43.800795,125.219461
43.800795,125.219461
43.800795,125.219461
43.80083,125.21943
43.80083,125.21943
43.80083,125.21943
43.80083,125.21943
43.80083,125.21943
43.80083,125.21943
43.80083,125.21943
43.80083,125.21943
43.80083,125.21943
43.80083,125.21943
43.80083,125.21943
43.80083,125.21943
43.80083,125.21943
43.80083,125.21943
43.80083,125.21943
43.80083,125.21943
43.80083,125.21943
43.80083,125.21943
43.80083,125.21943
43.80083,125.21943
43.800872,125.219399
43.800872,125.219399
43.800872,125.219399
43.800872,125.219399
43.800872,125.219399
43.800872,125.219399
43.800872,125.219399
43.800872,125.219399
43.800872,125.219399
43.800872,125.219399
43.800872,125.219399
43.800872,125.219399
43.800872,125.219399
43.800872,125.219399
43.800872,125.219399
43.800872,125.219399
43.800872,125.219399
43.800872,125.219399
43.800872,125.219399
43.800872,125.219399
43.800908,125.219372
43.800908,125.219372
43.800908,125.219372
43.800908,125.219372
43.800908,125.219372
43.800908,125.219372
43.800908,125.219372
43.800908,125.219372
43.800908,125.219372
43.800908,125.219372
43.800908,125.219372
43.800908,125.219372
43.800908,125.219372
43.800908,125.219372
43.800908,125.219372
43.800908,125.219372
43.800908,125.219372
43.800908,125.219372
43.800908,125.219372
43.800908,125.219372
43.80095,125.219343
43.80095,125.219343
43.80095,125.219343
43.80095,125.219343
43.80095,125.219343
43.80095,125.219343
43.80095,125.219343
43.80095,125.219343
43.80095,125.219343
43.80095,125.219343
43.80095,125.219343
43.80095,125.219343
43.80095,125.219343
43.80095,125.219343
43.80095,125.219343
43.80095,125.219343
43.80095,125.219343
43.80095,125.219343
43.80095,125.219343
43.80095,125.219343
43.800986,125.219321
43.800986,125.219321
43.800986,125.219321
43.800986,125.219321
43.800986,125.219321
43.800986,125.219321
43.800986,125.219321
43.800986,125.219321
43.800986,125.219321
43.800986,125.219321
43.800986,125.219321
43.800986,125.219321
43.800986,125.219321
43.800986,125.219321
43.800986,125.219321
43.800986,125.219321
43.800986,125.219321
43.800986,125.219321
43.800986,125.219321
43.800986,125.219321
43.801021,125.219301
43.801021,125.219301
43.801021,125.219301
43.801021,125.219301
43.801021,125.219301
43.801021,125.219301
43.801021,125.219301
43.801021,125.219301
43.801021,125.219301
43.801021,125.219301
43.801021,125.219301
43.801021,125.219301
43.801021,125.219301
43.801021,125.219301
43.801021,125.219301
43.801021,125.219301
43.801021,125.219301
43.801021,125.219301
43.801021,125.219301
43.801021,125.219301
43.801054,125.219281
43.801054,125.219281
43.801054,125.219281
43.801054,125.219281
43.801054,125.219281
43.801054,125.219281
43.801054,125.219281
43.801054,125.219281
43.801054,125.219281
43.801054,125.219281
43.801054,125.219281
43.801054,125.219281
43.801054,125.219281
43.801054,125.219281
43.801054,125.219281
43.801054,125.219281
43.801054,125.219281
43.801054,125.219281
43.801054,125.219281
43.801054,125.219281
43.801088,125.219258
43.801088,125.219258
43.801088,125.219258
43.801088,125.219258
43.801088,125.219258
43.801088,125.219258
43.801088,125.219258
43.801088,125.219258
43.801088,125.219258
43.801088,125.219258
43.801088,125.219258
43.801088,125.219258
43.801088,125.219258
43.801088,125.219258
43.801088,125.219258
43.801088,125.219258
43.801088,125.219258
43.801088,125.219258
43.801088,125.219258
43.801088,125.219258
43.801126,125.219231
43.801126,125.219231
43.801126,125.219231
43.801126,125.219231
43.801126,125.219231
43.801126,125.219231
43.801126,125.219231
43.801126,125.219231
43.801126,125.219231
43.801126,125.219231
43.801126,125.219231
43.801126,125.219231
43.801126,125.219231
43.801126,125.219231
43.801126,125.219231
43.801126,125.219231
43.801126,125.219231
43.801126,125.219231
43.801126,125.219231
43.801126,125.219231
43.801162,125.219201
43.801162,125.219201
43.801162,125.219201
43.801162,125.219201
43.801162,125.219201
43.801162,125.219201
43.801162,125.219201
43.801162,125.219201
43.801162,125.219201
43.801162,125.219201
43.801162,125.219201
43.801162,125.219201
43.801162,125.219201
43.801162,125.219201
43.801162,125.219201
43.801162,125.219201
43.801162,125.219201
43.801162,125.219201
43.801162,125.219201
43.801162,125.219201
43.801196,125.219168
43.801196,125.219168
43.801196,125.219168
43.801196,125.219168
43.801196,125.219168
43.801196,125.219168
43.801196,125.219168
43.801196,125.219168
43.801196,125.219168
43.801196,125.219168
43.801196,125.219168
43.801196,125.219168
43.801196,125.219168
43.801196,125.219168
43.801196,125.219168
43.801196,125.219168
43.801196,125.219168
43.801196,125.219168
43.801196,125.219168
43.801196,125.219168
43.80123,125.219134
43.80123,125.219134
43.80123,125.219134
43.80123,125.219134
43.80123,125.219134
43.80123,125.219134
43.80123,125.219134
43.80123,125.219134
43.80123,125.219134
43.80123,125.219134
43.80123,125.219134
43.80123,125.219134
43.80123,125.219134
43.80123,125.219134
43.80123,125.219134
43.80123,125.219134
43.80123,125.219134
43.80123,125.219134
43.80123,125.219134
43.80123,125.219134
43.801264,125.219101
43.801264,125.219101
43.801264,125.219101
43.801264,125.219101
43.801264,125.219101
43.801264,125.219101
43.801264,125.219101
43.801264,125.219101
43.801264,125.219101
43.801264,125.219101
43.801264,125.219101
43.801264,125.219101
43.801264,125.219101
43.801264,125.219101
43.801264,125.219101
43.801264,125.219101
43.801264,125.219101
43.801264,125.219101
43.801264,125.219101
43.801264,125.219101
43.801299,125.219069
43.801299,125.219069
43.801299,125.219069
43.801299,125.219069
43.801299,125.219069
43.801299,125.219069
43.801299,125.219069
43.801299,125.219069
43.801299,125.219069
43.801299,125.219069
43.801299,125.219069
43.801299,125.219069
43.801299,125.219069
43.801299,125.219069
43.801299,125.219069
43.801299,125.219069
43.801299,125.219069
43.801299,125.219069
43.801299,125.219069
43.801299,125.219069
43.801334,125.219039
43.801334,125.219039
43.801334,125.219039
43.801334,125.219039
43.801334,125.219039
43.801334,125.219039
43.801334,125.219039
43.801334,125.219039
43.801334,125.219039
43.801334,125.219039
43.801334,125.219039
43.801334,125.219039
43.801334,125.219039
43.801334,125.219039
43.801334,125.219039
43.801334,125.219039
43.801334,125.219039
43.801334,125.219039
43.801334,125.219039
43.801334,125.219039
43.80137,125.219008
43.80137,125.219008
43.80137,125.219008
43.80137,125.219008
43.80137,125.219008
43.80137,125.219008
43.80137,125.219008
43.80137,125.219008
43.80137,125.219008
43.80137,125.219008
43.80137,125.219008
43.80137,125.219008
43.80137,125.219008
43.80137,125.219008
43.80137,125.219008
43.80137,125.219008
43.80137,125.219008
43.80137,125.219008
43.80137,125.219008
43.80137,125.219008
43.801409,125.218971
43.801409,125.218971
43.801409,125.218971
43.801409,125.218971
43.801409,125.218971
43.801409,125.218971
43.801409,125.218971
43.801409,125.218971
43.801409,125.218971
43.801409,125.218971
43.801409,125.218971
43.801409,125.218971
43.801409,125.218971
43.801409,125.218971
43.801409,125.218971
43.801409,125.218971
43.801409,125.218971
43.801409,125.218971
43.801409,125.218971
43.801409,125.218971
43.80144,125.218938
43.80144,125.218938
43.80144,125.218938
43.80144,125.218938
43.80144,125.218938
43.80144,125.218938
43.80144,125.218938
43.80144,125.218938
43.80144,125.218938
43.80144,125.218938
43.80144,125.218938
43.80144,125.218938
43.80144,125.218938
43.80144,125.218938
43.80144,125.218938
43.80144,125.218938
43.80144,125.218938
43.80144,125.218938
43.80144,125.218938
43.80144,125.218938
43.801467,125.218911
43.801467,125.218911
43.801467,125.218911
43.801467,125.218911
43.801467,125.218911
43.801467,125.218911
43.801467,125.218911
43.801467,125.218911
43.801467,125.218911
43.801467,125.218911
43.801467,125.218911
43.801467,125.218911
43.801467,125.218911
43.801467,125.218911
43.801467,125.218911
43.801467,125.218911
43.801467,125.218911
43.801467,125.218911
43.801467,125.218911
43.801467,125.218911
43.8015,125.218877
43.8015,125.218877
43.8015,125.218877
43.8015,125.218877
43.8015,125.218877
43.8015,125.218877
43.8015,125.218877
43.8015,125.218877
43.8015,125.218877
43.8015,125.218877
43.8015,125.218877
43.8015,125.218877
43.8015,125.218877
43.8015,125.218877
43.8015,125.218877
43.8015,125.218877
43.8015,125.218877
43.8015,125.218877
43.8015,125.218877
43.8015,125.218877
43.80154,125.218834
43.80154,125.218834
43.80154,125.218834
43.80154,125.218834
43.80154,125.218834
43.80154,125.218834
43.80154,125.218834
43.80154,125.218834
43.80154,125.218834
43.80154,125.218834
43.80154,125.218834
43.80154,125.218834
43.80154,125.218834
43.80154,125.218834
43.80154,125.218834
43.80154,125.218834
43.80154,125.218834
43.80154,125.218834
43.80154,125.218834
43.80154,125.218834
43.801582,125.218791
43.801582,125.218791
43.801582,125.218791
43.801582,125.218791
43.801582,125.218791
43.801582,125.218791
43.801582,125.218791
43.801582,125.218791
43.801582,125.218791
43.801582,125.218791
43.801582,125.218791
43.801582,125.218791
43.801582,125.218791
43.801582,125.218791
43.801582,125.218791
43.801582,125.218791
43.801582,125.218791
43.801582,125.218791
43.801582,125.218791
43.801582,125.218791
43.801627,125.21875
43.801627,125.21875
43.801627,125.21875
43.801627,125.21875
43.801627,125.21875
43.801627,125.21875
43.801627,125.21875
43.801627,125.21875
43.801627,125.21875
43.801627,125.21875
43.801627,125.21875
43.801627,125.21875
43.801627,125.21875
43.801627,125.21875
43.801627,125.21875
43.801627,125.21875
43.801627,125.21875
43.801627,125.21875
43.801627,125.21875
43.801627,125.21875
43.801676,125.21871
43.801676,125.21871
43.801676,125.21871
43.801676,125.21871
43.801676,125.21871
43.801676,125.21871
43.801676,125.21871
43.801676,125.21871
43.801676,125.21871
43.801676,125.21871
43.801676,125.21871
43.801676,125.21871
43.801676,125.21871
43.801676,125.21871
43.801676,125.21871
43.801676,125.21871
43.801676,125.21871
43.801676,125.21871
43.801676,125.21871
43.801676,125.21871
43.801725,125.218675
43.801725,125.218675
43.801725,125.218675
43.801725,125.218675
43.801725,125.218675
43.801725,125.218675
43.801725,125.218675
43.801725,125.218675
43.801725,125.218675
43.801725,125.218675
43.801725,125.218675
43.801725,125.218675
43.801725,125.218675
43.801725,125.218675
43.801725,125.218675
43.801725,125.218675
43.801725,125.218675
43.801725,125.218675
43.801725,125.218675
43.801725,125.218675
43.801769,125.218647
43.801769,125.218647
43.801769,125.218647
43.801769,125.218647
43.801769,125.218647
43.801769,125.218647
43.801769,125.218647
43.801769,125.218647
43.801769,125.218647
43.801769,125.218647
43.801769,125.218647
43.801769,125.218647
43.801769,125.218647
43.801769,125.218647
43.801769,125.218647
43.801769,125.218647
43.801769,125.218647
43.801769,125.218647
43.801769,125.218647
43.801769,125.218647
43.801811,125.218624
43.801811,125.218624
43.801811,125.218624
43.801811,125.218624
43.801811,125.218624
43.801811,125.218624
43.801811,125.218624
43.801811,125.218624
43.801811,125.218624
43.801811,125.218624
43.801811,125.218624
43.801811,125.218624
43.801811,125.218624
43.801811,125.218624
43.801811,125.218624
43.801811,125.218624
43.801811,125.218624
43.801811,125.218624
43.801811,125.218624
43.801811,125.218624
43.801849,125.218603
43.801849,125.218603
43.801849,125.218603
43.801849,125.218603
43.801849,125.218603
43.801849,125.218603
43.801849,125.218603
43.801849,125.218603
43.801849,125.218603
43.801849,125.218603
43.801849,125.218603
43.801849,125.218603
43.801849,125.218603
43.801849,125.218603
43.801849,125.218603
43.801849,125.218603
43.801849,125.218603
43.801849,125.218603
43.801849,125.218603
43.801849,125.218603
43.801884,125.218584
43.801884,125.218584
43.801884,125.218584
43.801884,125.218584
43.801884,125.218584
43.801884,125.218584
43.801884,125.218584
43.801884,125.218584
43.801884,125.218584
43.801884,125.218584
43.801884,125.218584
43.801884,125.218584
43.801884,125.218584
43.801884,125.218584
43.801884,125.218584
43.801884,125.218584
43.801884,125.218584
43.801884,125.218584
43.801884,125.218584
43.801884,125.218584
43.801919,125.218565
43.801919,125.218565
43.801919,125.218565
43.801919,125.218565
43.801919,125.218565
43.801919,125.218565
43.801919,125.218565
43.801919,125.218565
43.801919,125.218565
43.801919,125.218565
43.801919,125.218565
43.801919,125.218565
43.801919,125.218565
43.801919,125.218565
43.801919,125.218565
43.801919,125.218565
43.801919,125.218565
43.801919,125.218565
43.801919,125.218565
43.801919,125.218565
43.801951,125.218547
43.801951,125.218547
43.801951,125.218547
43.801951,125.218547
43.801951,125.218547
43.801951,125.218547
43.801951,125.218547
43.801951,125.218547
43.801951,125.218547
43.801951,125.218547
43.801951,125.218547
43.801951,125.218547
43.801951,125.218547
43.801951,125.218547
43.801951,125.218547
43.801951,125.218547
43.801951,125.218547
43.801951,125.218547
43.801951,125.218547
43.801951,125.218547
43.801978,125.218532
43.801978,125.218532
43.801978,125.218532
43.801978,125.218532
43.801978,125.218532
43.801978,125.218532
43.801978,125.218532
43.801978,125.218532
43.801978,125.218532
43.801978,125.218532
43.801978,125.218532
43.801978,125.218532
43.801978,125.218532
43.801978,125.218532
43.801978,125.218532
43.801978,125.218532
43.801978,125.218532
43.801978,125.218532
43.801978,125.218532
43.801978,125.218532
43.801996,125.218518
43.801996,125.218518
43.801996,125.218518
43.801996,125.218518
43.801996,125.218518
43.801996,125.218518
43.801996,125.218518
43.801996,125.218518
43.801996,125.218518
43.801996,125.218518
43.801996,125.218518
43.801996,125.218518
43.801996,125.218518
43.801996,125.218518
43.801996,125.218518
43.801996,125.218518
43.801996,125.218518
43.801996,125.218518
43.801996,125.218518
43.801996,125.218518
43.802018,125.218503
43.802018,125.218503
43.802018,125.218503
43.802018,125.218503
43.802018,125.218503
43.802018,125.218503
43.802018,125.218503
43.802018,125.218503
43.802018,125.218503
43.802018,125.218503
43.802018,125.218503
43.802018,125.218503
43.802018,125.218503
43.802018,125.218503
43.802018,125.218503
43.802018,125.218503
43.802018,125.218503
43.802018,125.218503
43.802018,125.218503
43.802018,125.218503
43.80204,125.218484
43.80204,125.218484
43.80204,125.218484
43.80204,125.218484
43.80204,125.218484
43.80204,125.218484
43.80204,125.218484
43.80204,125.218484
43.80204,125.218484
43.80204,125.218484
43.80204,125.218484
43.80204,125.218484
43.80204,125.218484
43.80204,125.218484
43.80204,125.218484
43.80204,125.218484
43.80204,125.218484
43.80204,125.218484
43.80204,125.218484
43.80204,125.218484
43.802062,125.218462
43.802062,125.218462
43.802062,125.218462
43.802062,125.218462
43.802062,125.218462
43.802062,125.218462
43.802062,125.218462
43.802062,125.218462
43.802062,125.218462
43.802062,125.218462
43.802062,125.218462
43.802062,125.218462
43.802062,125.218462
43.802062,125.218462
43.802062,125.218462
43.802062,125.218462
43.802062,125.218462
43.802062,125.218462
43.802062,125.218462
43.802062,125.218462
43.802081,125.218438
43.802081,125.218438
43.802081,125.218438
43.802081,125.218438
43.802081,125.218438
43.802081,125.218438
43.802081,125.218438
43.802081,125.218438
43.802081,125.218438
43.802081,125.218438
43.802081,125.218438
43.802081,125.218438
43.802081,125.218438
43.802081,125.218438
43.802081,125.218438
43.802081,125.218438
43.802081,125.218438
43.802081,125.218438
43.802081,125.218438
43.802081,125.218438
43.802101,125.218411
43.802101,125.218411
43.802101,125.218411
43.802101,125.218411
43.802101,125.218411
43.802101,125.218411
43.802101,125.218411
43.802101,125.218411
43.802101,125.218411
43.802101,125.218411
43.802101,125.218411
43.802101,125.218411
43.802101,125.218411
43.802101,125.218411
43.802101,125.218411
43.802101,125.218411
43.802101,125.218411
43.802101,125.218411
43.802101,125.218411
43.802101,125.218411
43.802119,125.218388
43.802119,125.218388
43.802119,125.218388
43.802119,125.218388
43.802119,125.218388
43.802119,125.218388
43.802119,125.218388
43.802119,125.218388
43.802119,125.218388
43.802119,125.218388
43.802119,125.218388
43.802119,125.218388
43.802119,125.218388
43.802119,125.218388
43.802119,125.218388
43.802119,125.218388
43.802119,125.218388
43.802119,125.218388
43.802119,125.218388
43.802119,125.218388
43.802138,125.218362
43.802138,125.218362
43.802138,125.218362
43.802138,125.218362
43.802138,125.218362
43.802138,125.218362
43.802138,125.218362
43.802138,125.218362
43.802138,125.218362
43.802138,125.218362
43.802138,125.218362
43.802138,125.218362
43.802138,125.218362
43.802138,125.218362
43.802138,125.218362
43.802138,125.218362
43.802138,125.218362
43.802138,125.218362
43.802138,125.218362
43.802138,125.218362
43.802154,125.218341
43.802154,125.218341
43.802154,125.218341
43.802154,125.218341
43.802154,125.218341
43.802154,125.218341
43.802154,125.218341
43.802154,125.218341
43.802154,125.218341
43.802154,125.218341
43.802154,125.218341
43.802154,125.218341
43.802154,125.218341
43.802154,125.218341
43.802154,125.218341
43.802154,125.218341
43.802154,125.218341
43.802154,125.218341
43.802154,125.218341
43.802154,125.218341
43.802159,125.218335
43.802159,125.218335
43.802159,125.218335
43.802159,125.218335
43.802159,125.218335
43.802159,125.218335
43.802159,125.218335
43.802159,125.218335
43.802159,125.218335
43.802159,125.218335
43.802159,125.218335
43.802159,125.218335
43.802159,125.218335
43.802159,125.218335
43.802159,125.218335
43.802159,125.218335
43.802159,125.218335
43.802159,125.218335
43.802159,125.218335
43.802159,125.218335
43.802163,125.218332
43.802163,125.218332
43.802163,125.218332
43.802163,125.218332
43.802163,125.218332
43.802163,125.218332
43.802163,125.218332
43.802163,125.218332
43.802163,125.218332
43.802163,125.218332
43.802163,125.218332
43.802163,125.218332
43.802163,125.218332
43.802163,125.218332
43.802163,125.218332
43.802163,125.218332
43.802163,125.218332
43.802163,125.218332
43.802163,125.218332
43.802163,125.218332
43.802177,125.218322
43.802177,125.218322
43.802177,125.218322
43.802177,125.218322
43.802177,125.218322
43.802177,125.218322
43.802177,125.218322
43.802177,125.218322
43.802177,125.218322
43.802177,125.218322
43.802177,125.218322
43.802177,125.218322
43.802177,125.218322
43.802177,125.218322
43.802177,125.218322
43.802177,125.218322
43.802177,125.218322
43.802177,125.218322
43.802177,125.218322
43.802177,125.218322
43.8022,125.218311
43.8022,125.218311
43.8022,125.218311
43.8022,125.218311
43.8022,125.218311
43.8022,125.218311
43.8022,125.218311
43.8022,125.218311
43.8022,125.218311
43.8022,125.218311
43.8022,125.218311
43.8022,125.218311
43.8022,125.218311
43.8022,125.218311
43.8022,125.218311
43.8022,125.218311
43.8022,125.218311
43.8022,125.218311
43.8022,125.218311
43.8022,125.218311
43.802225,125.218302
43.802225,125.218302
43.802225,125.218302
43.802225,125.218302
43.802225,125.218302
43.802225,125.218302
43.802225,125.218302
43.802225,125.218302
43.802225,125.218302
43.802225,125.218302
43.802225,125.218302
43.802225,125.218302
43.802225,125.218302
43.802225,125.218302
43.802225,125.218302
43.802225,125.218302
43.802225,125.218302
43.802225,125.218302
43.802225,125.218302
43.802225,125.218302
43.802248,125.218296
43.802248,125.218296
43.802248,125.218296
43.802248,125.218296
43.802248,125.218296
43.802248,125.218296
43.802248,125.218296
43.802248,125.218296
43.802248,125.218296
43.802248,125.218296
43.802248,125.218296
43.802248,125.218296
43.802248,125.218296
43.802248,125.218296
43.802248,125.218296
43.802248,125.218296
43.802248,125.218296
43.802248,125.218296
43.802248,125.218296
43.802248,125.218296
43.802269,125.218292
43.802269,125.218292
43.802269,125.218292
43.802269,125.218292
43.802269,125.218292
43.802269,125.218292
43.802269,125.218292
43.802269,125.218292
43.802269,125.218292
43.802269,125.218292
43.802269,125.218292
43.802269,125.218292
43.802269,125.218292
43.802269,125.218292
43.802269,125.218292
43.802269,125.218292
43.802269,125.218292
43.802269,125.218292
43.802269,125.218292
43.802269,125.218292
43.802288,125.218294
43.802288,125.218294
43.802288,125.218294
43.802288,125.218294
43.802288,125.218294
43.802288,125.218294
43.802288,125.218294
43.802288,125.218294
43.802288,125.218294
43.802288,125.218294
43.802288,125.218294
43.802288,125.218294
43.802288,125.218294
43.802288,125.218294
43.802288,125.218294
43.802288,125.218294
43.802288,125.218294
43.802288,125.218294
43.802288,125.218294
43.802288,125.218294
43.802316,125.218305
43.802316,125.218305
43.802316,125.218305
43.802316,125.218305
43.802316,125.218305
43.802316,125.218305
43.802316,125.218305
43.802316,125.218305
43.802316,125.218305
43.802316,125.218305
43.802316,125.218305
43.802316,125.218305
43.802316,125.218305
43.802316,125.218305
43.802316,125.218305
43.802316,125.218305
43.802316,125.218305
43.802316,125.218305
43.802316,125.218305
43.802316,125.218305
43.802346,125.218338
43.802346,125.218338
43.802346,125.218338
43.802346,125.218338
43.802346,125.218338
43.802346,125.218338
43.802346,125.218338
43.802346,125.218338
43.802346,125.218338
43.802346,125.218338
43.802346,125.218338
43.802346,125.218338
43.802346,125.218338
43.802346,125.218338
43.802346,125.218338
43.802346,125.218338
43.802346,125.218338
43.802346,125.218338
43.802346,125.218338
43.802346,125.218338
43.802376,125.218389
43.802376,125.218389
43.802376,125.218389
43.802376,125.218389
43.802376,125.218389
43.802376,125.218389
43.802376,125.218389
43.802376,125.218389
43.802376,125.218389
43.802376,125.218389
43.802376,125.218389
43.802376,125.218389
43.802376,125.218389
43.802376,125.218389
43.802376,125.218389
43.802376,125.218389
43.802376,125.218389
43.802376,125.218389
43.802376,125.218389
43.802376,125.218389
43.802404,125.218445
43.802404,125.218445
43.802404,125.218445
43.802404,125.218445
43.802404,125.218445
43.802404,125.218445
43.802404,125.218445
43.802404,125.218445
43.802404,125.218445
43.802404,125.218445
43.802404,125.218445
43.802404,125.218445
43.802404,125.218445
43.802404,125.218445
43.802404,125.218445
43.802404,125.218445
43.802404,125.218445
43.802404,125.218445
43.802404,125.218445
43.802404,125.218445
43.802428,125.218495
43.802428,125.218495
43.802428,125.218495
43.802428,125.218495
43.802428,125.218495
43.802428,125.218495
43.802428,125.218495
43.802428,125.218495
43.802428,125.218495
43.802428,125.218495
43.802428,125.218495
43.802428,125.218495
43.802428,125.218495
43.802428,125.218495
43.802428,125.218495
43.802428,125.218495
43.802428,125.218495
43.802428,125.218495
43.802428,125.218495
43.802428,125.218495
43.802446,125.218537
43.802446,125.218537
43.802446,125.218537
43.802446,125.218537
43.802446,125.218537
43.802446,125.218537
43.802446,125.218537
43.802446,125.218537
43.802446,125.218537
43.802446,125.218537
43.802446,125.218537
43.802446,125.218537
43.802446,125.218537
43.802446,125.218537
43.802446,125.218537
43.802446,125.218537
43.802446,125.218537
43.802446,125.218537
43.802446,125.218537
43.802446,125.218537
43.80246,125.21857
43.80246,125.21857
43.80246,125.21857
43.80246,125.21857
43.80246,125.21857
43.80246,125.21857
43.80246,125.21857
43.80246,125.21857
43.80246,125.21857
43.80246,125.21857
43.80246,125.21857
43.80246,125.21857
43.80246,125.21857
43.80246,125.21857
43.80246,125.21857
43.80246,125.21857
43.80246,125.21857
43.80246,125.21857
43.80246,125.21857
43.80246,125.21857
43.802472,125.218595
43.802472,125.218595
43.802472,125.218595
43.802472,125.218595
43.802472,125.218595
43.802472,125.218595
43.802472,125.218595
43.802472,125.218595
43.802472,125.218595
43.802472,125.218595
43.802472,125.218595
43.802472,125.218595
43.802472,125.218595
43.802472,125.218595
43.802472,125.218595
43.802472,125.218595
43.802472,125.218595
43.802472,125.218595
43.802472,125.218595
43.802472,125.218595
43.802481,125.218613
43.802481,125.218613
43.802481,125.218613
43.802481,125.218613
43.802481,125.218613
43.802481,125.218613
43.802481,125.218613
43.802481,125.218613
43.802481,125.218613
43.802481,125.218613
43.802481,125.218613
43.802481,125.218613
43.802481,125.218613
43.802481,125.218613
43.802481,125.218613
43.802481,125.218613
43.802481,125.218613
43.802481,125.218613
43.802481,125.218613
43.802481,125.218613
43.802486,125.218625
43.802486,125.218625
43.802486,125.218625
43.802486,125.218625
43.802486,125.218625
43.802486,125.218625
43.802486,125.218625
43.802486,125.218625
43.802486,125.218625
43.802486,125.218625
43.802486,125.218625
43.802486,125.218625
43.802486,125.218625
43.802486,125.218625
43.802486,125.218625
43.802486,125.218625
43.802486,125.218625
43.802486,125.218625
43.802486,125.218625
43.802486,125.218625
43.802489,125.218632
43.802489,125.218632
43.802489,125.218632
43.802489,125.218632
43.802489,125.218632
43.802489,125.218632
43.802489,125.218632
43.802489,125.218632
43.802489,125.218632
43.802489,125.218632
43.802489,125.218632
43.802489,125.218632
43.802489,125.218632
43.802489,125.218632
43.802489,125.218632
43.802489,125.218632
43.802489,125.218632
43.802489,125.218632
43.802489,125.218632
43.802489,125.218632
43.80249,125.218635
43.80249,125.218635
43.80249,125.218635
43.80249,125.218635
43.80249,125.218635
43.80249,125.218635
43.80249,125.218635
43.80249,125.218635
43.80249,125.218635
43.80249,125.218635
43.80249,125.218635
43.80249,125.218635
43.80249,125.218635
43.80249,125.218635
43.80249,125.218635
43.80249,125.218635
43.80249,125.218635
43.80249,125.218635
43.80249,125.218635
43.80249,125.218634
43.80249,125.218634
43.80249,125.218634
43.80249,125.218634
43.80249,125.218634
43.80249,125.218634
43.80249,125.218634
43.80249,125.218634
43.80249,125.218634
43.80249,125.218634
43.80249,125.218634
43.80249,125.218634
43.80249,125.218634
43.80249,125.218634
43.80249,125.218634
43.80249,125.218634
43.80249,125.218634
43.80249,125.218634
43.80249,125.218634
43.80249,125.218634
43.80249,125.218634
43.80249,125.218634
43.80249,125.218634
43.80249,125.218634
43.80249,125.218634
43.80249,125.218634
43.80249,125.218634
43.80249,125.218634
43.80249,125.218634
43.80249,125.218634
43.80249,125.218634
43.80249,125.218634
43.80249,125.218634
43.80249,125.218634
43.80249,125.218634
43.80249,125.218634
43.80249,125.218634
43.80249,125.218634
43.80249,125.218634
43.80249,125.218634
43.80249,125.218634
43.80249,125.218634
43.80249,125.218634
43.80249,125.218634
43.80249,125.218634
43.80249,125.218634
43.80249,125.218634
43.80249,125.218634
43.80249,125.218634
43.80249,125.218634
43.80249,125.218634
43.80249,125.218634
43.80249,125.218634
43.80249,125.218634
43.80249,125.218634
43.80249,125.218634
43.80249,125.218634
43.80249,125.218634
43.80249,125.218634
43.80249,125.218634
43.80249,125.218634
43.80249,125.218634
43.80249,125.218634
43.80249,125.218634
43.80249,125.218634
43.80249,125.218634
43.80249,125.218634
43.80249,125.218634
43.80249,125.218634
43.80249,125.218634
43.80249,125.218634
43.80249,125.218634
43.80249,125.218634
43.80249,125.218634
43.80249,125.218634
43.80249,125.218634
43.80249,125.218634
43.80249,125.218634
43.80249,125.218634
43.80249,125.218634
43.80249,125.218634
43.80249,125.218634
43.80249,125.218634
43.80249,125.218634
43.80249,125.218634
43.80249,125.218634
43.80249,125.218634
43.80249,125.218634
43.80249,125.218634
43.80249,125.218634
43.80249,125.218634
43.80249,125.218634
43.80249,125.218634
43.80249,125.218634
43.80249,125.218634
43.80249,125.218634
43.80249,125.218634
43.80249,125.218634
43.80249,125.218634
43.80249,125.218634
43.80249,125.218634
43.80249,125.218634
43.80249,125.218634
43.80249,125.218634
43.80249,125.218634
43.80249,125.218634
43.80249,125.218634
43.80249,125.218634
43.80249,125.218634
43.80249,125.218634
43.80249,125.218634
43.80249,125.218634
43.80249,125.218634
43.80249,125.218634
43.80249,125.218634
43.80249,125.218634
43.80249,125.218634
43.80249,125.218634
43.80249,125.218634
43.80249,125.218634
43.80249,125.218634
43.80249,125.218634
43.80249,125.218634
43.80249,125.218634
43.80249,125.218634
43.80249,125.218634
43.80249,125.218634
43.80249,125.218634
43.80249,125.218634
43.80249,125.218634
43.80249,125.218634
43.80249,125.218634
43.80249,125.218634
43.80249,125.218634
43.80249,125.218634
43.80249,125.218634
43.80249,125.218634
43.80249,125.218634
43.80249,125.218634
43.80249,125.218634
43.80249,125.218634
43.80249,125.218634
43.80249,125.218634
43.80249,125.218634
43.80249,125.218634
43.80249,125.218634
43.80249,125.218634
43.80249,125.218634
43.80249,125.218634
43.80249,125.218634
43.80249,125.218634
43.80249,125.218634
43.80249,125.218634
43.80249,125.218634
43.80249,125.218634
43.80249,125.218634
43.80249,125.218634
43.80249,125.218634
43.80249,125.218634
43.80249,125.218634
43.80249,125.218634
43.80249,125.218634
43.80249,125.218634
43.80249,125.218634
43.80249,125.218634
43.80249,125.218634
43.80249,125.218634
43.80249,125.218634
43.80249,125.218634
43.80249,125.218634
43.80249,125.218634
43.80249,125.218634
43.80249,125.218634
43.80249,125.218634
43.80249,125.218634
43.80249,125.218634
43.80249,125.218634
43.80249,125.218634
43.80249,125.218634
43.80249,125.218634
43.80249,125.218634
43.80249,125.218634
43.80249,125.218634
43.80249,125.218634
43.80249,125.218634
43.80249,125.218634
43.80249,125.218634
43.80249,125.218634
43.80249,125.218634
43.80249,125.218634
43.80249,125.218634
43.80249,125.218634
43.80249,125.218634
43.80249,125.218634
43.80249,125.218634
43.80249,125.218634
43.80249,125.218634
43.80249,125.218634
43.80249,125.218634
43.80249,125.218634
43.80249,125.218634
43.80249,125.218634
43.80249,125.218634
43.80249,125.218634
43.80249,125.218634
43.80249,125.218634
43.80249,125.218634
43.80249,125.218634
43.80249,125.218634
43.80249,125.218634
43.80249,125.218634
43.80249,125.218634
43.80249,125.218634
43.80249,125.218634
43.80249,125.218634
43.80249,125.218634
43.80249,125.218634
43.80249,125.218634
43.80249,125.218634
43.80249,125.218634
43.80249,125.218634
43.80249,125.218634
43.80249,125.218634
43.80249,125.218634
43.80249,125.218634
43.80249,125.218634
43.80249,125.218634
43.80249,125.218634
43.80249,125.218634
43.80249,125.218634
43.80249,125.218634
43.80249,125.218634
43.80249,125.218634
43.80249,125.218634
43.80249,125.218634
43.80249,125.218634
43.80249,125.218634
43.80249,125.218634
43.80249,125.218634
43.80249,125.218634
43.80249,125.218634
43.80249,125.218634
43.80249,125.218634
43.80249,125.218634
43.80249,125.218634
43.80249,125.218634
43.80249,125.218634
43.80249,125.218634
43.80249,125.218634
43.80249,125.218634
43.80249,125.218634
43.80249,125.218634
43.80249,125.218634
43.80249,125.218634
43.80249,125.218634
43.80249,125.218634
43.80249,125.218634
43.80249,125.218634
43.80249,125.218634
43.80249,125.218634
43.80249,125.218634
43.80249,125.218634
43.80249,125.218634
43.80249,125.218634
43.80249,125.218634
43.80249,125.218634
43.80249,125.218634
43.80249,125.218634
43.80249,125.218634
43.80249,125.218634
43.80249,125.218634
43.80249,125.218634
43.80249,125.218634
43.80249,125.218634
43.80249,125.218634
43.80249,125.218634
43.80249,125.218634
43.80249,125.218634
43.80249,125.218634
43.80249,125.218634
43.80249,125.218634
43.80249,125.218634
43.80249,125.218634
43.80249,125.218634
43.80249,125.218634
43.80249,125.218634
43.80249,125.218634
43.80249,125.218634
43.80249,125.218634
43.80249,125.218634
43.80249,125.218634
43.80249,125.218634
43.80249,125.218634
43.80249,125.218634
43.80249,125.218634
43.80249,125.218634
43.80249,125.218634
43.80249,125.218634
43.80249,125.218634
43.80249,125.218634
43.80249,125.218634
43.80249,125.218634
43.80249,125.218634
43.80249,125.218634
43.80249,125.218634
43.80249,125.218634
43.80249,125.218634
43.80249,125.218634
43.80249,125.218634
43.80249,125.218634
43.80249,125.218634
43.80249,125.218634
43.80249,125.218634
43.80249,125.218634
43.80249,125.218634
43.80249,125.218634
43.80249,125.218634
43.80249,125.218634
43.80249,125.218634
43.80249,125.218634
43.80249,125.218634
43.80249,125.218634
43.80249,125.218634
43.80249,125.218634
43.80249,125.218634
43.80249,125.218634
43.80249,125.218634
43.80249,125.218634
43.80249,125.218634
43.80249,125.218634
43.80249,125.218634
43.80249,125.218634
43.80249,125.218634
43.80249,125.218634
43.80249,125.218634
43.80249,125.218634
43.80249,125.218634
43.80249,125.218634
43.80249,125.218634
43.80249,125.218634
43.80249,125.218634
43.80249,125.218634
43.80249,125.218634
43.80249,125.218634
43.80249,125.218634
43.80249,125.218634
43.80249,125.218634
43.80249,125.218634
43.80249,125.218634
43.80249,125.218634
43.80249,125.218634
43.80249,125.218634
43.80249,125.218634
43.80249,125.218634
43.80249,125.218634
43.80249,125.218634
43.80249,125.218634
43.80249,125.218634
43.80249,125.218634
43.80249,125.218634
43.80249,125.218634
43.80249,125.218634
43.80249,125.218634
43.80249,125.218634
43.80249,125.218634
43.80249,125.218634
43.80249,125.218634
43.80249,125.218634
43.80249,125.218634
43.80249,125.218634
43.80249,125.218634
43.80249,125.218634
43.80249,125.218634
43.80249,125.218634
43.80249,125.218634
43.80249,125.218634
43.80249,125.218634
43.80249,125.218634
43.80249,125.218634
43.80249,125.218634
43.80249,125.218634
43.80249,125.218634
43.80249,125.218634
43.80249,125.218634
43.80249,125.218634
43.80249,125.218634
43.80249,125.218634
43.80249,125.218634
43.80249,125.218634
43.80249,125.218634
43.80249,125.218634
43.80249,125.218634
43.80249,125.218634
43.80249,125.218634
43.80249,125.218634
43.80249,125.218634
43.80249,125.218634
43.80249,125.218634
43.80249,125.218634
43.80249,125.218634
43.80249,125.218634
43.80249,125.218634
43.80249,125.218634
43.80249,125.218634
43.80249,125.218634
43.80249,125.218634
43.80249,125.218634
43.80249,125.218634
43.80249,125.218634
43.80249,125.218634
43.80249,125.218634
43.80249,125.218634
43.80249,125.218634
43.80249,125.218634
43.80249,125.218634
43.80249,125.218634
43.80249,125.218634
43.80249,125.218634
43.80249,125.218634
43.80249,125.218634
43.80249,125.218634
43.80249,125.218634
43.80249,125.218634
43.80249,125.218634
43.80249,125.218634
43.80249,125.218634
43.80249,125.218634
43.80249,125.218634
43.80249,125.218634
43.80249,125.218634
43.80249,125.218634
43.80249,125.218634
43.80249,125.218634
43.80249,125.218634
43.80249,125.218634
43.80249,125.218634
43.80249,125.218634
43.80249,125.218634
43.80249,125.218634
43.80249,125.218634
43.80249,125.218634
43.80249,125.218634
43.80249,125.218634
43.80249,125.218634
43.80249,125.218634
43.80249,125.218634
43.80249,125.218634
43.80249,125.218634
43.80249,125.218634
43.80249,125.218634
43.80249,125.218634
43.80249,125.218634
43.80249,125.218634
43.80249,125.218634
43.80249,125.218634
43.80249,125.218634
43.80249,125.218634
43.80249,125.218634
43.80249,125.218634
43.80249,125.218634
43.80249,125.218634
43.80249,125.218634
43.80249,125.218634
43.80249,125.218634
43.80249,125.218634
43.80249,125.218634
43.80249,125.218634
43.80249,125.218634
43.80249,125.218634
43.80249,125.218634
43.80249,125.218634
43.80249,125.218634
43.80249,125.218634
43.80249,125.218634
43.80249,125.218634
43.80249,125.218634
43.80249,125.218634
43.80249,125.218634
43.80249,125.218634
43.80249,125.218634
43.80249,125.218634
43.80249,125.218634
43.80249,125.218634
43.80249,125.218634
43.80249,125.218634
43.80249,125.218634
43.80249,125.218634
43.80249,125.218634
43.80249,125.218634
43.80249,125.218634
43.80249,125.218634
43.80249,125.218634
43.80249,125.218634
43.80249,125.218634
43.80249,125.218634
43.80249,125.218634
43.80249,125.218634
43.80249,125.218634
43.80249,125.218634
43.80249,125.218634
43.80249,125.218634
43.80249,125.218634
43.80249,125.218634
43.80249,125.218634
43.80249,125.218634
43.80249,125.218634
43.80249,125.218634
43.80249,125.218634
43.80249,125.218634
43.80249,125.218634
43.80249,125.218634
43.80249,125.218634
43.80249,125.218634
43.80249,125.218634
43.80249,125.218634
43.80249,125.218634
43.80249,125.218634
43.80249,125.218634
43.80249,125.218634
43.80249,125.218634
43.80249,125.218634
43.80249,125.218634
43.80249,125.218634
43.80249,125.218634
43.80249,125.218634
43.80249,125.218634
43.80249,125.218634
43.80249,125.218634
43.80249,125.218634
43.80249,125.218634
43.80249,125.218634
43.80249,125.218634
43.80249,125.218634
43.80249,125.218634
43.80249,125.218634
43.80249,125.218634
43.80249,125.218634
43.80249,125.218634
43.80249,125.218634
43.80249,125.218634
43.80249,125.218634
43.80249,125.218634
43.80249,125.218634
43.80249,125.218634
43.80249,125.218634
43.80249,125.218634
43.80249,125.218634
43.80249,125.218634
43.802492,125.218636
43.802492,125.218636
43.802492,125.218636
43.802492,125.218636
43.802492,125.218636
43.802492,125.218636
43.802492,125.218636
43.802492,125.218636
43.802492,125.218636
43.802492,125.218636
43.802492,125.218636
43.802492,125.218636
43.802492,125.218636
43.802492,125.218636
43.802492,125.218636
43.802492,125.218636
43.802492,125.218636
43.802492,125.218636
43.802492,125.218636
43.802492,125.218636
43.802498,125.218646
43.802498,125.218646
43.802498,125.218646
43.802498,125.218646
43.802498,125.218646
43.802498,125.218646
43.802498,125.218646
43.802498,125.218646
43.802498,125.218646
43.802498,125.218646
43.802498,125.218646
43.802498,125.218646
43.802498,125.218646
43.802498,125.218646
43.802498,125.218646
43.802498,125.218646
43.802498,125.218646
43.802498,125.218646
43.802498,125.218646
43.802498,125.218646
43.802524,125.218678
43.802524,125.218678
43.802524,125.218678
43.802524,125.218678
43.802524,125.218678
43.802524,125.218678
43.802524,125.218678
43.802524,125.218678
43.802524,125.218678
43.802524,125.218678
43.802524,125.218678
43.802524,125.218678
43.802524,125.218678
43.802524,125.218678
43.802524,125.218678
43.802524,125.218678
43.802524,125.218678
43.802524,125.218678
43.802524,125.218678
43.802524,125.218678
43.802566,125.218728
43.802566,125.218728
43.802566,125.218728
43.802566,125.218728
43.802566,125.218728
43.802566,125.218728
43.802566,125.218728
43.802566,125.218728
43.802566,125.218728
43.802566,125.218728
43.802566,125.218728
43.802566,125.218728
43.802566,125.218728
43.802566,125.218728
43.802566,125.218728
43.802566,125.218728
43.802566,125.218728
43.802566,125.218728
43.802566,125.218728
43.802566,125.218728
43.802617,125.218793
43.802617,125.218793
43.802617,125.218793
43.802617,125.218793
43.802617,125.218793
43.802617,125.218793
43.802617,125.218793
43.802617,125.218793
43.802617,125.218793
43.802617,125.218793
43.802617,125.218793
43.802617,125.218793
43.802617,125.218793
43.802617,125.218793
43.802617,125.218793
43.802617,125.218793
43.802617,125.218793
43.802617,125.218793
43.802617,125.218793
43.802617,125.218793
43.802669,125.218879
43.802669,125.218879
43.802669,125.218879
43.802669,125.218879
43.802669,125.218879
43.802669,125.218879
43.802669,125.218879
43.802669,125.218879
43.802669,125.218879
43.802669,125.218879
43.802669,125.218879
43.802669,125.218879
43.802669,125.218879
43.802669,125.218879
43.802669,125.218879
43.802669,125.218879
43.802669,125.218879
43.802669,125.218879
43.802669,125.218879
43.802669,125.218879
43.802719,125.218975
43.802719,125.218975
43.802719,125.218975
43.802719,125.218975
43.802719,125.218975
43.802719,125.218975
43.802719,125.218975
43.802719,125.218975
43.802719,125.218975
43.802719,125.218975
43.802719,125.218975
43.802719,125.218975
43.802719,125.218975
43.802719,125.218975
43.802719,125.218975
43.802719,125.218975
43.802719,125.218975
43.802719,125.218975
43.802719,125.218975
43.802719,125.218975
43.802769,125.219075
43.802769,125.219075
43.802769,125.219075
43.802769,125.219075
43.802769,125.219075
43.802769,125.219075
43.802769,125.219075
43.802769,125.219075
43.802769,125.219075
43.802769,125.219075
43.802769,125.219075
43.802769,125.219075
43.802769,125.219075
43.802769,125.219075
43.802769,125.219075
43.802769,125.219075
43.802769,125.219075
43.802769,125.219075
43.802769,125.219075
43.802769,125.219075
43.802818,125.219174
43.802818,125.219174
43.802818,125.219174
43.802818,125.219174
43.802818,125.219174
43.802818,125.219174
43.802818,125.219174
43.802818,125.219174
43.802818,125.219174
43.802818,125.219174
43.802818,125.219174
43.802818,125.219174
43.802818,125.219174
43.802818,125.219174
43.802818,125.219174
43.802818,125.219174
43.802818,125.219174
43.802818,125.219174
43.802818,125.219174
43.802818,125.219174
43.802865,125.219266
43.802865,125.219266
43.802865,125.219266
43.802865,125.219266
43.802865,125.219266
43.802865,125.219266
43.802865,125.219266
43.802865,125.219266
43.802865,125.219266
43.802865,125.219266
43.802865,125.219266
43.802865,125.219266
43.802865,125.219266
43.802865,125.219266
43.802865,125.219266
43.802865,125.219266
43.802865,125.219266
43.802865,125.219266
43.802865,125.219266
43.802865,125.219266
43.802913,125.219365
43.802913,125.219365
43.802913,125.219365
43.802913,125.219365
43.802913,125.219365
43.802913,125.219365
43.802913,125.219365
43.802913,125.219365
43.802913,125.219365
43.802913,125.219365
43.802913,125.219365
43.802913,125.219365
43.802913,125.219365
43.802913,125.219365
43.802913,125.219365
43.802913,125.219365
43.802913,125.219365
43.802913,125.219365
43.802913,125.219365
43.802913,125.219365
43.802953,125.219451
43.802953,125.219451
43.802953,125.219451
43.802953,125.219451
43.802953,125.219451
43.802953,125.219451
43.802953,125.219451
43.802953,125.219451
43.802953,125.219451
43.802953,125.219451
43.802953,125.219451
43.802953,125.219451
43.802953,125.219451
43.802953,125.219451
43.802953,125.219451
43.802953,125.219451
43.802953,125.219451
43.802953,125.219451
43.802953,125.219451
43.802953,125.219451
43.802985,125.219516
43.802985,125.219516
43.802985,125.219516
43.802985,125.219516
43.802985,125.219516
43.802985,125.219516
43.802985,125.219516
43.802985,125.219516
43.802985,125.219516
43.802985,125.219516
43.802985,125.219516
43.802985,125.219516
43.802985,125.219516
43.802985,125.219516
43.802985,125.219516
43.802985,125.219516
43.802985,125.219516
43.802985,125.219516
43.802985,125.219516
43.802985,125.219516
43.803011,125.219567
43.803011,125.219567
43.803011,125.219567
43.803011,125.219567
43.803011,125.219567
43.803011,125.219567
43.803011,125.219567
43.803011,125.219567
43.803011,125.219567
43.803011,125.219567
43.803011,125.219567
43.803011,125.219567
43.803011,125.219567
43.803011,125.219567
43.803011,125.219567
43.803011,125.219567
43.803011,125.219567
43.803011,125.219567
43.803011,125.219567
43.803011,125.219567
43.803028,125.219595
43.803028,125.219595
43.803028,125.219595
43.803028,125.219595
43.803028,125.219595
43.803028,125.219595
43.803028,125.219595
43.803028,125.219595
43.803028,125.219595
43.803028,125.219595
43.803028,125.219595
43.803028,125.219595
43.803028,125.219595
43.803028,125.219595
43.803028,125.219595
43.803028,125.219595
43.803028,125.219595
43.803028,125.219595
43.803028,125.219595
43.803028,125.219595
43.803045,125.219618
43.803045,125.219618
43.803045,125.219618
43.803045,125.219618
43.803045,125.219618
43.803045,125.219618
43.803045,125.219618
43.803045,125.219618
43.803045,125.219618
43.803045,125.219618
43.803045,125.219618
43.803045,125.219618
43.803045,125.219618
43.803045,125.219618
43.803045,125.219618
43.803045,125.219618
43.803045,125.219618
43.803045,125.219618
43.803045,125.219618
43.803045,125.219618
43.803061,125.219627
43.803061,125.219627
43.803061,125.219627
43.803061,125.219627
43.803061,125.219627
43.803061,125.219627
43.803061,125.219627
43.803061,125.219627
43.803061,125.219627
43.803061,125.219627
43.803061,125.219627
43.803061,125.219627
43.803061,125.219627
43.803061,125.219627
43.803061,125.219627
43.803061,125.219627
43.803061,125.219627
43.803061,125.219627
43.803061,125.219627
43.803061,125.219627
43.803075,125.219626
43.803075,125.219626
43.803075,125.219626
43.803075,125.219626
43.803075,125.219626
43.803075,125.219626
43.803075,125.219626
43.803075,125.219626
43.803075,125.219626
43.803075,125.219626
43.803075,125.219626
43.803075,125.219626
43.803075,125.219626
43.803075,125.219626
43.803075,125.219626
43.803075,125.219626
43.803075,125.219626
43.803075,125.219626
43.803075,125.219626
43.803075,125.219626
43.803095,125.219615
43.803095,125.219615
43.803095,125.219615
43.803095,125.219615
43.803095,125.219615
43.803095,125.219615
43.803095,125.219615
43.803095,125.219615
43.803095,125.219615
43.803095,125.219615
43.803095,125.219615
43.803095,125.219615
43.803095,125.219615
43.803095,125.219615
43.803095,125.219615
43.803095,125.219615
43.803095,125.219615
43.803095,125.219615
43.803095,125.219615
43.803095,125.219615
43.803112,125.219585
43.803112,125.219585
43.803112,125.219585
43.803112,125.219585
43.803112,125.219585
43.803112,125.219585
43.803112,125.219585
43.803112,125.219585
43.803112,125.219585
43.803112,125.219585
43.803112,125.219585
43.803112,125.219585
43.803112,125.219585
43.803112,125.219585
43.803112,125.219585
43.803112,125.219585
43.803112,125.219585
43.803112,125.219585
43.803112,125.219585
43.803112,125.219585
43.803113,125.219537
43.803113,125.219537
43.803113,125.219537
43.803113,125.219537
43.803113,125.219537
43.803113,125.219537
43.803113,125.219537
43.803113,125.219537
43.803113,125.219537
43.803113,125.219537
43.803113,125.219537
43.803113,125.219537
43.803113,125.219537
43.803113,125.219537
43.803113,125.219537
43.803113,125.219537
43.803113,125.219537
43.803113,125.219537
43.803113,125.219537
43.803113,125.219537
43.803087,125.219471
43.803087,125.219471
43.803087,125.219471
43.803087,125.219471
43.803087,125.219471
43.803087,125.219471
43.803087,125.219471
43.803087,125.219471
43.803087,125.219471
43.803087,125.219471
43.803087,125.219471
43.803087,125.219471
43.803087,125.219471
43.803087,125.219471
43.803087,125.219471
43.803087,125.219471
43.803087,125.219471
43.803087,125.219471
43.803087,125.219471
43.803087,125.219471
43.803054,125.219401
43.803054,125.219401
43.803054,125.219401
43.803054,125.219401
43.803054,125.219401
43.803054,125.219401
43.803054,125.219401
43.803054,125.219401
43.803054,125.219401
43.803054,125.219401
43.803054,125.219401
43.803054,125.219401
43.803054,125.219401
43.803054,125.219401
43.803054,125.219401
43.803054,125.219401
43.803054,125.219401
43.803054,125.219401
43.803054,125.219401
43.803054,125.219401
43.803021,125.219315
43.803021,125.219315
43.803021,125.219315
43.803021,125.219315
43.803021,125.219315
43.803021,125.219315
43.803021,125.219315
43.803021,125.219315
43.803021,125.219315
43.803021,125.219315
43.803021,125.219315
43.803021,125.219315
43.803021,125.219315
43.803021,125.219315
43.803021,125.219315
43.803021,125.219315
43.803021,125.219315
43.803021,125.219315
43.803021,125.219315
43.803021,125.219315
43.802982,125.219218
43.802982,125.219218
43.802982,125.219218
43.802982,125.219218
43.802982,125.219218
43.802982,125.219218
43.802982,125.219218
43.802982,125.219218
43.802982,125.219218
43.802982,125.219218
43.802982,125.219218
43.802982,125.219218
43.802982,125.219218
43.802982,125.219218
43.802982,125.219218
43.802982,125.219218
43.802982,125.219218
43.802982,125.219218
43.802982,125.219218
43.802982,125.219218
43.802947,125.219138
43.802947,125.219138
43.802947,125.219138
43.802947,125.219138
43.802947,125.219138
43.802947,125.219138
43.802947,125.219138
43.802947,125.219138
43.802947,125.219138
43.802947,125.219138
43.802947,125.219138
43.802947,125.219138
43.802947,125.219138
43.802947,125.219138
43.802947,125.219138
43.802947,125.219138
43.802947,125.219138
43.802947,125.219138
43.802947,125.219138
43.802947,125.219138
43.80291,125.219059
43.80291,125.219059
43.80291,125.219059
43.80291,125.219059
43.80291,125.219059
43.80291,125.219059
43.80291,125.219059
43.80291,125.219059
43.80291,125.219059
43.80291,125.219059
43.80291,125.219059
43.80291,125.219059
43.80291,125.219059
43.80291,125.219059
43.80291,125.219059
43.80291,125.219059
43.80291,125.219059
43.80291,125.219059
43.80291,125.219059
43.80291,125.219059
43.802873,125.218981
43.802873,125.218981
43.802873,125.218981
43.802873,125.218981
43.802873,125.218981
43.802873,125.218981
43.802873,125.218981
43.802873,125.218981
43.802873,125.218981
43.802873,125.218981
43.802873,125.218981
43.802873,125.218981
43.802873,125.218981
43.802873,125.218981
43.802873,125.218981
43.802873,125.218981
43.802873,125.218981
43.802873,125.218981
43.802873,125.218981
43.802873,125.218981
43.802829,125.218894
43.802829,125.218894
43.802829,125.218894
43.802829,125.218894
43.802829,125.218894
43.802829,125.218894
43.802829,125.218894
43.802829,125.218894
43.802829,125.218894
43.802829,125.218894
43.802829,125.218894
43.802829,125.218894
43.802829,125.218894
43.802829,125.218894
43.802829,125.218894
43.802829,125.218894
43.802829,125.218894
43.802829,125.218894
43.802829,125.218894
43.802829,125.218894
43.802774,125.218797
43.802774,125.218797
43.802774,125.218797
43.802774,125.218797
43.802774,125.218797
43.802774,125.218797
43.802774,125.218797
43.802774,125.218797
43.802774,125.218797
43.802774,125.218797
43.802774,125.218797
43.802774,125.218797
43.802774,125.218797
43.802774,125.218797
43.802774,125.218797
43.802774,125.218797
43.802774,125.218797
43.802774,125.218797
43.802774,125.218797
43.802774,125.218797
43.802716,125.218698
43.802716,125.218698
43.802716,125.218698
43.802716,125.218698
43.802716,125.218698
43.802716,125.218698
43.802716,125.218698
43.802716,125.218698
43.802716,125.218698
43.802716,125.218698
43.802716,125.218698
43.802716,125.218698
43.802716,125.218698
43.802716,125.218698
43.802716,125.218698
43.802716,125.218698
43.802716,125.218698
43.802716,125.218698
43.802716,125.218698
43.802716,125.218698
43.802663,125.218602
43.802663,125.218602
43.802663,125.218602
43.802663,125.218602
43.802663,125.218602
43.802663,125.218602
43.802663,125.218602
43.802663,125.218602
43.802663,125.218602
43.802663,125.218602
43.802663,125.218602
43.802663,125.218602
43.802663,125.218602
43.802663,125.218602
43.802663,125.218602
43.802663,125.218602
43.802663,125.218602
43.802663,125.218602
43.802663,125.218602
43.802663,125.218602
43.802611,125.218507
43.802611,125.218507
43.802611,125.218507
43.802611,125.218507
43.802611,125.218507
43.802611,125.218507
43.802611,125.218507
43.802611,125.218507
43.802611,125.218507
43.802611,125.218507
43.802611,125.218507
43.802611,125.218507
43.802611,125.218507
43.802611,125.218507
43.802611,125.218507
43.802611,125.218507
43.802611,125.218507
43.802611,125.218507
43.802611,125.218507
43.802611,125.218507
43.802556,125.218414
43.802556,125.218414
43.802556,125.218414
43.802556,125.218414
43.802556,125.218414
43.802556,125.218414
43.802556,125.218414
43.802556,125.218414
43.802556,125.218414
43.802556,125.218414
43.802556,125.218414
43.802556,125.218414
43.802556,125.218414
43.802556,125.218414
43.802556,125.218414
43.802556,125.218414
43.802556,125.218414
43.802556,125.218414
43.802556,125.218414
43.802556,125.218414
43.8025,125.218312
43.8025,125.218312
43.8025,125.218312
43.8025,125.218312
43.8025,125.218312
43.8025,125.218312
43.8025,125.218312
43.8025,125.218312
43.8025,125.218312
43.8025,125.218312
43.8025,125.218312
43.8025,125.218312
43.8025,125.218312
43.8025,125.218312
43.8025,125.218312
43.8025,125.218312
43.8025,125.218312
43.8025,125.218312
43.8025,125.218312
43.8025,125.218312
43.802444,125.218183
43.802444,125.218183
43.802444,125.218183
43.802444,125.218183
43.802444,125.218183
43.802444,125.218183
43.802444,125.218183
43.802444,125.218183
43.802444,125.218183
43.802444,125.218183
43.802444,125.218183
43.802444,125.218183
43.802444,125.218183
43.802444,125.218183
43.802444,125.218183
43.802444,125.218183
43.802444,125.218183
43.802444,125.218183
43.802444,125.218183
43.802444,125.218183
43.802394,125.218051
43.802394,125.218051
43.802394,125.218051
43.802394,125.218051
43.802394,125.218051
43.802394,125.218051
43.802394,125.218051
43.802394,125.218051
43.802394,125.218051
43.802394,125.218051
43.802394,125.218051
43.802394,125.218051
43.802394,125.218051
43.802394,125.218051
43.802394,125.218051
43.802394,125.218051
43.802394,125.218051
43.802394,125.218051
43.802394,125.218051
43.802394,125.218051
43.802347,125.217926
43.802347,125.217926
43.802347,125.217926
43.802347,125.217926
43.802347,125.217926
43.802347,125.217926
43.802347,125.217926
43.802347,125.217926
43.802347,125.217926
43.802347,125.217926
43.802347,125.217926
43.802347,125.217926
43.802347,125.217926
43.802347,125.217926
43.802347,125.217926
43.802347,125.217926
43.802347,125.217926
43.802347,125.217926
43.802347,125.217926
43.802347,125.217926
43.802304,125.217813
43.802304,125.217813
43.802304,125.217813
43.802304,125.217813
43.802304,125.217813
43.802304,125.217813
43.802304,125.217813
43.802304,125.217813
43.802304,125.217813
43.802304,125.217813
43.802304,125.217813
43.802304,125.217813
43.802304,125.217813
43.802304,125.217813
43.802304,125.217813
43.802304,125.217813
43.802304,125.217813
43.802304,125.217813
43.802304,125.217813
43.802304,125.217813
43.802267,125.217711
43.802267,125.217711
43.802267,125.217711
43.802267,125.217711
43.802267,125.217711
43.802267,125.217711
43.802267,125.217711
43.802267,125.217711
43.802267,125.217711
43.802267,125.217711
43.802267,125.217711
43.802267,125.217711
43.802267,125.217711
43.802267,125.217711
43.802267,125.217711
43.802267,125.217711
43.802267,125.217711
43.802267,125.217711
43.802267,125.217711
43.802267,125.217711
43.802232,125.217619
43.802232,125.217619
43.802232,125.217619
43.802232,125.217619
43.802232,125.217619
43.802232,125.217619
43.802232,125.217619
43.802232,125.217619
43.802232,125.217619
43.802232,125.217619
43.802232,125.217619
43.802232,125.217619
43.802232,125.217619
43.802232,125.217619
43.802232,125.217619
43.802232,125.217619
43.802232,125.217619
43.802232,125.217619
43.802232,125.217619
43.802232,125.217619
43.802201,125.217538
43.802201,125.217538
43.802201,125.217538
43.802201,125.217538
43.802201,125.217538
43.802201,125.217538
43.802201,125.217538
43.802201,125.217538
43.802201,125.217538
43.802201,125.217538
43.802201,125.217538
43.802201,125.217538
43.802201,125.217538
43.802201,125.217538
43.802201,125.217538
43.802201,125.217538
43.802201,125.217538
43.802201,125.217538
43.802201,125.217538
43.802201,125.217538
43.802173,125.21747
43.802173,125.21747
43.802173,125.21747
43.802173,125.21747
43.802173,125.21747
43.802173,125.21747
43.802173,125.21747
43.802173,125.21747
43.802173,125.21747
43.802173,125.21747
43.802173,125.21747
43.802173,125.21747
43.802173,125.21747
43.802173,125.21747
43.802173,125.21747
43.802173,125.21747
43.802173,125.21747
43.802173,125.21747
43.802173,125.21747
43.802173,125.21747
43.802154,125.217427
43.802154,125.217427
43.802154,125.217427
43.802154,125.217427
43.802154,125.217427
43.802154,125.217427
43.802154,125.217427
43.802154,125.217427
43.802154,125.217427
43.802154,125.217427
43.802154,125.217427
43.802154,125.217427
43.802154,125.217427
43.802154,125.217427
43.802154,125.217427
43.802154,125.217427
43.802154,125.217427
43.802154,125.217427
43.802154,125.217427
43.802154,125.217427
43.802136,125.217383
43.802136,125.217383
43.802136,125.217383
43.802136,125.217383
43.802136,125.217383
43.802136,125.217383
43.802136,125.217383
43.802136,125.217383
43.802136,125.217383
43.802136,125.217383
43.802136,125.217383
43.802136,125.217383
43.802136,125.217383
43.802136,125.217383
43.802136,125.217383
43.802136,125.217383
43.802136,125.217383
43.802136,125.217383
43.802136,125.217383
43.802136,125.217383
43.802118,125.217336
43.802118,125.217336
43.802118,125.217336
43.802118,125.217336
43.802118,125.217336
43.802118,125.217336
43.802118,125.217336
43.802118,125.217336
43.802118,125.217336
43.802118,125.217336
43.802118,125.217336
43.802118,125.217336
43.802118,125.217336
43.802118,125.217336
43.802118,125.217336
43.802118,125.217336
43.802118,125.217336
43.802118,125.217336
43.802118,125.217336
43.802118,125.217336
43.802106,125.217308
43.802106,125.217308
43.802106,125.217308
43.802106,125.217308
43.802106,125.217308
43.802106,125.217308
43.802106,125.217308
43.802106,125.217308
43.802106,125.217308
43.802106,125.217308
43.802106,125.217308
43.802106,125.217308
43.802106,125.217308
43.802106,125.217308
43.802106,125.217308
43.802106,125.217308
43.802106,125.217308
43.802106,125.217308
43.802106,125.217308
43.802106,125.217308
43.802098,125.217287
43.802098,125.217287
43.802098,125.217287
43.802098,125.217287
43.802098,125.217287
43.802098,125.217287
43.802098,125.217287
43.802098,125.217287
43.802098,125.217287
43.802098,125.217287
43.802098,125.217287
43.802098,125.217287
43.802098,125.217287
43.802098,125.217287
43.802098,125.217287
43.802098,125.217287
43.802098,125.217287
43.802098,125.217287
43.802098,125.217287
43.802098,125.217287
43.802092,125.217275
43.802092,125.217275
43.802092,125.217275
43.802092,125.217275
43.802092,125.217275
43.802092,125.217275
43.802092,125.217275
43.802092,125.217275
43.802092,125.217275
43.802092,125.217275
43.802092,125.217275
43.802092,125.217275
43.802092,125.217275
43.802092,125.217275
43.802092,125.217275
43.802092,125.217274
43.802092,125.217274
43.802092,125.217274
43.802092,125.217274
43.802092,125.217274
43.802092,125.217274
43.802092,125.217274
43.802092,125.217274
43.802092,125.217274
43.802092,125.217274
43.802092,125.217274
43.802092,125.217274
43.802092,125.217274
43.802092,125.217274
43.802092,125.217274
43.802092,125.217274
43.802092,125.217274
43.802092,125.217274
43.802092,125.217274
43.802092,125.217274
43.802092,125.217274
43.802092,125.217274
43.802092,125.217274
43.802092,125.217274
43.802092,125.217274
43.802092,125.217274
43.802092,125.217274
43.802092,125.217274
43.802092,125.217274
43.802092,125.217274
43.802092,125.217274
43.802092,125.217274
43.802092,125.217274
43.802092,125.217274
43.802092,125.217274
43.802092,125.217274
43.802092,125.217274
43.802092,125.217274
43.802092,125.217274
43.802092,125.217274
43.802092,125.217274
43.802092,125.217274
43.802092,125.217274
43.802092,125.217274
43.802092,125.217274
43.802092,125.217274
43.802092,125.217274
43.802092,125.217274
43.802092,125.217274
43.802092,125.217274
43.802092,125.217274
43.802092,125.217274
43.802092,125.217274
43.802092,125.217274
43.802092,125.217274
43.802092,125.217274
43.802092,125.217274
43.802092,125.217274
43.802092,125.217274
43.802092,125.217274
43.802092,125.217274
43.802092,125.217274
43.802092,125.217274
43.802092,125.217274
43.802092,125.217274
43.802092,125.217274
43.802092,125.217274
43.802092,125.217274
43.802092,125.217274
43.802092,125.217274
43.802092,125.217274
43.802092,125.217274
43.802092,125.217274
43.802092,125.217274
43.802092,125.217274
43.802092,125.217274
43.802092,125.217274
43.802092,125.217274
43.802092,125.217274
43.802092,125.217274
43.802092,125.217274
43.802092,125.217274
43.802092,125.217274
43.802092,125.217274
43.802092,125.217274
43.802092,125.217274
43.802092,125.217274
43.802092,125.217274
43.802092,125.217274
43.802092,125.217274
43.802092,125.217274
43.802092,125.217274
43.802092,125.217274
43.802092,125.217274
43.802092,125.217274
43.802092,125.217274
43.802092,125.217274
43.802092,125.217274
43.802092,125.217274
43.802092,125.217274
43.802092,125.217274
43.802092,125.217274
43.802092,125.217274
43.802092,125.217274
43.802092,125.217274
43.802092,125.217274
43.802092,125.217274
43.802092,125.217274
43.802092,125.217274
43.802092,125.217274
43.802092,125.217274
43.802092,125.217274
43.802092,125.217274
43.802092,125.217274
43.802092,125.217274
43.802092,125.217274
43.802092,125.217274
43.802092,125.217274
43.802092,125.217274
43.802092,125.217274
43.802092,125.217274
43.802092,125.217274
43.802092,125.217274
43.802092,125.217274
43.802092,125.217274
43.802092,125.217274
43.802092,125.217274
43.802092,125.217274
43.802092,125.217274
43.802092,125.217274
43.802092,125.217274
43.802092,125.217274
43.802092,125.217274
43.802092,125.217274
43.802092,125.217274
43.802092,125.217274
43.802092,125.217274
43.802092,125.217274
43.802092,125.217274
43.802092,125.217274
43.802092,125.217274
43.802092,125.217274
43.802092,125.217274
43.802092,125.217274
43.802092,125.217274
43.802092,125.217274
43.802092,125.217274
43.802092,125.217274
43.802092,125.217274
43.802092,125.217274
43.802092,125.217274
43.802092,125.217274
43.802092,125.217274
43.802092,125.217274
43.802092,125.217274
43.802092,125.217274
43.802092,125.217274
43.802092,125.217274
43.802092,125.217274
43.802092,125.217274
43.802092,125.217274
43.802092,125.217274
43.802092,125.217274
43.802092,125.217274
43.802092,125.217274
43.802092,125.217274
43.802092,125.217274
43.802092,125.217274
43.802092,125.217274
43.802092,125.217274
43.802092,125.217274
43.802092,125.217274
43.802092,125.217274
43.802092,125.217274
43.802092,125.217274
43.802092,125.217274
43.802092,125.217274
43.802092,125.217274
43.802092,125.217274
43.802092,125.217274
43.802092,125.217274
43.802092,125.217274
43.802092,125.217274
43.802092,125.217274
43.802092,125.217274
43.802092,125.217274
43.802092,125.217274
43.802092,125.217274
43.802092,125.217274
43.802092,125.217274
43.802092,125.217274
43.802092,125.217274
43.802092,125.217274
43.802092,125.217274
43.802092,125.217274
43.802092,125.217274
43.802092,125.217274
43.802092,125.217274
43.802092,125.217274
43.802092,125.217274
43.802092,125.217274
43.802092,125.217274
43.802092,125.217274
43.802092,125.217274
43.802092,125.217274
43.802092,125.217274
43.802092,125.217274
43.802092,125.217274
43.802092,125.217274
43.802092,125.217274
43.802092,125.217274
43.802092,125.217274
43.802092,125.217274
43.802092,125.217274
43.802092,125.217274
43.802092,125.217274
43.802092,125.217274
43.802092,125.217274
43.802092,125.217274
43.802092,125.217274
43.802092,125.217274
43.802092,125.217274
43.802092,125.217274
43.802092,125.217274
43.802092,125.217274
43.802092,125.217274
43.802092,125.217274
43.802092,125.217274
43.802092,125.217274
43.802092,125.217274
43.802092,125.217274
43.802092,125.217274
43.802092,125.217274
43.802092,125.217274
43.802092,125.217274
43.802092,125.217274
43.802092,125.217274
43.802092,125.217274
43.802092,125.217274
43.802092,125.217274
43.802092,125.217274
43.802092,125.217274
43.802092,125.217274
43.802092,125.217274
43.802092,125.217274
43.802092,125.217274
43.802092,125.217274
43.802092,125.217274
43.802092,125.217274
43.802092,125.217274
43.802092,125.217274
43.802092,125.217274
43.802092,125.217274
43.802092,125.217274
43.802092,125.217274
43.802092,125.217274
43.802092,125.217274
43.802092,125.217274
43.802092,125.217274
43.802092,125.217274
43.802092,125.217274
43.802092,125.217274
43.802092,125.217274
43.802092,125.217274
43.802092,125.217274
43.802092,125.217274
43.802092,125.217274
43.802092,125.217274
43.802092,125.217274
43.802092,125.217274
43.802092,125.217274
43.802092,125.217274
43.802092,125.217274
43.802092,125.217274
43.802092,125.217274
43.802092,125.217274
43.802092,125.217274
43.802092,125.217274
43.802092,125.217274
43.802092,125.217274
43.802092,125.217274
43.802092,125.217274
43.802092,125.217274
43.802092,125.217274
43.802092,125.217274
43.802092,125.217274
43.802092,125.217274
43.802092,125.217274
43.802092,125.217274
43.802092,125.217274
43.802092,125.217274
43.802092,125.217274
43.802092,125.217274
43.802092,125.217274
43.802092,125.217274
43.802092,125.217274
43.802092,125.217274
43.802092,125.217274
43.802092,125.217274
43.802092,125.217274
43.802092,125.217274
43.802092,125.217274
43.802092,125.217274
43.802092,125.217274
43.802092,125.217274
43.802092,125.217274
43.802092,125.217274
43.802092,125.217274
43.802092,125.217274
43.802092,125.217274
43.802092,125.217274
43.802092,125.217274
43.802092,125.217274
43.802092,125.217274
43.802092,125.217274
43.802092,125.217274
43.802092,125.217274
43.802092,125.217274
43.802092,125.217274
43.802092,125.217274
43.802092,125.217274
43.802092,125.217274
43.802092,125.217274
43.802092,125.217274
43.802092,125.217274
43.802092,125.217274
43.802092,125.217274
43.802092,125.217274
43.802092,125.217274
43.802092,125.217274
43.802092,125.217274
43.802092,125.217274
43.802092,125.217274
43.802092,125.217274
43.802092,125.217274
43.802092,125.217274
43.802092,125.217274
43.802092,125.217274
43.802092,125.217274
43.802092,125.217274
43.802092,125.217274
43.802092,125.217274
43.802092,125.217274
43.802092,125.217274
43.802092,125.217274
43.802092,125.217274
43.802092,125.217274
43.802092,125.217274
43.802092,125.217274
43.802092,125.217274
43.802092,125.217274
43.802092,125.217274
43.802092,125.217274
43.802092,125.217274
43.802092,125.217274
43.802092,125.217274
43.802092,125.217274
43.802092,125.217274
43.802092,125.217274
43.802092,125.217274
43.802092,125.217274
43.802092,125.217274
43.802092,125.217274
43.802092,125.217274
43.802092,125.217274
43.802092,125.217274
43.802092,125.217274
43.802092,125.217274
43.802092,125.217274
43.802092,125.217274
43.802092,125.217274
43.802092,125.217274
43.802092,125.217274
43.802092,125.217274
43.802092,125.217274
43.802092,125.217274
43.802092,125.217274
43.802092,125.217274
43.802092,125.217274
43.802092,125.217274
43.802092,125.217274
43.802092,125.217274
43.802092,125.217274
43.802092,125.217274
43.802092,125.217274
43.802092,125.217274
43.802092,125.217274
43.802092,125.217274
43.802092,125.217274
43.802092,125.217274
43.802092,125.217274
43.802092,125.217274
43.802092,125.217274
43.802092,125.217274
43.802092,125.217274
43.802092,125.217274
43.802092,125.217274
43.802092,125.217274
43.802092,125.217274
43.802092,125.217274
43.802092,125.217274
43.802092,125.217274
43.802092,125.217274
43.802092,125.217274
43.802092,125.217274
43.802092,125.217274
43.802092,125.217274
43.802092,125.217274
43.802092,125.217274
43.802092,125.217274
43.802092,125.217274
43.802092,125.217274
43.802092,125.217274
43.802092,125.217274
43.802092,125.217274
43.802092,125.217274
43.802092,125.217274
43.802092,125.217274
43.802092,125.217274
43.802092,125.217274
43.802092,125.217274
43.802092,125.217274
43.802092,125.217274
43.802092,125.217274
43.802092,125.217274
43.802092,125.217274
43.802092,125.217274
43.802092,125.217274
43.802092,125.217274
43.802092,125.217274
43.802092,125.217274
43.802092,125.217274
43.802092,125.217274
43.802092,125.217274
43.802092,125.217274
43.802092,125.217274
43.802092,125.217274
43.802092,125.217274
43.802092,125.217274
43.802092,125.217274
43.802092,125.217274
43.802092,125.217274
43.802092,125.217274
43.802092,125.217274
43.802092,125.217274
43.802092,125.217274
43.802092,125.217274
43.802092,125.217274
43.802092,125.217274
43.802092,125.217274
43.802092,125.217274
43.802092,125.217274
43.802092,125.217274
43.802092,125.217274
43.802092,125.217274
43.802092,125.217274
43.802092,125.217274
43.802092,125.217274
43.802092,125.217274
43.802092,125.217274
43.802092,125.217274
43.802092,125.217274
43.802092,125.217274
43.802092,125.217274
43.802092,125.217274
43.802092,125.217274
43.802092,125.217274
43.802092,125.217274
43.802092,125.217274
43.802092,125.217274
43.802092,125.217274
43.802092,125.217274
43.802092,125.217274
43.802092,125.217274
43.802092,125.217274
43.802092,125.217274
43.802092,125.217274
43.802092,125.217274
43.802092,125.217274
43.802092,125.217274
43.802092,125.217274
43.802092,125.217274
43.802092,125.217274
43.802092,125.217274
43.802092,125.217274
43.802092,125.217274
43.802092,125.217274
43.802092,125.217274
43.802092,125.217274
43.802092,125.217274
43.802092,125.217274
43.802092,125.217274
43.802092,125.217274
43.802092,125.217274
43.802092,125.217274
43.802092,125.217274
43.802092,125.217274
43.802092,125.217274
43.802092,125.217274
43.802092,125.217274
43.802092,125.217274
43.802092,125.217274
43.802092,125.217274
43.802092,125.217274
43.802092,125.217274
43.802092,125.217274
43.802092,125.217274
43.802092,125.217274
43.802092,125.217274
43.802092,125.217274
43.802092,125.217274
43.802092,125.217274
43.802092,125.217274
43.802092,125.217274
43.802092,125.217274
43.802092,125.217274
43.802092,125.217274
43.802092,125.217274
43.802092,125.217274
43.802092,125.217274
43.802092,125.217274
43.802092,125.217274
43.802092,125.217274
43.802092,125.217274
43.802092,125.217274
43.802092,125.217274
43.802092,125.217274
43.802092,125.217274
43.802092,125.217274
43.802092,125.217274
43.802092,125.217274
43.802092,125.217274
43.802092,125.217274
43.802092,125.217274
43.802092,125.217274
43.802092,125.217274
43.802092,125.217274
43.802092,125.217274
43.802092,125.217274
43.802092,125.217274
43.802092,125.217274
43.802092,125.217274
43.802092,125.217274
43.802092,125.217274
43.802092,125.217274
43.802092,125.217274
43.802092,125.217274
43.802092,125.217274
43.802092,125.217274
43.802092,125.217274
43.802092,125.217274
43.802092,125.217274
43.802092,125.217274
43.802092,125.217274
43.802092,125.217274
43.802092,125.217274
43.802092,125.217274
43.802092,125.217274
43.802092,125.217274
43.802092,125.217274
43.802092,125.217274
43.802092,125.217274
43.802092,125.217274
43.802092,125.217274
43.802092,125.217274
43.802092,125.217274
43.802092,125.217274
43.802092,125.217274
43.802092,125.217274
43.802092,125.217274
43.802092,125.217274
43.802092,125.217274
43.802092,125.217274
43.802092,125.217274
43.802092,125.217274
43.802092,125.217274
43.802092,125.217274
43.802092,125.217274
43.802092,125.217274
43.802092,125.217274
43.802092,125.217274
43.802092,125.217274
43.802092,125.217274
43.802092,125.217274
43.802092,125.217274
43.802092,125.217274
43.802092,125.217274
43.802092,125.217274
43.802092,125.217274
43.802092,125.217274
43.802092,125.217274
43.802092,125.217274
43.802092,125.217274
43.802092,125.217274
43.802092,125.217274
43.802092,125.217274
43.802092,125.217274
43.802092,125.217274
43.802092,125.217274
43.802092,125.217274
43.802092,125.217274
43.802092,125.217274
43.802092,125.217274
43.802092,125.217274
43.802092,125.217274
43.802092,125.217274
43.802092,125.217274
43.802092,125.217274
43.802092,125.217274
43.802092,125.217274
43.802092,125.217274
43.802092,125.217274
43.802092,125.217274
43.802092,125.217274
43.802092,125.217274
43.802092,125.217274
43.802092,125.217274
43.802092,125.217274
43.802092,125.217274
43.802092,125.217274
43.802092,125.217274
43.802092,125.217274
43.802092,125.217274
43.802092,125.217274
43.802092,125.217274
43.802092,125.217274
43.802092,125.217274
43.802092,125.217274
43.802092,125.217274
43.802092,125.217274
43.802092,125.217274
43.802092,125.217274
43.802092,125.217274
43.802092,125.217274
43.802092,125.217274
43.802092,125.217274
43.802092,125.217274
43.802092,125.217274
43.802092,125.217274
43.802092,125.217274
43.802092,125.217274
43.802092,125.217274
43.802092,125.217274
43.802092,125.217274
43.802092,125.217274
43.802092,125.217274
43.802092,125.217274
43.802092,125.217274
43.802092,125.217274
43.802092,125.217274
43.802092,125.217274
43.802092,125.217274
43.802092,125.217274
43.802092,125.217274
43.802092,125.217274
43.802092,125.217274
43.802092,125.217274
43.802092,125.217274
43.802092,125.217274
43.802092,125.217274
43.802092,125.217274
43.802092,125.217274
43.802092,125.217274
43.802092,125.217274
43.802092,125.217274
43.802092,125.217274
43.802092,125.217274
43.802092,125.217274
43.802092,125.217274
43.802092,125.217274
43.802092,125.217274
43.802092,125.217274
43.802092,125.217274
43.802092,125.217274
43.802092,125.217274
43.802092,125.217274
43.802092,125.217274
43.802092,125.217274
43.802092,125.217274
43.802092,125.217274
43.802092,125.217274
43.802092,125.217274
43.802092,125.217274
43.802092,125.217274
43.802092,125.217274
43.802092,125.217274
43.802092,125.217274
43.802092,125.217274
43.802092,125.217274
43.802092,125.217274
43.802092,125.217274
43.802092,125.217274
43.802092,125.217274
43.802092,125.217274
43.802092,125.217274
43.802092,125.217274
43.802092,125.217274
43.802092,125.217274
43.802092,125.217274
43.802092,125.217274
43.802092,125.217274
43.802092,125.217274
43.802092,125.217274
43.802092,125.217274
43.802092,125.217274
43.802092,125.217274
43.802092,125.217274
43.802092,125.217274
43.802092,125.217274
43.802092,125.217274
43.802092,125.217274
43.802092,125.217274
43.802092,125.217274
43.802092,125.217274
43.802092,125.217274
43.802092,125.217274
43.802092,125.217274
43.802092,125.217274
43.802092,125.217274
43.802092,125.217274
43.802092,125.217274
43.802092,125.217274
43.802092,125.217274
43.802092,125.217274
43.802092,125.217274
43.802092,125.217274
43.802092,125.217274
43.802092,125.217274
43.802092,125.217274
43.802092,125.217274
43.802092,125.217274
43.802092,125.217274
43.802092,125.217274
43.802092,125.217274
43.802092,125.217274
43.802092,125.217274
43.802092,125.217274
43.802092,125.217274
43.802092,125.217274
43.802092,125.217274
43.802092,125.217274
43.802092,125.217274
43.802092,125.217274
43.802092,125.217274
43.802092,125.217274
43.802092,125.217274
43.802092,125.217274
43.802092,125.217274
43.802092,125.217274
43.802092,125.217274
43.802092,125.217274
43.802092,125.217274
43.802092,125.217274
43.802092,125.217274
43.802092,125.217274
43.802092,125.217274
43.802092,125.217274
43.802092,125.217274
43.802092,125.217274
43.802092,125.217274
43.802092,125.217274
43.802092,125.217274
43.802092,125.217274
43.802092,125.217274
43.802092,125.217274
43.802092,125.217274
43.802092,125.217274
43.802092,125.217274
43.802092,125.217274
43.802092,125.217274
43.802092,125.217274
43.802092,125.217274
43.802092,125.217274
43.802092,125.217274
43.802092,125.217274
43.802092,125.217274
43.802092,125.217274
43.802092,125.217274
43.802092,125.217274
43.802092,125.217274
43.802092,125.217274
43.802092,125.217274
43.802092,125.217274
43.802092,125.217274
43.802092,125.217274
43.802092,125.217274
43.802092,125.217274
43.802092,125.217274
43.802092,125.217274
43.802092,125.217274
43.802092,125.217274
43.802092,125.217274
43.802092,125.217274
43.802092,125.217274
43.802092,125.217274
43.802092,125.217274
43.802092,125.217274
43.802092,125.217274
43.802092,125.217274
43.802092,125.217274
43.802092,125.217274
43.802092,125.217274
43.802092,125.217274
43.802092,125.217274
43.802092,125.217274
43.802092,125.217274
43.802092,125.217274
43.802092,125.217274
43.802092,125.217274
43.802092,125.217274
43.802092,125.217274
43.802092,125.217274
43.802092,125.217274
43.802092,125.217274
43.802092,125.217274
43.802092,125.217274
43.802092,125.217274
43.802092,125.217274
43.802092,125.217274
43.802092,125.217274
43.802092,125.217274
43.802092,125.217274
43.802092,125.217274
43.802092,125.217274
43.802092,125.217274
43.802092,125.217274
43.802092,125.217274
43.802092,125.217274
43.802092,125.217274
43.802092,125.217274
43.802092,125.217274
43.802092,125.217274
43.802092,125.217274
43.802092,125.217274
43.802092,125.217274
43.802092,125.217274
43.802092,125.217274
43.802092,125.217274
43.802092,125.217274
43.802092,125.217274
43.802092,125.217274
43.802092,125.217274
43.802092,125.217274
43.802092,125.217274
43.802092,125.217274
43.802092,125.217274
43.802092,125.217274
43.802092,125.217274
43.802092,125.217274
43.802092,125.217274
43.802092,125.217274
43.802092,125.217274
43.802092,125.217274
43.802092,125.217274
43.802092,125.217274
43.802092,125.217274
43.802092,125.217274
43.802092,125.217274
43.802092,125.217274
43.802092,125.217274
43.802092,125.217274
43.802092,125.217274
43.802092,125.217274
43.802092,125.217274
43.802092,125.217274
43.802092,125.217274
43.802092,125.217274
43.802092,125.217274
43.802092,125.217274
43.802092,125.217274
43.802092,125.217274
43.802092,125.217274
43.802092,125.217274
43.802092,125.217274
43.802092,125.217274
43.802092,125.217274
43.802092,125.217274
43.802092,125.217274
43.802092,125.217274
43.802092,125.217274
43.802092,125.217274
43.802092,125.217274
43.802092,125.217274
43.802092,125.217274
43.802092,125.217274
43.802092,125.217274
43.802092,125.217274
43.802092,125.217274
43.802092,125.217274
43.802092,125.217274
43.802092,125.217274
43.802092,125.217274
43.802092,125.217274
43.802092,125.217274
43.802092,125.217274
43.802092,125.217274
43.802092,125.217274
43.802092,125.217274
43.802092,125.217274
43.802092,125.217274
43.802092,125.217274
43.802092,125.217274
43.802092,125.217274
43.802092,125.217274
43.802092,125.217274
43.802092,125.217274
43.802092,125.217274
43.802092,125.217274
43.802092,125.217274
43.802092,125.217274
43.802092,125.217274
43.802092,125.217274
43.802092,125.217274
43.802092,125.217274
43.802092,125.217274
43.802092,125.217274
43.802092,125.217274
43.802092,125.217274
43.802092,125.217274
43.802092,125.217274
43.802092,125.217274
43.802092,125.217274
43.802092,125.217274
43.802092,125.217274
43.802092,125.217274
43.802092,125.217274
43.802092,125.217274
43.802092,125.217274
43.802092,125.217274
43.802092,125.217274
43.802092,125.217274
43.802092,125.217274
43.802092,125.217274
43.802092,125.217274
43.802092,125.217274
43.802092,125.217274
43.802092,125.217274
43.802092,125.217274
43.802092,125.217274
43.802092,125.217274
43.802092,125.217274
43.802092,125.217274
43.802092,125.217274
43.802092,125.217274
43.802092,125.217274
43.802092,125.217274
43.802092,125.217274
43.802092,125.217274
43.802092,125.217274
43.802092,125.217274
43.802092,125.217274
43.802092,125.217274
43.802092,125.217274
43.802092,125.217274
43.802092,125.217274
43.802092,125.217274
43.802092,125.217274
43.802092,125.217274
43.802092,125.217274
43.802092,125.217274
43.802092,125.217274
43.802092,125.217274
43.802092,125.217274
43.802092,125.217274
43.802092,125.217274
43.802092,125.217274
43.802092,125.217274
43.802092,125.217274
43.802092,125.217274
43.802092,125.217274
43.802092,125.217274
43.802092,125.217274
43.802092,125.217274
43.802092,125.217274
43.802092,125.217274
43.802092,125.217274
43.802092,125.217274
43.802092,125.217274
43.802092,125.217274
43.802092,125.217274
43.802092,125.217274
43.802092,125.217274
43.802092,125.217274
43.802092,125.217274
43.802092,125.217274
43.802092,125.217274
43.802092,125.217274
43.802092,125.217274
43.802092,125.217274
43.802092,125.217274
43.802092,125.217274
43.802092,125.217274
43.802092,125.217274
43.802092,125.217274
43.802092,125.217274
43.802092,125.217274
43.802092,125.217274
43.802092,125.217274
43.802092,125.217274
43.802092,125.217274
43.802092,125.217274
43.802092,125.217274
43.802092,125.217274
43.802092,125.217274
43.802092,125.217274
43.802092,125.217274
43.802092,125.217274
43.802092,125.217274
43.802092,125.217274
43.802092,125.217274
43.802092,125.217274
43.802092,125.217274
43.802092,125.217274
43.802092,125.217274
43.802092,125.217274
43.802092,125.217274
43.802092,125.217274
43.802092,125.217274
43.802092,125.217274
43.802092,125.217274
43.802092,125.217274
43.802092,125.217274
43.802092,125.217274
43.802092,125.217274
43.802092,125.217274
43.802092,125.217274
43.802092,125.217274
43.802092,125.217274
43.802092,125.217274
43.802092,125.217274
43.802092,125.217274
43.802092,125.217274
43.802092,125.217274
43.802092,125.217274
43.802092,125.217274
43.802092,125.217274
43.802092,125.217274
43.802092,125.217274
43.802092,125.217274
43.802092,125.217274
43.802092,125.217274
43.802092,125.217274
43.802092,125.217274
43.802092,125.217274
43.802092,125.217274
43.802092,125.217274
43.802092,125.217274
43.802092,125.217274
43.802092,125.217274
43.802092,125.217274
43.802092,125.217274
43.802092,125.217274
43.802092,125.217274
43.802092,125.217274
43.802092,125.217274
43.802092,125.217274
43.802092,125.217274
43.802092,125.217274
43.802092,125.217274
43.802092,125.217274
43.802092,125.217274
43.802092,125.217274
43.802092,125.217274
43.802092,125.217274
43.802092,125.217274
43.802092,125.217274
43.802092,125.217274
43.802092,125.217274
43.802092,125.217274
43.802092,125.217274
43.802092,125.217274
43.802092,125.217274
43.802092,125.217274
43.802092,125.217274
43.802092,125.217274
43.802092,125.217274
43.802092,125.217274
43.802092,125.217274
43.802092,125.217274
43.802092,125.217274
43.802092,125.217274
43.802092,125.217274
43.802092,125.217274
43.802092,125.217274
43.802092,125.217274
43.802092,125.217274
43.802092,125.217274
43.802092,125.217274
43.802092,125.217274
43.802092,125.217274
43.802092,125.217274
43.802092,125.217274
43.802092,125.217274
43.802092,125.217274
43.802092,125.217274
43.802092,125.217274
43.802092,125.217274
43.802092,125.217274
43.802092,125.217274
43.802092,125.217274
43.802092,125.217274
43.802092,125.217274
43.802092,125.217274
43.802092,125.217274
43.802092,125.217274
43.802092,125.217274
43.802092,125.217274
43.802092,125.217274
43.802092,125.217274
43.802092,125.217274
43.802092,125.217274
43.802092,125.217274
43.802092,125.217274
43.802092,125.217274
43.802092,125.217274
43.802092,125.217274
43.802092,125.217274
43.802092,125.217274
43.802092,125.217274
43.802092,125.217274
43.802092,125.217274
43.802092,125.217274
43.802092,125.217274
43.802092,125.217274
43.802092,125.217274
43.802092,125.217274
43.802092,125.217274
43.802092,125.217274
43.802092,125.217274
43.802092,125.217274
43.802092,125.217274
43.802092,125.217274
43.802092,125.217274
43.802092,125.217274
43.802092,125.217274
43.802092,125.217274
43.802092,125.217274
43.802092,125.217274
43.802092,125.217274
43.802092,125.217274
43.802092,125.217274
43.802092,125.217274
43.802092,125.217274
43.802092,125.217274
43.802092,125.217274
43.802092,125.217274
43.802092,125.217274
43.802092,125.217274
43.802092,125.217274
43.802092,125.217274
43.802092,125.217274
43.802092,125.217274
43.802092,125.217274
43.802092,125.217274
43.802092,125.217274
43.802092,125.217274
43.802092,125.217274
43.802092,125.217274
43.802092,125.217274
43.802092,125.217274
43.802092,125.217274
43.802092,125.217274
43.802092,125.217274
43.802092,125.217274
43.802092,125.217274
43.802092,125.217274
43.802092,125.217274
43.802092,125.217274
43.802092,125.217274
43.802092,125.217274
43.802092,125.217274
43.802092,125.217274
43.802092,125.217274
43.802092,125.217274
43.802092,125.217274
43.802092,125.217274
43.802092,125.217274
43.802092,125.217274
43.802092,125.217274
43.802092,125.217274
43.802092,125.217274
43.802092,125.217274
43.802092,125.217274
43.802092,125.217274
43.802092,125.217274
43.802092,125.217274
43.802092,125.217274
43.802092,125.217274
43.802092,125.217274
43.802092,125.217274
43.802092,125.217274
43.802092,125.217274
43.802092,125.217274
43.802092,125.217274
43.802092,125.217274
43.802092,125.217274
43.802092,125.217274
43.802092,125.217274
43.802092,125.217274
43.802092,125.217274
43.802092,125.217274
43.802092,125.217274
43.802092,125.217274
43.802092,125.217274
43.802092,125.217274
43.802092,125.217274
43.802092,125.217274
43.802092,125.217274
43.802092,125.217274
43.802092,125.217274
43.802092,125.217274
43.802092,125.217274
43.802092,125.217274
43.802092,125.217274
43.802092,125.217274
43.802092,125.217274
43.802092,125.217274
43.802092,125.217274
43.802092,125.217274
43.802092,125.217274
43.802092,125.217274
43.802092,125.217274
43.802092,125.217274
43.802092,125.217274
43.802092,125.217274
43.802092,125.217274
43.802092,125.217274
43.802092,125.217274
43.802092,125.217274
43.802092,125.217274
43.802092,125.217274
43.802092,125.217274
43.802092,125.217274
43.802092,125.217274
43.802092,125.217274
43.802092,125.217274
43.802092,125.217274
43.802092,125.217274
43.802092,125.217274
43.802092,125.217274
43.802092,125.217274
43.802092,125.217274
43.802092,125.217274
43.802092,125.217274
43.802092,125.217274
43.802092,125.217274
43.802092,125.217274
43.802092,125.217274
43.802092,125.217274
43.802092,125.217274
43.802092,125.217274
43.802092,125.217274
43.802092,125.217274
43.802092,125.217274
43.802092,125.217274
43.802092,125.217274
43.802092,125.217274
43.802092,125.217274
43.802092,125.217274
43.802092,125.217274
43.802092,125.217274
43.802092,125.217274
43.802092,125.217274
43.802092,125.217274
43.802092,125.217274
43.802092,125.217274
43.802092,125.217274
43.802092,125.217274
43.802092,125.217274
43.802092,125.217274
43.802092,125.217274
43.802092,125.217274
43.802092,125.217274
43.802092,125.217274
43.802092,125.217274
43.802092,125.217274
43.802092,125.217274
43.802092,125.217274
43.802092,125.217274
43.802092,125.217274
43.802092,125.217274
43.802092,125.217274
43.802092,125.217274
43.802092,125.217274
43.802092,125.217274
43.802092,125.217274
43.802092,125.217274
43.802092,125.217274
43.802092,125.217274
43.802092,125.217274
43.802092,125.217274
43.802092,125.217274
43.802092,125.217274
43.802092,125.217274
43.802092,125.217274
43.802092,125.217274
43.802092,125.217274
43.802092,125.217274
43.802092,125.217274
43.802092,125.217274
43.802092,125.217274
43.802092,125.217274
43.802092,125.217274
43.802092,125.217274
43.802092,125.217274
43.802092,125.217274
43.802092,125.217274
43.802092,125.217274
43.802092,125.217274
43.802092,125.217274
43.802092,125.217274
43.802092,125.217274
43.802092,125.217274
43.802092,125.217274
43.802092,125.217274
43.802092,125.217274
43.802092,125.217274
43.802092,125.217274
43.802092,125.217274
43.802092,125.217274
43.802092,125.217274
43.802092,125.217274
43.802092,125.217274
43.802092,125.217274
43.802092,125.217274
43.802092,125.217274
43.802092,125.217274
43.802092,125.217274
43.802092,125.217274
43.802092,125.217274
43.802092,125.217274
43.802092,125.217274
43.802092,125.217274
43.802092,125.217274
43.802092,125.217274
43.802092,125.217274
43.802092,125.217274
43.802092,125.217274
43.802092,125.217274
43.802092,125.217274
43.802092,125.217274
43.802092,125.217274
43.802092,125.217274
43.802092,125.217274
43.802092,125.217274
43.802092,125.217274
43.802092,125.217274
43.802092,125.217274
43.802092,125.217274
43.802092,125.217274
43.802092,125.217274
43.802092,125.217274
43.802092,125.217274
43.802092,125.217274
43.802092,125.217274
43.802092,125.217274
43.802092,125.217274
43.802092,125.217274
43.802092,125.217274
43.802092,125.217274
43.802092,125.217274
43.802092,125.217274
43.802092,125.217274
43.802092,125.217274
43.802092,125.217274
43.802092,125.217274
43.802092,125.217274
43.802092,125.217274
43.802092,125.217274
43.802092,125.217274
43.802092,125.217274
43.802092,125.217274
43.802092,125.217274
43.802092,125.217274
43.802092,125.217274
43.802092,125.217274
43.802092,125.217274
43.802092,125.217274
43.802092,125.217274
43.802092,125.217274
43.802092,125.217274
43.802092,125.217274
43.802092,125.217274
43.802092,125.217274
43.802092,125.217274
43.802092,125.217274
43.802092,125.217274
43.802092,125.217274
43.802092,125.217274
43.802092,125.217274
43.802092,125.217274
43.802092,125.217274
43.802092,125.217274
43.802092,125.217274
43.802092,125.217274
43.802092,125.217274
43.802092,125.217274
43.802092,125.217274
43.802092,125.217274
43.802092,125.217274
43.802092,125.217274
43.802092,125.217274
43.802092,125.217274
43.802092,125.217274
43.802092,125.217274
43.802092,125.217274
43.802092,125.217274
43.802092,125.217274
43.802092,125.217274
43.802092,125.217274
43.802092,125.217274
43.802092,125.217274
43.802092,125.217274
43.802092,125.217274
43.802092,125.217274
43.802092,125.217274
43.802092,125.217274
43.802092,125.217274
43.802092,125.217274
43.802092,125.217274
43.802092,125.217274
43.802092,125.217274
43.802092,125.217274
43.802092,125.217274
43.802092,125.217274
43.802092,125.217274
43.802092,125.217274
43.802092,125.217274
43.802092,125.217274
43.802092,125.217274
43.802092,125.217274
43.802092,125.217274
43.802092,125.217274
43.802092,125.217274
43.802092,125.217274
43.802092,125.217274
43.802092,125.217274
43.802092,125.217274
43.802092,125.217274
43.802092,125.217274
43.802092,125.217274
43.802092,125.217274
43.802092,125.217274
43.802092,125.217274
43.802092,125.217274
43.802092,125.217274
43.802092,125.217274
43.802092,125.217274
43.802092,125.217274
43.802092,125.217274
43.802092,125.217274
43.802092,125.217274
43.802092,125.217274
43.802092,125.217274
43.802092,125.217274
43.802092,125.217274
43.802092,125.217274
43.802092,125.217274
43.802092,125.217274
43.802092,125.217274
43.802092,125.217274
43.802092,125.217274
43.802092,125.217274
43.802092,125.217274
43.802092,125.217274
43.802092,125.217274
43.802092,125.217274
43.802092,125.217274
43.802092,125.217274
43.802092,125.217274
43.802092,125.217274
43.802092,125.217274
43.802092,125.217274
43.802092,125.217274
43.802092,125.217274
43.802092,125.217274
43.802092,125.217274
43.802092,125.217274
43.802092,125.217274
43.802092,125.217274
43.802092,125.217274
43.802092,125.217274
43.802092,125.217274
43.802092,125.217274
43.802092,125.217274
43.802092,125.217274
43.802092,125.217274
43.802092,125.217274
43.802092,125.217274
43.802092,125.217274
43.802092,125.217274
43.802092,125.217274
43.802092,125.217274
43.802092,125.217274
43.802092,125.217274
43.802092,125.217274
43.802092,125.217274
43.802092,125.217274
43.802092,125.217274
43.802092,125.217274
43.802092,125.217274
43.802092,125.217274
43.802092,125.217274
43.802092,125.217274
43.802092,125.217274
43.802092,125.217274
43.802092,125.217274
43.802092,125.217274
43.802092,125.217274
43.802092,125.217274
43.802092,125.217274
43.802092,125.217274
43.802092,125.217274
43.802092,125.217274
43.802092,125.217274
43.802092,125.217274
43.802092,125.217274
43.802092,125.217274
43.802092,125.217274
43.802092,125.217274
43.802092,125.217274
43.802092,125.217274
43.802092,125.217274
43.802092,125.217274
43.802092,125.217274
43.802092,125.217274
43.802092,125.217274
43.802092,125.217274
43.802092,125.217274
43.802092,125.217274
43.802092,125.217274
43.802092,125.217274
43.802092,125.217274
43.802092,125.217274
43.802092,125.217274
43.802092,125.217274
43.802092,125.217274
43.802092,125.217274
43.802092,125.217274
43.802092,125.217274
43.802092,125.217274
43.802092,125.217274
43.802092,125.217274
43.802092,125.217274
43.802092,125.217274
43.802092,125.217274
43.802092,125.217274
43.802092,125.217274
43.802092,125.217274
43.802092,125.217274
43.802092,125.217274
43.802092,125.217274
43.802092,125.217274
43.802092,125.217274
43.802092,125.217274
43.802092,125.217274
43.802092,125.217274
43.802092,125.217274
43.802092,125.217274
43.802092,125.217274
43.802092,125.217274
43.802092,125.217274
43.802092,125.217274
43.802092,125.217274
43.802092,125.217274
43.802092,125.217274
43.802092,125.217274
43.802092,125.217274
43.802092,125.217274
43.802092,125.217274
43.802092,125.217274
43.802092,125.217274
43.802092,125.217274
43.802092,125.217274
43.802092,125.217274
43.802092,125.217274
43.802092,125.217274
43.802092,125.217274
43.802092,125.217274
43.802092,125.217274
43.802092,125.217274
43.802092,125.217274
43.802092,125.217274
43.802092,125.217274
43.802092,125.217274
43.802092,125.217274
43.802092,125.217274
43.802092,125.217274
43.802092,125.217274
43.802092,125.217274
43.802092,125.217274
43.802092,125.217274
43.802092,125.217274
43.802092,125.217274
43.802092,125.217274
43.802092,125.217274
43.802092,125.217274
43.802092,125.217274
43.802092,125.217274
43.802092,125.217274
43.802092,125.217274
43.802092,125.217274
43.802092,125.217274
43.802092,125.217274
43.802092,125.217274
43.802092,125.217274
43.802092,125.217274
43.802092,125.217274
43.802092,125.217274
43.802092,125.217274
43.802092,125.217274
43.802092,125.217274
43.802092,125.217274
43.802092,125.217274
43.802092,125.217274
43.802092,125.217274
43.802092,125.217274
43.802092,125.217274
43.802092,125.217274
43.802092,125.217274
43.802092,125.217274
43.802092,125.217274
43.802092,125.217274
43.802092,125.217274
43.802092,125.217274
43.802092,125.217274
43.802092,125.217274
43.802092,125.217274
43.802092,125.217274
43.802092,125.217274
43.802092,125.217274
43.802092,125.217274
43.802092,125.217274
43.802092,125.217274
43.802092,125.217274
43.802092,125.217274
43.802092,125.217274
43.802092,125.217274
43.802092,125.217274
43.802092,125.217274
43.802092,125.217274
43.802092,125.217274
43.802092,125.217274
43.802092,125.217274
43.802092,125.217274
43.802092,125.217274
43.802092,125.217274
43.802092,125.217274
43.802092,125.217274
43.802092,125.217274
43.802092,125.217274
43.802092,125.217274
43.802092,125.217274
43.802092,125.217274
43.802092,125.217274
43.802092,125.217274
43.802092,125.217274
43.802092,125.217274
43.802092,125.217274
43.802092,125.217274
43.802092,125.217274
43.802092,125.217274
43.802092,125.217274
43.802092,125.217274
43.802092,125.217274
43.802092,125.217274
43.802092,125.217274
43.802092,125.217274
43.802092,125.217274
43.802092,125.217274
43.802092,125.217274
43.802092,125.217274
43.802092,125.217274
43.802092,125.217274
43.802092,125.217274
43.802092,125.217274
43.802092,125.217274
43.802092,125.217274
43.802092,125.217274
43.802092,125.217274
43.802092,125.217274
43.802092,125.217274
43.802092,125.217274
43.802092,125.217274
43.802092,125.217274
43.802092,125.217274
43.802092,125.217274
43.802092,125.217274
43.802092,125.217274
43.802092,125.217274
43.802092,125.217274
43.802092,125.217274
43.802092,125.217274
43.802092,125.217274
43.802092,125.217274
43.802092,125.217274
43.802092,125.217274
43.802092,125.217274
43.802092,125.217274
43.802092,125.217274
43.802092,125.217274
43.802092,125.217274
43.802092,125.217274
43.802092,125.217274
43.802092,125.217274
43.802092,125.217274
43.802092,125.217274
43.802092,125.217274
43.802092,125.217274
43.802092,125.217274
43.802092,125.217274
43.802092,125.217274
43.802092,125.217274
43.802092,125.217274
43.802092,125.217274
43.802092,125.217274
43.802092,125.217274
43.802092,125.217274
43.802092,125.217274
43.802092,125.217274
43.802092,125.217274
43.802092,125.217274
43.802092,125.217274
43.802092,125.217274
43.802092,125.217274
43.802092,125.217274
43.802092,125.217274
43.802092,125.217274
43.802092,125.217274
43.802092,125.217274
43.802092,125.217274
43.802092,125.217274
43.802092,125.217274
43.802092,125.217274
43.802092,125.217274
43.802092,125.217274
43.802092,125.217274
43.802092,125.217274
43.802092,125.217274
43.802092,125.217274
43.802092,125.217274
43.802092,125.217274
43.802092,125.217274
43.802092,125.217274
43.802092,125.217274
43.802092,125.217274
43.802092,125.217274
43.802092,125.217274
43.802092,125.217274
43.802092,125.217274
43.802092,125.217274
43.802092,125.217274
43.802092,125.217274
43.802092,125.217274
43.802092,125.217274
43.802092,125.217274
43.802092,125.217274
43.802092,125.217274
43.802092,125.217274
43.802092,125.217274
43.802092,125.217274
43.802092,125.217274
43.802092,125.217274
43.802092,125.217274
43.802092,125.217274
43.802092,125.217274
43.802092,125.217274
43.802092,125.217274
43.802092,125.217274
43.802092,125.217274
43.802092,125.217274
43.802092,125.217274
43.802092,125.217274
43.802092,125.217274
43.802092,125.217274
43.802092,125.217274
43.802092,125.217274
43.802092,125.217274
43.802092,125.217274
43.802092,125.217274
43.802092,125.217274
43.802092,125.217274
43.802092,125.217274
43.802092,125.217274
43.802092,125.217274
43.802092,125.217274
43.802092,125.217274
43.802092,125.217274
43.802092,125.217274
43.802092,125.217274
43.802092,125.217274
43.802092,125.217274
43.802092,125.217274
43.802092,125.217274
43.802092,125.217274
43.802092,125.217274
43.802092,125.217274
43.802092,125.217274
43.802092,125.217274
43.802092,125.217274
43.802092,125.217274
43.802092,125.217274
43.802092,125.217274
43.802092,125.217274
43.802092,125.217274
43.802092,125.217274
43.802092,125.217274
43.802092,125.217274
43.802092,125.217274
43.802092,125.217274
43.802092,125.217274
43.802092,125.217274
43.802092,125.217274
43.802092,125.217274
43.802092,125.217274
43.802092,125.217274
43.802092,125.217274
43.802092,125.217274
43.802092,125.217274
43.802092,125.217274
43.802092,125.217274
43.802092,125.217274
43.802092,125.217274
43.802092,125.217274
43.802092,125.217274
43.802092,125.217274
43.802092,125.217274
43.802092,125.217274
43.802092,125.217274
43.802092,125.217274
43.802092,125.217274
43.802092,125.217274
43.802092,125.217274
43.802092,125.217274
43.802092,125.217274
43.802092,125.217274
43.802092,125.217274
43.802092,125.217274
43.802092,125.217274
43.802092,125.217274
43.802092,125.217274
43.802092,125.217274
43.802092,125.217274
43.802092,125.217274
43.802092,125.217274
43.802092,125.217274
43.802092,125.217274
43.802092,125.217274
43.802092,125.217274
43.802092,125.217274
43.802092,125.217274
43.802092,125.217274
43.802092,125.217274
43.802092,125.217274
43.802092,125.217274
43.802092,125.217274
43.802092,125.217274
43.802092,125.217274
43.802092,125.217274
43.802092,125.217274
43.802092,125.217274
43.802092,125.217274
43.802092,125.217274
43.802092,125.217274
43.802092,125.217274
43.802092,125.217274
43.802092,125.217274
43.802092,125.217274
43.802092,125.217274
43.802092,125.217274
43.802092,125.217274
43.802092,125.217274
43.802092,125.217274
43.802092,125.217274
43.802092,125.217274
43.802092,125.217274
43.802092,125.217274
43.802092,125.217274
43.802092,125.217274
43.802092,125.217274
43.802092,125.217274
43.802092,125.217274
43.802092,125.217274
43.802092,125.217274
43.802092,125.217274
43.802092,125.217274
43.802092,125.217274
43.802092,125.217274
43.802092,125.217274
43.802092,125.217274
43.802092,125.217274
43.802092,125.217274
43.802092,125.217274
43.802092,125.217274
43.802092,125.217274
43.802092,125.217274
43.802092,125.217274
43.802092,125.217274
43.802092,125.217274
43.802092,125.217274
43.802092,125.217274
43.802092,125.217274
43.802092,125.217274
43.802092,125.217274
43.802092,125.217274
43.802092,125.217274
43.802092,125.217274
43.802092,125.217274
43.802092,125.217274
43.802092,125.217274
43.802092,125.217274
43.802092,125.217274
43.802092,125.217274
43.802092,125.217274
43.802092,125.217274
43.802092,125.217274
43.802092,125.217274
43.802092,125.217274
43.802092,125.217274
43.802092,125.217274
43.802092,125.217274
43.802092,125.217274
43.802092,125.217274
43.802092,125.217274
43.802092,125.217274
43.802092,125.217274
43.802092,125.217274
43.802092,125.217274
43.802092,125.217274
43.802092,125.217274
43.802092,125.217274
43.802092,125.217274
43.802092,125.217274
43.802092,125.217274
43.802092,125.217274
43.802092,125.217274
43.802092,125.217274
43.802092,125.217274
43.802092,125.217274
43.802092,125.217274
43.802092,125.217274
43.802092,125.217274
43.802092,125.217274
43.802092,125.217274
43.802092,125.217274
43.802092,125.217274
43.802092,125.217274
43.802092,125.217274
43.802092,125.217274
43.802092,125.217274
43.802092,125.217274
43.802092,125.217274
43.802092,125.217274
43.802092,125.217274
43.802092,125.217274
43.802092,125.217274
43.802092,125.217274
43.802092,125.217274
43.802092,125.217274
43.802092,125.217274
43.802092,125.217274
43.802092,125.217274
43.802092,125.217274
43.802092,125.217274
43.802092,125.217274
43.802092,125.217274
43.802092,125.217274
43.802092,125.217274
43.802092,125.217274
43.802092,125.217274
43.802092,125.217274
43.802092,125.217274
43.802092,125.217274
43.802092,125.217274
43.802092,125.217274
43.802092,125.217274
43.802092,125.217274
43.802092,125.217274
43.802092,125.217274
43.802092,125.217274
43.802092,125.217274
43.802092,125.217274
43.802092,125.217274
43.802092,125.217274
43.802092,125.217274
43.802092,125.217274
43.802092,125.217274
43.802092,125.217274
43.802092,125.217274
43.802092,125.217274
43.802092,125.217274
43.802092,125.217274
43.802092,125.217274
43.802092,125.217274
43.802092,125.217274
43.802092,125.217274
43.802092,125.217274
43.802092,125.217274
43.802092,125.217274
43.802092,125.217274
43.802092,125.217274
43.802092,125.217274
43.802092,125.217274
43.802092,125.217274
43.802092,125.217274
43.802092,125.217274
43.802092,125.217274
43.802092,125.217274
43.802092,125.217274
43.802092,125.217274
43.802092,125.217274
43.802092,125.217274
43.802092,125.217274
43.802092,125.217274
43.802092,125.217274
43.802092,125.217274
43.802092,125.217274
43.802092,125.217274
43.802092,125.217274
43.802092,125.217274
43.802092,125.217274
43.802092,125.217274
43.802092,125.217274
43.802092,125.217274
43.802092,125.217274
43.802092,125.217274
43.802092,125.217274
43.802092,125.217274
43.802092,125.217274
43.802092,125.217274
43.802092,125.217274
43.802092,125.217274
43.802092,125.217274
43.802092,125.217274
43.802092,125.217274
43.802092,125.217274
43.802092,125.217274
43.802092,125.217274
43.802092,125.217274
43.802092,125.217274
43.802092,125.217274
43.802092,125.217274
43.802092,125.217274
43.802092,125.217274
43.802092,125.217274
43.802092,125.217274
43.802092,125.217274
43.802092,125.217274
43.802092,125.217274
43.802092,125.217274
43.802092,125.217274
43.802092,125.217274
43.802092,125.217274
43.802092,125.217274
43.802092,125.217274
43.802092,125.217274
43.802092,125.217274
43.802092,125.217274
43.802092,125.217274
43.802092,125.217274
43.802092,125.217274
43.802092,125.217274
43.802092,125.217274
43.802092,125.217274
43.802092,125.217274
43.802092,125.217274
43.802092,125.217274
43.802092,125.217274
43.802092,125.217274
43.802092,125.217274
43.802092,125.217274
43.802092,125.217274
43.802092,125.217274
43.802092,125.217274
43.802092,125.217274
43.802092,125.217274
43.802092,125.217274
43.802092,125.217274
43.802092,125.217274
43.802092,125.217274
43.802092,125.217274
43.802092,125.217274
43.802092,125.217274
43.802092,125.217274
43.802092,125.217274
43.802092,125.217274
43.802092,125.217274
43.802092,125.217274
43.802092,125.217274
43.802092,125.217274
43.802092,125.217274
43.802092,125.217274
43.802092,125.217274
43.802092,125.217274
43.802092,125.217274
43.802092,125.217274
43.802092,125.217274
43.802092,125.217274
43.802092,125.217274
43.802092,125.217274
43.802092,125.217274
43.802092,125.217274
43.802092,125.217274
43.802092,125.217274
43.802092,125.217274
43.802092,125.217274
43.802092,125.217274
43.802092,125.217274
43.802092,125.217274
43.802092,125.217274
43.802092,125.217274
43.802092,125.217274
43.802092,125.217274
43.802092,125.217274
43.802092,125.217274
43.802092,125.217274
43.802092,125.217274
43.802092,125.217274
43.802092,125.217274
43.802092,125.217274
43.802092,125.217274
43.802092,125.217274
43.802092,125.217274
43.802092,125.217274
43.802092,125.217274
43.802092,125.217274
43.802092,125.217274
43.802092,125.217274
43.802092,125.217274
43.802092,125.217274
43.802092,125.217274
43.802092,125.217274
43.802092,125.217274
43.802092,125.217274
43.802092,125.217274
43.802092,125.217274
43.802092,125.217274
43.802092,125.217274
43.802092,125.217274
43.802092,125.217274
43.802092,125.217274
43.802092,125.217274
43.802092,125.217274
43.802092,125.217274
43.802092,125.217274
43.802092,125.217274
43.802092,125.217274
43.802092,125.217274
43.802092,125.217274
43.802092,125.217274
43.802092,125.217274
43.802092,125.217274
43.802092,125.217274
43.802092,125.217274
43.802092,125.217274
43.802092,125.217274
43.802092,125.217274
43.802092,125.217274
43.802092,125.217274
43.802092,125.217274
43.802092,125.217274
43.802092,125.217274
43.802092,125.217274
43.802092,125.217274
43.802092,125.217274
43.802092,125.217274
43.802092,125.217274
43.802092,125.217274
43.802092,125.217274
43.802092,125.217274
43.802092,125.217274
43.802092,125.217274
43.802092,125.217274
43.802092,125.217274
43.802092,125.217274
43.802092,125.217274
43.802092,125.217274
43.802092,125.217274
43.802092,125.217274
43.802092,125.217274
43.802092,125.217274
43.802092,125.217274
43.802092,125.217274
43.802092,125.217274
43.802092,125.217274
43.802092,125.217274
43.802092,125.217274
43.802092,125.217274
43.802092,125.217274
43.802092,125.217274
43.802092,125.217274
43.802092,125.217274
43.802092,125.217274
43.802092,125.217274
43.802092,125.217274
43.802092,125.217274
43.802092,125.217274
43.802092,125.217274
43.802092,125.217274
43.802092,125.217274
43.802092,125.217274
43.802092,125.217274
43.802092,125.217274
43.802092,125.217274
43.802092,125.217274
43.802092,125.217274
43.802092,125.217274
43.802092,125.217274
43.802092,125.217274
43.802092,125.217274
43.802092,125.217274
43.802092,125.217274
43.802092,125.217274
43.802092,125.217274
43.802092,125.217274
43.802092,125.217274
43.802092,125.217274
43.802092,125.217274
43.802092,125.217274
43.802092,125.217274
43.802092,125.217274
43.802092,125.217274
43.802092,125.217274
43.802092,125.217274
43.802092,125.217274
43.802092,125.217274
43.802092,125.217274
43.802092,125.217274
43.802092,125.217274
43.802092,125.217274
43.802092,125.217274
43.802092,125.217274
43.802092,125.217274
43.802092,125.217274
43.802092,125.217274
43.802092,125.217274
43.802092,125.217274
43.802092,125.217274
43.802092,125.217274
43.802092,125.217274
43.802092,125.217274
43.802092,125.217274
43.802092,125.217274
43.802092,125.217274
43.802092,125.217274
43.802092,125.217274
43.802092,125.217274
43.802092,125.217274
43.802092,125.217274
43.802092,125.217274
43.802092,125.217274
43.802092,125.217274
43.802092,125.217274
43.802092,125.217274
43.802092,125.217274
43.802092,125.217274
43.802092,125.217274
43.802092,125.217274
43.802092,125.217274
43.802092,125.217274
43.802092,125.217274
43.802092,125.217274
43.802092,125.217274
43.802092,125.217274
43.802092,125.217274
43.802092,125.217274
43.802092,125.217274
43.802092,125.217274
43.802092,125.217274
43.802092,125.217274
43.802092,125.217274
43.802092,125.217274
43.802092,125.217274
43.802092,125.217274
43.802092,125.217274
43.802092,125.217274
43.802092,125.217274
43.802092,125.217274
43.802092,125.217274
43.802092,125.217274
43.802092,125.217274
43.802092,125.217274
43.802092,125.217274
43.802092,125.217274
43.802092,125.217274
43.802092,125.217274
43.802092,125.217274
43.802092,125.217274
43.802092,125.217274
43.802092,125.217274
43.802092,125.217274
43.802092,125.217274
43.802092,125.217274
43.802092,125.217274
43.802092,125.217274
43.802092,125.217274
43.802092,125.217274
43.802092,125.217274
43.802092,125.217274
43.802092,125.217274
43.802092,125.217274
43.802092,125.217274
43.802092,125.217274
43.802092,125.217274
43.802092,125.217274
43.802092,125.217274
43.802092,125.217274
43.802092,125.217274
43.802092,125.217274
43.802092,125.217274
43.802092,125.217274
43.802092,125.217274
43.802092,125.217274
43.802092,125.217274
43.802092,125.217274
43.802092,125.217274
43.802092,125.217274
43.802092,125.217274
43.802092,125.217274
43.802092,125.217274
43.802092,125.217274
43.802092,125.217274
43.802092,125.217274
43.802092,125.217274
43.802092,125.217274
43.802092,125.217274
43.802092,125.217274
43.802092,125.217274
43.802092,125.217274
43.802092,125.217274
43.802092,125.217274
43.802092,125.217274
43.802092,125.217274
43.802092,125.217274
43.802092,125.217274
43.802092,125.217274
43.802092,125.217274
43.802092,125.217274
43.802092,125.217274
43.802092,125.217274
43.802092,125.217274
43.802092,125.217274
43.802092,125.217274
43.802092,125.217274
43.802092,125.217274
43.802092,125.217274
43.802092,125.217274
43.802092,125.217274
43.802092,125.217274
43.802092,125.217274
43.802092,125.217274
43.802092,125.217274
43.802092,125.217274
43.802092,125.217274
43.802092,125.217274
43.802092,125.217274
43.802092,125.217274
43.802092,125.217274
43.802092,125.217274
43.802092,125.217274
43.802092,125.217274
43.802092,125.217274
43.802092,125.217274
43.802092,125.217274
43.802092,125.217274
43.802092,125.217274
43.802092,125.217274
43.802092,125.217274
43.802092,125.217274
43.802092,125.217274
43.802092,125.217274
43.802092,125.217274
43.802092,125.217274
43.802092,125.217274
43.802092,125.217274
43.802092,125.217274
43.802092,125.217274
43.802092,125.217274
43.802092,125.217274
43.802092,125.217274
43.802092,125.217274
43.802092,125.217274
43.802092,125.217274
43.802092,125.217274
43.802092,125.217274
43.802092,125.217274
43.802092,125.217274
43.802092,125.217274
43.802092,125.217274
43.802092,125.217274
43.802092,125.217274
43.802092,125.217274
43.802092,125.217274
43.802092,125.217274
43.802092,125.217274
43.802092,125.217274
43.802092,125.217274
43.802092,125.217274
43.802092,125.217274
43.802092,125.217274
43.802092,125.217274
43.802092,125.217274
43.802092,125.217274
43.802092,125.217274
43.802092,125.217274
43.802092,125.217274
43.802092,125.217274
43.802092,125.217274
43.802092,125.217274
43.802092,125.217274
43.802092,125.217274
43.802092,125.217274
43.802092,125.217274
43.802092,125.217274
43.802092,125.217274
43.802092,125.217274
43.802092,125.217274
43.802092,125.217274
43.802092,125.217274
43.802092,125.217274
43.802092,125.217274
43.802092,125.217274
43.802092,125.217274
43.802092,125.217274
43.802092,125.217274
43.802092,125.217274
43.802092,125.217274
43.802092,125.217274
43.802092,125.217274
43.802092,125.217274
43.802092,125.217274
43.802092,125.217274
43.802092,125.217274
43.802092,125.217274
43.802092,125.217274
43.802092,125.217274
43.802092,125.217274
43.802092,125.217274
43.802092,125.217274
43.802092,125.217274
43.802092,125.217274
43.802092,125.217274
43.802092,125.217274
43.802092,125.217274
43.802092,125.217274
43.802092,125.217274
43.802092,125.217274
43.802092,125.217274
43.802092,125.217274
43.802092,125.217274
43.802092,125.217274
43.802092,125.217274
43.802092,125.217274
43.802092,125.217274
43.802092,125.217274
43.802092,125.217274
43.802092,125.217274
43.802092,125.217274
43.802092,125.217274
43.802092,125.217274
43.802092,125.217274
43.802092,125.217274
43.802092,125.217274
43.802092,125.217274
43.802092,125.217274
43.802092,125.217274
43.802092,125.217274
43.802092,125.217274
43.802092,125.217274
43.802092,125.217274
43.802092,125.217274
43.802092,125.217274
43.802092,125.217274
43.802092,125.217274
43.802092,125.217274
43.802092,125.217274
43.802092,125.217274
43.802092,125.217274
43.802092,125.217274
43.802092,125.217274
43.802092,125.217274
43.802092,125.217274
43.802092,125.217274
43.802092,125.217274
43.802092,125.217274
43.802092,125.217274
43.802092,125.217274
43.802092,125.217274
43.802092,125.217274
43.802092,125.217274
43.802092,125.217274
43.802092,125.217274
43.802092,125.217274
43.802092,125.217274
43.802092,125.217274
43.802092,125.217274
43.802092,125.217274
43.802092,125.217274
43.802092,125.217274
43.802092,125.217274
43.802092,125.217274
43.802092,125.217274
43.802092,125.217274
43.802092,125.217274
43.802092,125.217274
43.802092,125.217274
43.802092,125.217274
43.802092,125.217274
43.802092,125.217274
43.802092,125.217274
43.802092,125.217274
43.802092,125.217274
43.802092,125.217274
43.802092,125.217274
43.802092,125.217274
43.802092,125.217274
43.802092,125.217274
43.802092,125.217274
43.802092,125.217274
43.802092,125.217274
43.802092,125.217274
43.802092,125.217274
43.802092,125.217274
43.802092,125.217274
43.802092,125.217274
43.802092,125.217274
43.802092,125.217274
43.802092,125.217274
43.802092,125.217274
43.802092,125.217274
43.802092,125.217274
43.802092,125.217274
43.802092,125.217274
43.802092,125.217274
43.802092,125.217274
43.802092,125.217274
43.802092,125.217274
43.802092,125.217274
43.802092,125.217274
43.802092,125.217274
43.802092,125.217274
43.802092,125.217274
43.802092,125.217274
43.802092,125.217274
43.802092,125.217274
43.802092,125.217274
43.802092,125.217274
43.802092,125.217274
43.802092,125.217274
43.802092,125.217274
43.802092,125.217274
43.802092,125.217274
43.802092,125.217274
43.802092,125.217274
43.802092,125.217274
43.802092,125.217274
43.802092,125.217274
43.802092,125.217274
43.802092,125.217274
43.802092,125.217274
43.802092,125.217274
43.802092,125.217274
43.802092,125.217274
43.802092,125.217274
43.802092,125.217274
43.802092,125.217274
43.802092,125.217274
43.802092,125.217274
43.802092,125.217274
43.802092,125.217274
43.802092,125.217274
43.802092,125.217274
43.802092,125.217274
43.802092,125.217274
43.802092,125.217274
43.802092,125.217274
43.802092,125.217274
43.802092,125.217274
43.802092,125.217274
43.802092,125.217274
43.802092,125.217274
43.802092,125.217274
43.802092,125.217274
43.802092,125.217274
43.802092,125.217274
43.802092,125.217274
43.802092,125.217274
43.802092,125.217274
43.802092,125.217274
43.802092,125.217274
43.802092,125.217274
43.802092,125.217274
43.802092,125.217274
43.802092,125.217274
43.802092,125.217274
43.802092,125.217274
43.802092,125.217274
43.802092,125.217274
43.802092,125.217274
43.802092,125.217274
43.802092,125.217274
43.802092,125.217274
43.802092,125.217274
43.802092,125.217274
43.802092,125.217274
43.802092,125.217274
43.802092,125.217274
43.802092,125.217274
43.802092,125.217274
43.802092,125.217274
43.802092,125.217274
43.802092,125.217274
43.802092,125.217274
43.802092,125.217274
43.802092,125.217274
43.802092,125.217274
43.802092,125.217274
43.802092,125.217274
43.802092,125.217274
43.802092,125.217274
43.802092,125.217274
43.802092,125.217274
43.802092,125.217274
43.802092,125.217274
43.802092,125.217274
43.802092,125.217274
43.802092,125.217274
43.802092,125.217274
43.802092,125.217274
43.802092,125.217274
43.802092,125.217274
43.802092,125.217274
43.802092,125.217274
43.802092,125.217274
43.802092,125.217274
43.802092,125.217274
43.802092,125.217274
43.802092,125.217274
43.802092,125.217274
43.802092,125.217274
43.802092,125.217274
43.802092,125.217274
43.802092,125.217274
43.802092,125.217274
43.802092,125.217274
43.802092,125.217274
43.802092,125.217274
43.802092,125.217274
43.802092,125.217274
43.802092,125.217274
43.802092,125.217274
43.802092,125.217274
43.802092,125.217274
43.802092,125.217274
43.802092,125.217274
43.802092,125.217274
43.802092,125.217274
43.802092,125.217274
43.802092,125.217274
43.802092,125.217274
43.802092,125.217274
43.802092,125.217274
43.802092,125.217274
43.802092,125.217274
43.802092,125.217274
43.802092,125.217274
43.802092,125.217274
43.802092,125.217274
43.802092,125.217274
43.802092,125.217274
43.802092,125.217274
43.802092,125.217274
43.802092,125.217274
43.802092,125.217274
43.802092,125.217274
43.802092,125.217274
43.802092,125.217274
43.802092,125.217274
43.802092,125.217274
43.802092,125.217274
43.802092,125.217274
43.802092,125.217274
43.802092,125.217274
43.802092,125.217274
43.802092,125.217274
43.802092,125.217274
43.802092,125.217274
43.802092,125.217274
43.802092,125.217274
43.802092,125.217274
43.802092,125.217274
43.802092,125.217274
43.802092,125.217274
43.802092,125.217274
43.802092,125.217274
43.802092,125.217274
43.802092,125.217274
43.802092,125.217274
43.802092,125.217274
43.802092,125.217274
43.802092,125.217274
43.802092,125.217274
43.802092,125.217274
43.802092,125.217274
43.802092,125.217274
43.802092,125.217274
43.802092,125.217274
43.802092,125.217274
43.802092,125.217274
43.802092,125.217274
43.802092,125.217274
43.802092,125.217274
43.802092,125.217274
43.802092,125.217274
43.802092,125.217274
43.802092,125.217274
43.802092,125.217274
43.802092,125.217274
43.802092,125.217274
43.802092,125.217274
43.802092,125.217274
43.802092,125.217274
43.802092,125.217274
43.802092,125.217274
43.802092,125.217274
43.802092,125.217274
43.802092,125.217274
43.802092,125.217274
43.802092,125.217274
43.802092,125.217274
43.802092,125.217274
43.802092,125.217274
43.802092,125.217274
43.802092,125.217274
43.802092,125.217274
43.802092,125.217274
43.802092,125.217274
43.802092,125.217274
43.802092,125.217274
43.802092,125.217274
43.802092,125.217274
43.802092,125.217274
43.802092,125.217274
43.802092,125.217274
43.802092,125.217274
43.802092,125.217274
43.802092,125.217274
43.802092,125.217274
43.802092,125.217274
43.802092,125.217274
43.802092,125.217274
43.802092,125.217274
43.802092,125.217274
43.802092,125.217274
43.802092,125.217274
43.802092,125.217274
43.802092,125.217274
43.802092,125.217274
43.802092,125.217274
43.802092,125.217274
43.802092,125.217274
43.802092,125.217274
43.802092,125.217274
43.802092,125.217274
43.802092,125.217274
43.802092,125.217274
43.802092,125.217274
43.802092,125.217274
43.802092,125.217274
43.802092,125.217274
43.802092,125.217274
43.802092,125.217274
43.802092,125.217274
43.802092,125.217274
43.802092,125.217274
43.802092,125.217274
43.802092,125.217274
43.802092,125.217274
43.802092,125.217274
43.802092,125.217274
43.802092,125.217274
43.802092,125.217274
43.802092,125.217274
43.802092,125.217274
43.802092,125.217274
43.802092,125.217274
43.802092,125.217274
43.802092,125.217274
43.802092,125.217274
43.802092,125.217274
43.802092,125.217274
43.802092,125.217274
43.802092,125.217274
43.802092,125.217274
43.802092,125.217274
43.802092,125.217274
43.802092,125.217274
43.802092,125.217274
43.802092,125.217274
43.802092,125.217274
43.802092,125.217274
43.802092,125.217274
43.802092,125.217274
43.802092,125.217274
43.802092,125.217274
43.802092,125.217274
43.802092,125.217274
43.802092,125.217274
43.802092,125.217274
43.802092,125.217274
43.802092,125.217274
43.802092,125.217274
43.802092,125.217274
43.802092,125.217274
43.802092,125.217274
43.802092,125.217274
43.802092,125.217274
43.802092,125.217274
43.802092,125.217274
43.802092,125.217274
43.802092,125.217274
43.802092,125.217274
43.802092,125.217274
43.802092,125.217274
43.802092,125.217274
43.802092,125.217274
43.802092,125.217274
43.802092,125.217274
43.802092,125.217274
43.802092,125.217274
43.802092,125.217274
43.802092,125.217274
43.802092,125.217274
43.802092,125.217274
43.802092,125.217274
43.802092,125.217274
43.802092,125.217274
43.802092,125.217274
43.802092,125.217274
43.802092,125.217274
43.802092,125.217274
43.802092,125.217274
43.802092,125.217274
43.802092,125.217274
43.802092,125.217274
43.802092,125.217274
43.802092,125.217274
43.802092,125.217274
43.802092,125.217274
43.802092,125.217274
43.802092,125.217274
43.802092,125.217274
43.802092,125.217274
43.802092,125.217274
43.802092,125.217274
43.802092,125.217274
43.802092,125.217274
43.802092,125.217274
43.802092,125.217274
43.802092,125.217274
43.802092,125.217274
43.802092,125.217274
43.802092,125.217274
43.802092,125.217274
43.802092,125.217274
43.802092,125.217274
43.802092,125.217274
43.802092,125.217274
43.802092,125.217274
43.802092,125.217274
43.802092,125.217274
43.802092,125.217274
43.802092,125.217274
43.802092,125.217274
43.802092,125.217274
43.802092,125.217274
43.802092,125.217274
43.802092,125.217274
43.802092,125.217274
43.802092,125.217274
43.802092,125.217274
43.802092,125.217274
43.802092,125.217274
43.802092,125.217274
43.802092,125.217274
43.802092,125.217274
43.802092,125.217274
43.802092,125.217274
43.802092,125.217274
43.802092,125.217274
43.802092,125.217274
43.802092,125.217274
43.802092,125.217274
43.802092,125.217274
43.802092,125.217274
43.802092,125.217274
43.802092,125.217274
43.802092,125.217274
43.802092,125.217274
43.802092,125.217274
43.802092,125.217274
43.802092,125.217274
43.802092,125.217274
43.802092,125.217274
43.802092,125.217274
43.802092,125.217274
43.802092,125.217274
43.802092,125.217274
43.802092,125.217274
43.802092,125.217274
43.802092,125.217274
43.802092,125.217274
43.802092,125.217274
43.802092,125.217274
43.802092,125.217274
43.802092,125.217274
43.802092,125.217274
43.802092,125.217274
43.802092,125.217274
43.802092,125.217274
43.802092,125.217274
43.802092,125.217274
43.802092,125.217274
43.802092,125.217274
43.802092,125.217274
43.802092,125.217274
43.802092,125.217274
43.802092,125.217274
43.802092,125.217274
43.802092,125.217274
43.802092,125.217274
43.802092,125.217274
43.802092,125.217274
43.802092,125.217274
43.802092,125.217274
43.802092,125.217274
43.802092,125.217274
43.802092,125.217274
43.802092,125.217274
43.802092,125.217274
43.802092,125.217274
43.802092,125.217274
43.802092,125.217274
43.802092,125.217274
43.802092,125.217274
43.802092,125.217274
43.802092,125.217274
43.802092,125.217274
43.802092,125.217274
43.802092,125.217274
43.802092,125.217274
43.802092,125.217274
43.802092,125.217274
43.802092,125.217274
43.802092,125.217274
43.802092,125.217274
43.802092,125.217274
43.802092,125.217274
43.802092,125.217274
43.802092,125.217274
43.802092,125.217274
43.802092,125.217274
43.802092,125.217274
43.802092,125.217274
43.802092,125.217274
43.802092,125.217274
43.802092,125.217274
43.802092,125.217274
43.802092,125.217274
43.802092,125.217274
43.802092,125.217274
43.802092,125.217274
43.802092,125.217274
43.802092,125.217274
43.802092,125.217274
43.802092,125.217274
43.802092,125.217274
43.802092,125.217274
43.802092,125.217274
43.802092,125.217274
43.802092,125.217274
43.802092,125.217274
43.802092,125.217274
43.802092,125.217274
43.802092,125.217274
43.802092,125.217274
43.802092,125.217274
43.802092,125.217274
43.802092,125.217274
43.802092,125.217274
43.802092,125.217274
43.802092,125.217274
43.802092,125.217274
43.802092,125.217274
43.802092,125.217274
43.802092,125.217274
43.802092,125.217274
43.802092,125.217274
43.802092,125.217274
43.802092,125.217274
43.802092,125.217274
43.802092,125.217274
43.802092,125.217274
43.802092,125.217274
43.802092,125.217274
43.802092,125.217274
43.802092,125.217274
43.802092,125.217274
43.802092,125.217274
43.802092,125.217274
43.802092,125.217274
43.802092,125.217274
43.802092,125.217274
43.802092,125.217274
43.802092,125.217274
43.802092,125.217274
43.802092,125.217274
43.802092,125.217274
43.802092,125.217274
43.802092,125.217274
43.802092,125.217274
43.802092,125.217274
43.802092,125.217274
43.802092,125.217274
43.802092,125.217274
43.802092,125.217274
43.802092,125.217274
43.802092,125.217274
43.802092,125.217274
43.802092,125.217274
43.802092,125.217274
43.802092,125.217274
43.802092,125.217274
43.802092,125.217274
43.802092,125.217274
43.802092,125.217274
43.802092,125.217274
43.802092,125.217274
43.802092,125.217274
43.802092,125.217274
43.802092,125.217274
43.802092,125.217274
43.802092,125.217274
43.802092,125.217274
43.802092,125.217274
43.802092,125.217274
43.802092,125.217274
43.802092,125.217274
43.802092,125.217274
43.802092,125.217274
43.802092,125.217274
43.802092,125.217274
43.802092,125.217274
43.802092,125.217274
43.802092,125.217274
43.802092,125.217274
43.802092,125.217274
43.802092,125.217274
43.802092,125.217274
43.802092,125.217274
43.802092,125.217274
43.802092,125.217274
43.802092,125.217274
43.802092,125.217274
43.802092,125.217274
43.802092,125.217274
43.802092,125.217274
43.802092,125.217274
43.802092,125.217274
43.802092,125.217274
43.802092,125.217274
43.802092,125.217274
43.802092,125.217274
43.802092,125.217274
43.802092,125.217274
43.802092,125.217274
43.802092,125.217274
43.802092,125.217274
43.802092,125.217274
43.802092,125.217274
43.802092,125.217274
43.802092,125.217274
43.802092,125.217274
43.802092,125.217274
43.802092,125.217274
43.802092,125.217274
43.802092,125.217274
43.802092,125.217274
43.802092,125.217274
43.802092,125.217274
43.802092,125.217274
43.802092,125.217274
43.802092,125.217274
43.802092,125.217274
43.802092,125.217274
43.802092,125.217274
43.802092,125.217274
43.802092,125.217274
43.802092,125.217274
43.802092,125.217274
43.802092,125.217274
43.802092,125.217274
43.802092,125.217274
43.802092,125.217274
43.802092,125.217274
43.802092,125.217274
43.802092,125.217274
43.802092,125.217274
43.802092,125.217274
43.802092,125.217274
43.802092,125.217274
43.802092,125.217274
43.802092,125.217274
43.802092,125.217274
43.802092,125.217274
43.802092,125.217274
43.802092,125.217274
43.802092,125.217274
43.802092,125.217274
43.802092,125.217274
43.802092,125.217274
43.802092,125.217274
43.802092,125.217274
43.802092,125.217274
43.802092,125.217274
43.802092,125.217274
43.802092,125.217274
43.802092,125.217274
43.802092,125.217274
43.802092,125.217274
43.802092,125.217274
43.802092,125.217274
43.802092,125.217274
43.802092,125.217274
43.802092,125.217274
43.802092,125.217274
43.802092,125.217274
43.802092,125.217274
43.802092,125.217274
43.802092,125.217274
43.802092,125.217274
43.802092,125.217274
43.802092,125.217274
43.802092,125.217274
43.802092,125.217274
43.802092,125.217274
43.802092,125.217274
43.802092,125.217274
43.802092,125.217274
43.802092,125.217274
43.802092,125.217274
43.802092,125.217274
43.802092,125.217274
43.802092,125.217274
43.802092,125.217274
43.802092,125.217274
43.802092,125.217274
43.802092,125.217274
43.802092,125.217274
43.802092,125.217274
43.802092,125.217274
43.802092,125.217274
43.802092,125.217274
43.802092,125.217274
43.802092,125.217274
43.802092,125.217274
43.802092,125.217274
43.802092,125.217274
43.802092,125.217274
43.802092,125.217274
43.802092,125.217274
43.802092,125.217274
43.802092,125.217274
43.802092,125.217274
43.802092,125.217274
43.802092,125.217274
43.802092,125.217274
43.802092,125.217274
43.802092,125.217274
43.802092,125.217274
43.802092,125.217274
43.802092,125.217274
43.802092,125.217274
43.802092,125.217274
43.802092,125.217274
43.802092,125.217274
43.802092,125.217274
43.802092,125.217274
43.802092,125.217274
43.802092,125.217274
43.802092,125.217274
43.802092,125.217274
43.802092,125.217274
43.802092,125.217274
43.802092,125.217274
43.802092,125.217274
43.802092,125.217274
43.802092,125.217274
43.802092,125.217274
43.802092,125.217274
43.802092,125.217274
43.802092,125.217274
43.802092,125.217274
43.802092,125.217274
43.802092,125.217274
43.802092,125.217274
43.802092,125.217274
43.802092,125.217274
43.802092,125.217274
43.802092,125.217274
43.802092,125.217274
43.802092,125.217274
43.802092,125.217274
43.802092,125.217274
43.802092,125.217274
43.802092,125.217274
43.802092,125.217274
43.802092,125.217274
43.802092,125.217274
43.802092,125.217274
43.802092,125.217274
43.802092,125.217274
43.802092,125.217274
43.802092,125.217274
43.802092,125.217274
43.802092,125.217274
43.802092,125.217274
43.802092,125.217274
43.802092,125.217274
43.802092,125.217274
43.802092,125.217274
43.802092,125.217274
43.802092,125.217274
43.802092,125.217274
43.802092,125.217274
43.802092,125.217274
43.802092,125.217274
43.802092,125.217274
43.802092,125.217274
43.802092,125.217274
43.802092,125.217274
43.802092,125.217274
43.802092,125.217274
43.802092,125.217274
43.802092,125.217274
43.802092,125.217274
43.802092,125.217274
43.802092,125.217274
43.802092,125.217274
43.802092,125.217274
43.802092,125.217274
43.802092,125.217274
43.802092,125.217274
43.802092,125.217274
43.802092,125.217274
43.802092,125.217274
43.802092,125.217274
43.802092,125.217274
43.802092,125.217274
43.802092,125.217274
43.802092,125.217274
43.802092,125.217274
43.802092,125.217274
43.802092,125.217274
43.802092,125.217274
43.802092,125.217274
43.802092,125.217274
43.802092,125.217274
43.802092,125.217274
43.802092,125.217274
43.802092,125.217274
43.802092,125.217274
43.802092,125.217274
43.802092,125.217274
43.802092,125.217274
43.802092,125.217274
43.802092,125.217274
43.802092,125.217274
43.802092,125.217274
43.802092,125.217274
43.802092,125.217274
43.802092,125.217274
43.802092,125.217274
43.802092,125.217274
43.802092,125.217274
43.802092,125.217274
43.802092,125.217274
43.802092,125.217274
43.802092,125.217274
43.802092,125.217274
43.802092,125.217274
43.802092,125.217274
43.802092,125.217274
43.802092,125.217274
43.802092,125.217274
43.802092,125.217274
43.802092,125.217274
43.802092,125.217274
43.802092,125.217274
43.802092,125.217274
43.802092,125.217274
43.802092,125.217274
43.802092,125.217274
43.802092,125.217274
43.802092,125.217274
43.802092,125.217274
43.802092,125.217274
43.802092,125.217274
43.802092,125.217274
43.802092,125.217274
43.802092,125.217274
43.802092,125.217274
43.802092,125.217274
43.802092,125.217274
43.802092,125.217274
43.802092,125.217274
43.802092,125.217274
43.802092,125.217274
43.802092,125.217274
43.802092,125.217274
43.802092,125.217274
43.802092,125.217274
43.802092,125.217274
43.802092,125.217274
43.802092,125.217274
43.802092,125.217274
43.802092,125.217274
43.802092,125.217274
43.802092,125.217274
43.802092,125.217274
43.802092,125.217274
43.802092,125.217274
43.802092,125.217274
43.802092,125.217274
43.802092,125.217274
43.802092,125.217274
43.802092,125.217274
43.802092,125.217274
43.802092,125.217274
43.802092,125.217274
43.802092,125.217274
43.802092,125.217274
43.802092,125.217274
43.802092,125.217274
43.802092,125.217274
43.802092,125.217274
43.802092,125.217274
43.802092,125.217274
43.802092,125.217274
43.802092,125.217274
43.802092,125.217274
43.802092,125.217274
43.802092,125.217274
43.802092,125.217274
43.802092,125.217274
43.802092,125.217274
43.802092,125.217274
43.802092,125.217274
43.802092,125.217274
43.802092,125.217274
43.802092,125.217274
43.802092,125.217274
43.802092,125.217274
43.802092,125.217274
43.802092,125.217274
43.802092,125.217274
43.802092,125.217274
43.802092,125.217274
43.802092,125.217274
43.802092,125.217274
43.802092,125.217274
43.802092,125.217274
43.802092,125.217274
43.802092,125.217274
43.802092,125.217274
43.802092,125.217274
43.802092,125.217274
43.802092,125.217274
43.802092,125.217274
43.802092,125.217274
43.802092,125.217274
43.802092,125.217274
43.802092,125.217274
43.802092,125.217274
43.802092,125.217274
43.802092,125.217274
43.802092,125.217274
43.802092,125.217274
43.802092,125.217274
43.802092,125.217274
43.802092,125.217274
43.802092,125.217274
43.802092,125.217274
43.802092,125.217274
43.802092,125.217274
43.802092,125.217274
43.802092,125.217274
43.802092,125.217274
43.802092,125.217274
43.802092,125.217274
43.802092,125.217274
43.802092,125.217274
43.802092,125.217274
43.802092,125.217274
43.802092,125.217274
43.802092,125.217274
43.802092,125.217274
43.802092,125.217274
43.802092,125.217274
43.802092,125.217274
43.802092,125.217274
43.802092,125.217274
43.802092,125.217274
43.802092,125.217274
43.802092,125.217274
43.802092,125.217274
43.802092,125.217274
43.802092,125.217274
43.802092,125.217274
43.802092,125.217274
43.802092,125.217274
43.802092,125.217274
43.802092,125.217274
43.802092,125.217274
43.802092,125.217274
43.802092,125.217274
43.802092,125.217274
43.802092,125.217274
43.802092,125.217274
43.802092,125.217274
43.802092,125.217274
43.802092,125.217274
43.802092,125.217274
43.802092,125.217274
43.802092,125.217274
43.802092,125.217274
43.802092,125.217274
43.802092,125.217274
43.802092,125.217274
43.802092,125.217274
43.802092,125.217274
43.802092,125.217274
43.802092,125.217274
43.802092,125.217274
43.802092,125.217274
43.802092,125.217274
43.802092,125.217274
43.802092,125.217274
43.802092,125.217274
43.802092,125.217274
43.802092,125.217274
43.802092,125.217274
43.802092,125.217274
43.802092,125.217274
43.802092,125.217274
43.802092,125.217274
43.802092,125.217274
43.802092,125.217274
43.802092,125.217274
43.802092,125.217274
43.802092,125.217274
43.802092,125.217274
43.802092,125.217274
43.802092,125.217274
43.802092,125.217274
43.802092,125.217274
43.802092,125.217274
43.802092,125.217274
43.802092,125.217274
43.802092,125.217274
43.802092,125.217274
43.802092,125.217274
43.802092,125.217274
43.802092,125.217274
43.802092,125.217274
43.802092,125.217274
43.802092,125.217274
43.802092,125.217274
43.802092,125.217274
43.802092,125.217274
43.802092,125.217274
43.802092,125.217274
43.802092,125.217274
43.802092,125.217274
43.802092,125.217274
43.802092,125.217274
43.802092,125.217274
43.802092,125.217274
43.802092,125.217274
43.802092,125.217274
43.802092,125.217274
43.802092,125.217274
43.802092,125.217274
43.802092,125.217274
43.802092,125.217274
43.802092,125.217274
43.802092,125.217274
43.802092,125.217274
43.802092,125.217274
43.802092,125.217274
43.802092,125.217274
43.802092,125.217274
43.802092,125.217274
43.802092,125.217274
43.802092,125.217274
43.802092,125.217274
43.802092,125.217274
43.802092,125.217274
43.802092,125.217274
43.802092,125.217274
43.802092,125.217274
43.802092,125.217274
43.802092,125.217274
43.802092,125.217274
43.802092,125.217274
43.802092,125.217274
43.802092,125.217274
43.802092,125.217274
43.802092,125.217274
43.802092,125.217274
43.802092,125.217274
43.802092,125.217274
43.802092,125.217274
43.802092,125.217274
43.802092,125.217274
43.802092,125.217274
43.802092,125.217274
43.802092,125.217274
43.802092,125.217274
43.802092,125.217274
43.802092,125.217274
43.802092,125.217274
43.802092,125.217274
43.802092,125.217274
43.802092,125.217274
43.802092,125.217274
43.802092,125.217274
43.802092,125.217274
43.802092,125.217274
43.802092,125.217274
43.802092,125.217274
43.802092,125.217274
43.802092,125.217274
43.802092,125.217274
43.802092,125.217274
43.802092,125.217274
43.802092,125.217274
43.802092,125.217274
43.802092,125.217274
43.802092,125.217274
43.802092,125.217274
43.802092,125.217274
43.802092,125.217274
43.802092,125.217274
43.802092,125.217274
43.802092,125.217274
43.802092,125.217274
43.802092,125.217274
43.802092,125.217274
43.802092,125.217274
43.802092,125.217274
43.802092,125.217274
43.802092,125.217274
43.802092,125.217274
43.802092,125.217274
43.802092,125.217274
43.802092,125.217274
43.802092,125.217274
43.802092,125.217274
43.802092,125.217274
43.802092,125.217274
43.802092,125.217274
43.802092,125.217274
43.802092,125.217274
43.802092,125.217274
43.802092,125.217274
43.802092,125.217274
43.802092,125.217274
43.802092,125.217274
43.802092,125.217274
43.802092,125.217274
43.802092,125.217274
43.802092,125.217274
43.802092,125.217274
43.802092,125.217274
43.802092,125.217274
43.802092,125.217274
43.802092,125.217274
43.802092,125.217274
43.802092,125.217274
43.802092,125.217274
43.802092,125.217274
43.802092,125.217274
43.802092,125.217274
43.802092,125.217274
43.802092,125.217274
43.802092,125.217274
43.802092,125.217274
43.802092,125.217274
43.802092,125.217274
43.802092,125.217274
43.802092,125.217274
43.802092,125.217274
43.802092,125.217274
43.802092,125.217274
43.802092,125.217274
43.802092,125.217274
43.802092,125.217274
43.802092,125.217274
43.802092,125.217274
43.802092,125.217274
43.802092,125.217274
43.802092,125.217274
43.802092,125.217274
43.802092,125.217274
43.802092,125.217274
43.802092,125.217274
43.802092,125.217274
43.802092,125.217274
43.802092,125.217274
43.802092,125.217274
43.802092,125.217274
43.802092,125.217274
43.802092,125.217274
43.802092,125.217274
43.802092,125.217274
43.802092,125.217274
43.802092,125.217274
43.802092,125.217274
43.802092,125.217274
43.802092,125.217274
43.802092,125.217274
43.802092,125.217274
43.802092,125.217274
43.802092,125.217274
43.802092,125.217274
43.802092,125.217274
43.802092,125.217274
43.802092,125.217274
43.802092,125.217274
43.802092,125.217274
43.802092,125.217274
43.802092,125.217274
43.802092,125.217274
43.802092,125.217274
43.802092,125.217274
43.802092,125.217274
43.802092,125.217274
43.802092,125.217274
43.802092,125.217274
43.802092,125.217274
43.802092,125.217274
43.802092,125.217274
43.802092,125.217274
43.802092,125.217274
43.802092,125.217274
43.802092,125.217274
43.802092,125.217274
43.802092,125.217274
43.802092,125.217274
43.802092,125.217274
43.802092,125.217274
43.802092,125.217274
43.802092,125.217274
43.802092,125.217274
43.802092,125.217274
43.802092,125.217274
43.802092,125.217274
43.802092,125.217274
43.802092,125.217274
43.802092,125.217274
43.802092,125.217274
43.802092,125.217274
43.802092,125.217274
43.802092,125.217274
43.802092,125.217274
43.802092,125.217274
43.802092,125.217274
43.802092,125.217274
43.802092,125.217274
43.802092,125.217274
43.802092,125.217274
43.802092,125.217274
43.802092,125.217274
43.802092,125.217274
43.802092,125.217274
43.802092,125.217274
43.802092,125.217274
43.802092,125.217274
43.802092,125.217274
43.802092,125.217274
43.802092,125.217274
43.802092,125.217274
43.802092,125.217274
43.802092,125.217274
43.802092,125.217274
43.802092,125.217274
43.802092,125.217274
43.802092,125.217274
43.802092,125.217274
43.802092,125.217274
43.802092,125.217274
43.802092,125.217274
43.802092,125.217274
43.802092,125.217274
43.802092,125.217274
43.802092,125.217274
43.802092,125.217274
43.802092,125.217274
43.802092,125.217274
43.802092,125.217274
43.802092,125.217274
43.802092,125.217274
43.802092,125.217274
43.802092,125.217274
43.802092,125.217274
43.802092,125.217274
43.802092,125.217274
43.802092,125.217274
43.802092,125.217274
43.802092,125.217274
43.802092,125.217274
43.802092,125.217274
43.802092,125.217274
43.802092,125.217274
43.802092,125.217274
43.802092,125.217274
43.802092,125.217274
43.802092,125.217274
43.802092,125.217274
43.802092,125.217274
43.802092,125.217274
43.802092,125.217274
43.802092,125.217274
43.802092,125.217274
43.802092,125.217274
43.802092,125.217274
43.802092,125.217274
43.802092,125.217274
43.802092,125.217274
43.802092,125.217274
43.802092,125.217274
43.802092,125.217274
43.802092,125.217274
43.802092,125.217274
43.802092,125.217274
43.802092,125.217274
43.802092,125.217274
43.802092,125.217274
43.802092,125.217274
43.802092,125.217274
43.802092,125.217274
43.802092,125.217274
43.802092,125.217274
43.802092,125.217274
43.802092,125.217274
43.802092,125.217274
43.802092,125.217274
43.802092,125.217274
43.802092,125.217274
43.802092,125.217274
43.802092,125.217274
43.802092,125.217274
43.802092,125.217274
43.802092,125.217274
43.802092,125.217274
43.802092,125.217274
43.802092,125.217274
43.802092,125.217274
43.802092,125.217274
43.802092,125.217274
43.802092,125.217274
43.802092,125.217274
43.802092,125.217274
43.802092,125.217274
43.802092,125.217274
43.802092,125.217274
43.802092,125.217274
43.802092,125.217274
43.802092,125.217274
43.802092,125.217274
43.802092,125.217274
43.802092,125.217274
43.802092,125.217274
43.802092,125.217274
43.802092,125.217274
43.802092,125.217274
43.802092,125.217274
43.802092,125.217274
43.802092,125.217274
43.802092,125.217274
43.802092,125.217274
43.802092,125.217274
43.802092,125.217274
43.802092,125.217274
43.802092,125.217274
43.802092,125.217274
43.802092,125.217274
43.802092,125.217274
43.802092,125.217274
43.802092,125.217274
43.802092,125.217274
43.802092,125.217274
43.802092,125.217274
43.802092,125.217274
43.802092,125.217274
43.802092,125.217274
43.802092,125.217274
43.802092,125.217274
43.802092,125.217274
43.802092,125.217274
43.802092,125.217274
43.802092,125.217274
43.802092,125.217274
43.802092,125.217274
43.802092,125.217274
43.802092,125.217274
43.802092,125.217274
43.802092,125.217274
43.802092,125.217274
43.802092,125.217274
43.802092,125.217274
43.802092,125.217274
43.802092,125.217274
43.802092,125.217274
43.802092,125.217274
43.802092,125.217274
43.802092,125.217274
43.802092,125.217274
43.802092,125.217274
43.802092,125.217274
43.802092,125.217274
43.802092,125.217274
43.802092,125.217274
43.802092,125.217274
43.802092,125.217274
43.802092,125.217274
43.802092,125.217274
43.802092,125.217274
43.802092,125.217274
43.802092,125.217274
43.802092,125.217274
43.802092,125.217274
43.802092,125.217274
43.802092,125.217274
43.802092,125.217274
43.802092,125.217274
43.802092,125.217274
43.802092,125.217274
43.802092,125.217274
43.802092,125.217274
43.802092,125.217274
43.802092,125.217274
43.802092,125.217274
43.802092,125.217274
43.802092,125.217274
43.802092,125.217274
43.802092,125.217274
43.802092,125.217274
43.802092,125.217274
43.802092,125.217274
43.802092,125.217274
43.802092,125.217274
43.802092,125.217274
43.802092,125.217274
43.802092,125.217274
43.802092,125.217274
43.802092,125.217274
43.802092,125.217274
43.802092,125.217274
43.802092,125.217274
43.802092,125.217274
43.802092,125.217274
43.802092,125.217274
43.802092,125.217274
43.802092,125.217274
43.802092,125.217274
43.802092,125.217274
43.802092,125.217274
43.802092,125.217274
43.802092,125.217274
43.802092,125.217274
43.802092,125.217274
43.802092,125.217274
43.802092,125.217274
43.802092,125.217274
43.802092,125.217274
43.802092,125.217274
43.802092,125.217274
43.802092,125.217274
43.802092,125.217274
43.802092,125.217274
43.802092,125.217274
43.802092,125.217274
43.802092,125.217274
43.802092,125.217274
43.802092,125.217274
43.802092,125.217274
43.802092,125.217274
43.802092,125.217274
43.802092,125.217274
43.802092,125.217274
43.802092,125.217274
43.802092,125.217274
43.802092,125.217274
43.802092,125.217274
43.802092,125.217274
43.802092,125.217274
43.802092,125.217274
43.802092,125.217274
43.802092,125.217274
43.802092,125.217274
43.802092,125.217274
43.802092,125.217274
43.802092,125.217274
43.802092,125.217274
43.802092,125.217274
43.802092,125.217274
43.802092,125.217274
43.802092,125.217274
43.802092,125.217274
43.802092,125.217274
43.802092,125.217274
43.802092,125.217274
43.802092,125.217274
43.802092,125.217274
43.802092,125.217274
43.802092,125.217274
43.802092,125.217274
43.802092,125.217274
43.802092,125.217274
43.802092,125.217274
43.802092,125.217274
43.802092,125.217274
43.802092,125.217274
43.802092,125.217274
43.802092,125.217274
43.802092,125.217274
43.802092,125.217274
43.802092,125.217274
43.802092,125.217274
43.802092,125.217274
43.802092,125.217274
43.802092,125.217274
43.802092,125.217274
43.802092,125.217274
43.802092,125.217274
43.802092,125.217274
43.802092,125.217274
43.802092,125.217274
43.802092,125.217274
43.802092,125.217274
43.802092,125.217274
43.802092,125.217274
43.802092,125.217274
43.802092,125.217274
43.802092,125.217274
43.802092,125.217274
43.802092,125.217274
43.802092,125.217274
43.802092,125.217274
43.802092,125.217274
43.802092,125.217274
43.802092,125.217274
43.802092,125.217274
43.802092,125.217274
43.802092,125.217274
43.802092,125.217274
43.802092,125.217274
43.802092,125.217274
43.802092,125.217274
43.802092,125.217274
43.802092,125.217274
43.802092,125.217274
43.802092,125.217274
43.802092,125.217274
43.802092,125.217274
43.802092,125.217274
43.802092,125.217274
43.802092,125.217274
43.802092,125.217274
43.802092,125.217274
43.802092,125.217274
43.802092,125.217274
43.802092,125.217274
43.802092,125.217274
43.802092,125.217274
43.802092,125.217274
43.802092,125.217274
43.802092,125.217274
43.802092,125.217274
43.802092,125.217274
43.802092,125.217274
43.802092,125.217274
43.802092,125.217274
43.802092,125.217274
43.802092,125.217274
43.802092,125.217274
43.802092,125.217274
43.802092,125.217274
43.802092,125.217274
43.802092,125.217274
43.802092,125.217274
43.802092,125.217274
43.802092,125.217274
43.802092,125.217274
43.802092,125.217274
43.802092,125.217274
43.802092,125.217274
43.802092,125.217274
43.802092,125.217274
43.802092,125.217274
43.802092,125.217274
43.802092,125.217274
43.802092,125.217274
43.802092,125.217274
43.802092,125.217274
43.802092,125.217274
43.802092,125.217274
43.802092,125.217274
43.802092,125.217274
43.802092,125.217274
43.802092,125.217274
43.802092,125.217274
43.802092,125.217274
43.802092,125.217274
43.802092,125.217274
43.802092,125.217274
43.802092,125.217274
43.802092,125.217274
43.802092,125.217274
43.802092,125.217274
43.802092,125.217274
43.802092,125.217274
43.802092,125.217274
43.802092,125.217274
43.802092,125.217274
43.802092,125.217274
43.802092,125.217274
43.802092,125.217274
43.802092,125.217274
43.802092,125.217274
43.802092,125.217274
43.802092,125.217274
43.802092,125.217274
43.802092,125.217274
43.802092,125.217274
43.802092,125.217274
43.802092,125.217274
43.802092,125.217274
43.802092,125.217274
43.802092,125.217274
43.802092,125.217274
43.802092,125.217274
43.802092,125.217274
43.802092,125.217274
43.802092,125.217274
43.802092,125.217274
43.802092,125.217274
43.802092,125.217274
43.802092,125.217274
43.802092,125.217274
43.802092,125.217274
43.802092,125.217274
43.802092,125.217274
43.802092,125.217274
43.802092,125.217274
43.802092,125.217274
43.802092,125.217274
43.802092,125.217274
43.802092,125.217274
43.802092,125.217274
43.802092,125.217274
43.802092,125.217274
43.802092,125.217274
43.802092,125.217274
43.802092,125.217274
43.802092,125.217274
43.802092,125.217274
43.802092,125.217274
43.802092,125.217274
43.802092,125.217274
43.802092,125.217274
43.802092,125.217274
43.802092,125.217274
43.802092,125.217274
43.802092,125.217274
43.802092,125.217274
43.802092,125.217274
43.802092,125.217274
43.802092,125.217274
43.802092,125.217274
43.802092,125.217274
43.802092,125.217274
43.802092,125.217274
43.802092,125.217274
43.802092,125.217274
43.802092,125.217274
43.802092,125.217274
43.802092,125.217274
43.802092,125.217274
43.802092,125.217274
43.802092,125.217274
43.802092,125.217274
43.802092,125.217274
43.802092,125.217274
43.802092,125.217274
43.802092,125.217274
43.802092,125.217274
43.802092,125.217274
43.802092,125.217274
43.802092,125.217274
43.802092,125.217274
43.802092,125.217274
43.802092,125.217274
43.802092,125.217274
43.802092,125.217274
43.802092,125.217274
43.802092,125.217274
43.802092,125.217274
43.802092,125.217274
43.802092,125.217274
43.802092,125.217274
43.802092,125.217274
43.802092,125.217274
43.802092,125.217274
43.802092,125.217274
43.802092,125.217274
43.802092,125.217274
43.802092,125.217274
43.802092,125.217274
43.802092,125.217274
43.802092,125.217274
43.802092,125.217274
43.802092,125.217274
43.802092,125.217274
43.802092,125.217274
43.802092,125.217274
43.802092,125.217274
43.802092,125.217274
43.802092,125.217274
43.802092,125.217274
43.802092,125.217274
43.802092,125.217274
43.802092,125.217274
43.802092,125.217274
43.802092,125.217274
43.802092,125.217274
43.802092,125.217274
43.802092,125.217274
43.802092,125.217274
43.802092,125.217274
43.802092,125.217274
43.802092,125.217274
43.802092,125.217274
43.802092,125.217274
43.802092,125.217274
43.802092,125.217274
43.802092,125.217274
43.802092,125.217274
43.802092,125.217274
43.802092,125.217274
43.802092,125.217274
43.802092,125.217274
43.802092,125.217274
43.802092,125.217274
43.802092,125.217274
43.802092,125.217274
43.802092,125.217274
43.802092,125.217274
43.802092,125.217274
43.802092,125.217274
43.802092,125.217274
43.802092,125.217274
43.802092,125.217274
43.802092,125.217274
43.802092,125.217274
43.802092,125.217274
43.802092,125.217274
43.802092,125.217274
43.802092,125.217274
43.802092,125.217274
43.802092,125.217274
43.802092,125.217274
43.802092,125.217274
43.802092,125.217274
43.802092,125.217274
43.802092,125.217274
43.802092,125.217274
43.802092,125.217274
43.802092,125.217274
43.802092,125.217274
43.802092,125.217274
43.802092,125.217274
43.802092,125.217274
43.802092,125.217274
43.802092,125.217274
43.802092,125.217274
43.802092,125.217274
43.802092,125.217274
43.802092,125.217274
43.802092,125.217274
43.802092,125.217274
43.802092,125.217274
43.802092,125.217274
43.802092,125.217274
43.802092,125.217274
43.802092,125.217274
43.802092,125.217274
43.802092,125.217274
43.802092,125.217274
43.802092,125.217274
43.802092,125.217274
43.802092,125.217274
43.802092,125.217274
43.802092,125.217274
43.802092,125.217274
43.802092,125.217274
43.802092,125.217274
43.802092,125.217274
43.802092,125.217274
43.802092,125.217274
43.802092,125.217274
43.802092,125.217274
43.802092,125.217274
43.802092,125.217274
43.802092,125.217274
43.802092,125.217274
43.802092,125.217274
43.802092,125.217274
43.802092,125.217274
43.802092,125.217274
43.802092,125.217274
43.802092,125.217274
43.802092,125.217274
43.802092,125.217274
43.802092,125.217274
43.802092,125.217274
43.802092,125.217274
43.802092,125.217274
43.802092,125.217274
43.802092,125.217274
43.802092,125.217274
43.802092,125.217274
43.802092,125.217274
43.802092,125.217274
43.802092,125.217274
43.802092,125.217274
43.802092,125.217274
43.802092,125.217274
43.802092,125.217274
43.802092,125.217274
43.802092,125.217274
43.802092,125.217274
43.802092,125.217274
43.802092,125.217274
43.802092,125.217274
43.802092,125.217274
43.802092,125.217274
43.802092,125.217274
43.802092,125.217274
43.802092,125.217274
43.802092,125.217274
43.802092,125.217274
43.802092,125.217274
43.802092,125.217274
43.802092,125.217274
43.802092,125.217274
43.802092,125.217274
43.802092,125.217274
43.802092,125.217274
43.802092,125.217274
43.802092,125.217274
43.802092,125.217274
43.802092,125.217274
43.802092,125.217274
43.802092,125.217274
43.802092,125.217274
43.802092,125.217274
43.802092,125.217274
43.802092,125.217274
43.802092,125.217274
43.802092,125.217274
43.802092,125.217274
43.802092,125.217274
43.802092,125.217274
43.802092,125.217274
43.802092,125.217274
43.802092,125.217274
43.802092,125.217274
43.802092,125.217274
43.802092,125.217274
43.802092,125.217274
43.802092,125.217274
43.802092,125.217274
43.802092,125.217274
43.802092,125.217274
43.802092,125.217274
43.802092,125.217274
43.802092,125.217274
43.802092,125.217274
43.802092,125.217274
43.802092,125.217274
43.802092,125.217274
43.802092,125.217274
43.802092,125.217274
43.802092,125.217274
43.802092,125.217274
43.802092,125.217274
43.802092,125.217274
43.802092,125.217274
43.802092,125.217274
43.802092,125.217274
43.802092,125.217274
43.802092,125.217274
43.802092,125.217274
43.802092,125.217274
43.802092,125.217274
43.802092,125.217274
43.802092,125.217274
43.802092,125.217274
43.802092,125.217274
43.802092,125.217274
43.802092,125.217274
43.802092,125.217274
43.802092,125.217274
43.802092,125.217274
43.802092,125.217274
43.802092,125.217274
43.802092,125.217274
43.802092,125.217274
43.802092,125.217274
43.802092,125.217274
43.802092,125.217274
43.802092,125.217274
43.802092,125.217274
43.802092,125.217274
43.802092,125.217274
43.802092,125.217274
43.802092,125.217274
43.802092,125.217274
43.802092,125.217274
43.802092,125.217274
43.802092,125.217274
43.802092,125.217274
43.802092,125.217274
43.802092,125.217274
43.802092,125.217274
43.802092,125.217274
43.802092,125.217274
43.802092,125.217274
43.802092,125.217274
43.802092,125.217274
43.802092,125.217274
43.802092,125.217274
43.802092,125.217274
43.802092,125.217274
43.802092,125.217274
43.802092,125.217274
43.802092,125.217274
43.802092,125.217274
43.802092,125.217274
43.802092,125.217274
43.802092,125.217274
43.802092,125.217274
43.802092,125.217274
43.802092,125.217274
43.802092,125.217274
43.802092,125.217274
43.802092,125.217274
43.802092,125.217274
43.802092,125.217274
43.802092,125.217274
43.802092,125.217274
43.802092,125.217274
43.802092,125.217274
43.802092,125.217274
43.802092,125.217274
43.802092,125.217274
43.802092,125.217274
43.802092,125.217274
43.802092,125.217274
43.802092,125.217274
43.802092,125.217274
43.802092,125.217274
43.802092,125.217274
43.802092,125.217274
43.802092,125.217274
43.802092,125.217274
43.802092,125.217274
43.802092,125.217274
43.802092,125.217274
43.802092,125.217274
43.802092,125.217274
43.802092,125.217274
43.802092,125.217274
43.802092,125.217274
43.802092,125.217274
43.802092,125.217274
43.802092,125.217274
43.802092,125.217274
43.802092,125.217274
43.802092,125.217274
43.802092,125.217274
43.802092,125.217274
43.802092,125.217274
43.802092,125.217274
43.802092,125.217274
43.802092,125.217274
43.802092,125.217274
43.802092,125.217274
43.802092,125.217274
43.802092,125.217274
43.802092,125.217274
43.802092,125.217274
43.802092,125.217274
43.802092,125.217274
43.802092,125.217274
43.802092,125.217274
43.802092,125.217274
43.802092,125.217274
43.802092,125.217274
43.802092,125.217274
43.802092,125.217274
43.802092,125.217274
43.802092,125.217274
43.802092,125.217274
43.802092,125.217274
43.802092,125.217274
43.802092,125.217274
43.802092,125.217274
43.802092,125.217274
43.802092,125.217274
43.802092,125.217274
43.802092,125.217274
43.802092,125.217274
43.802092,125.217274
43.802092,125.217274
43.802092,125.217274
43.802092,125.217274
43.802092,125.217274
43.802092,125.217274
43.802092,125.217274
43.802092,125.217274
43.802092,125.217274
43.802092,125.217274
43.802092,125.217274
43.802092,125.217274
43.802092,125.217274
43.802092,125.217274
43.802092,125.217274
43.802092,125.217274
43.802092,125.217274
43.802092,125.217274
43.802092,125.217274
43.802092,125.217274
43.802092,125.217274
43.802092,125.217274
43.802092,125.217274
43.802092,125.217274
43.802092,125.217274
43.802092,125.217274
43.802092,125.217274
43.802092,125.217274
43.802092,125.217274
43.802092,125.217274
43.802092,125.217274
43.802092,125.217274
43.802092,125.217274
43.802092,125.217274
43.802092,125.217274
43.802092,125.217274
43.802092,125.217274
43.802092,125.217274
43.802092,125.217274
43.802092,125.217274
43.802092,125.217274
43.802092,125.217274
43.802092,125.217274
43.802092,125.217274
43.802092,125.217274
43.802092,125.217274
43.802092,125.217274
43.802092,125.217274
43.802092,125.217274
43.802092,125.217274
43.802092,125.217274
43.802092,125.217274
43.802092,125.217274
43.802092,125.217274
43.802092,125.217274
43.802092,125.217274
43.802092,125.217274
43.802092,125.217274
43.802092,125.217274
43.802092,125.217274
43.802092,125.217274
43.802092,125.217274
43.802092,125.217274
43.802092,125.217274
43.802092,125.217274
43.802092,125.217274
43.802092,125.217274
43.802092,125.217274
43.802092,125.217274
43.802092,125.217274
43.802092,125.217274
43.802092,125.217274
43.802092,125.217274
43.802092,125.217274
43.802092,125.217274
43.802092,125.217274
43.802092,125.217274
43.802092,125.217274
43.802092,125.217274
43.802092,125.217274
43.802092,125.217274
43.802092,125.217274
43.802092,125.217274
43.802092,125.217274
43.802092,125.217274
43.802092,125.217274
43.802092,125.217274
43.802092,125.217274
43.802092,125.217274
43.802092,125.217274
43.802092,125.217274
43.802092,125.217274
43.802092,125.217274
43.802092,125.217274
43.802092,125.217274
43.802092,125.217274
43.802092,125.217274
43.802092,125.217274
43.802092,125.217274
43.802092,125.217274
43.802092,125.217274
43.802092,125.217274
43.802092,125.217274
43.802092,125.217274
43.802092,125.217274
43.802092,125.217274
43.802092,125.217274
43.802092,125.217274
43.802092,125.217274
43.802092,125.217274
43.802092,125.217274
43.802092,125.217274
43.802092,125.217274
43.802092,125.217274
43.802092,125.217274
43.802092,125.217274
43.802092,125.217274
43.802092,125.217274
43.802092,125.217274
43.802092,125.217274
43.802092,125.217274
43.802092,125.217274
43.802092,125.217274
43.802092,125.217274
43.802092,125.217274
43.802092,125.217274
43.802092,125.217274
43.802092,125.217274
43.802092,125.217274
43.802092,125.217274
43.802092,125.217274
43.802092,125.217274
43.802092,125.217274
43.802092,125.217274
43.802092,125.217274
43.802092,125.217274
43.802092,125.217274
43.802092,125.217274
43.802092,125.217274
43.802092,125.217274
43.802092,125.217274
43.802092,125.217274
43.802092,125.217274
43.802092,125.217274
43.802092,125.217274
43.802092,125.217274
43.802092,125.217274
43.802092,125.217274
43.802092,125.217274
43.802092,125.217274
43.802092,125.217274
43.802092,125.217274
43.802092,125.217274
43.802092,125.217274
43.802092,125.217274
43.802092,125.217274
43.802092,125.217274
43.802092,125.217274
43.802092,125.217274
43.802092,125.217274
43.802092,125.217274
43.802092,125.217274
43.802092,125.217274
43.802092,125.217274
43.802092,125.217274
43.802092,125.217274
43.802092,125.217274
43.802092,125.217274
43.802092,125.217274
43.802092,125.217274
43.802092,125.217274
43.802092,125.217274
43.802092,125.217274
43.802092,125.217274
43.802092,125.217274
43.802092,125.217274
43.802092,125.217274
43.802092,125.217274
43.802092,125.217274
43.802092,125.217274
43.802092,125.217274
43.802092,125.217274
43.802092,125.217274
43.802092,125.217274
43.802092,125.217274
43.802092,125.217274
43.802092,125.217274
43.802092,125.217274
43.802092,125.217274
43.802092,125.217274
43.802092,125.217274
43.802092,125.217274
43.802092,125.217274
43.802092,125.217274
43.802092,125.217274
43.802092,125.217274
43.802092,125.217274
43.802092,125.217274
43.802092,125.217274
43.802092,125.217274
43.802092,125.217274
43.802092,125.217274
43.802092,125.217274
43.802092,125.217274
43.802092,125.217274
43.802092,125.217274
43.802092,125.217274
43.802092,125.217274
43.802092,125.217274
43.802092,125.217274
43.802092,125.217274
43.802092,125.217274
43.802092,125.217274
43.802092,125.217274
43.802092,125.217274
43.802092,125.217274
43.802092,125.217274
43.802092,125.217274
43.802092,125.217274
43.802092,125.217274
43.802092,125.217274
43.802092,125.217274
43.802092,125.217274
43.802092,125.217274
43.802092,125.217274
43.802092,125.217274
43.802092,125.217274
43.802092,125.217274
43.802092,125.217274
43.802092,125.217274
43.802092,125.217274
43.802092,125.217274
43.802092,125.217274
43.802092,125.217274
43.802092,125.217274
43.802092,125.217274
43.802092,125.217274
43.802092,125.217274
43.802092,125.217274
43.802092,125.217274
43.802092,125.217274
43.802092,125.217274
43.802092,125.217274
43.802092,125.217274
43.802092,125.217274
43.802092,125.217274
43.802092,125.217274
43.802092,125.217274
43.802092,125.217274
43.802092,125.217274
43.802092,125.217274
43.802092,125.217274
43.802092,125.217274
43.802092,125.217274
43.802092,125.217274
43.802092,125.217274
43.802092,125.217274
43.802092,125.217274
43.802092,125.217274
43.802092,125.217274
43.802092,125.217274
43.802092,125.217274
43.802092,125.217274
43.802092,125.217274
43.802092,125.217274
43.802092,125.217274
43.802092,125.217274
43.802092,125.217274
43.802092,125.217274
43.802092,125.217274
43.802092,125.217274
43.802092,125.217274
43.802092,125.217274
43.802092,125.217274
43.802092,125.217274
43.802092,125.217274
43.802092,125.217274
43.802092,125.217274
43.802092,125.217274
43.802092,125.217274
43.802092,125.217274
43.802092,125.217274
43.802092,125.217274
43.802092,125.217274
43.802092,125.217274
43.802092,125.217274
43.802092,125.217274
43.802092,125.217274
43.802092,125.217274
43.802092,125.217274
43.802092,125.217274
43.802092,125.217274
43.802092,125.217274
43.802092,125.217274
43.802092,125.217274
43.802092,125.217274
43.802092,125.217274
43.802092,125.217274
43.802092,125.217274
43.802092,125.217274
43.802092,125.217274
43.802092,125.217274
43.802092,125.217274
43.802092,125.217274
43.802092,125.217274
43.802092,125.217274
43.802092,125.217274
43.802092,125.217274
43.802092,125.217274
43.802092,125.217274
43.802092,125.217274
43.802092,125.217274
43.802092,125.217274
43.802092,125.217274
43.802092,125.217274
43.802092,125.217274
43.802092,125.217274
43.802092,125.217274
43.802092,125.217274
43.802092,125.217274
43.802092,125.217274
43.802092,125.217274
43.802092,125.217274
43.802092,125.217274
43.802092,125.217274
43.802092,125.217274
43.802092,125.217274
43.802092,125.217274
43.802092,125.217274
43.802092,125.217274
43.802092,125.217274
43.802092,125.217274
43.802092,125.217274
43.802092,125.217274
43.802092,125.217274
43.802092,125.217274
43.802092,125.217274
43.802092,125.217274
43.802092,125.217274
43.802092,125.217274
43.802092,125.217274
43.802092,125.217274
43.802092,125.217274
43.802092,125.217274
43.802092,125.217274
43.802092,125.217274
43.802092,125.217274
43.802092,125.217274
43.802092,125.217274
43.802092,125.217274
43.802092,125.217274
43.802092,125.217274
43.802092,125.217274
43.802092,125.217274
43.802092,125.217274
43.802092,125.217274
43.802092,125.217274
43.802092,125.217274
43.802092,125.217274
43.802092,125.217274
43.802092,125.217274
43.802092,125.217274
43.802092,125.217274
43.802092,125.217274
43.802092,125.217274
43.802092,125.217274
43.802092,125.217274
43.802092,125.217274
43.802092,125.217274
43.802092,125.217274
43.802092,125.217274
43.802092,125.217274
43.802092,125.217274
43.802092,125.217274
43.802092,125.217274
43.802092,125.217274
43.802092,125.217274
43.802092,125.217274
43.802092,125.217274
43.802092,125.217274
43.802092,125.217274
43.802092,125.217274
43.802092,125.217274
43.802092,125.217274
43.802092,125.217274
43.802092,125.217274
43.802092,125.217274
43.802092,125.217274
43.802092,125.217274
43.802092,125.217274
43.802092,125.217274
43.802092,125.217274
43.802092,125.217274
43.802092,125.217274
43.802092,125.217274
43.802092,125.217274
43.802092,125.217274
43.802092,125.217274
43.802092,125.217274
43.802092,125.217274
43.802092,125.217274
43.802092,125.217274
43.802092,125.217274
43.802092,125.217274
43.802092,125.217274
43.802092,125.217274
43.802092,125.217274
43.802092,125.217274
43.802092,125.217274
43.802092,125.217274
43.802092,125.217274
43.802092,125.217274
43.802092,125.217274
43.802092,125.217274
43.802092,125.217274
43.802092,125.217274
43.802092,125.217274
43.802092,125.217274
43.802092,125.217274
43.802092,125.217274
43.802092,125.217274
43.802092,125.217274
43.802092,125.217274
43.802092,125.217274
43.802092,125.217274
43.802092,125.217274
43.802092,125.217274
43.802092,125.217274
43.802092,125.217274
43.802092,125.217274
43.802092,125.217274
43.802092,125.217274
43.802092,125.217274
43.802092,125.217274
43.802092,125.217274
43.802092,125.217274
43.802092,125.217274
43.802092,125.217274
43.802092,125.217274
43.802092,125.217274
43.802092,125.217274
43.802092,125.217274
43.802092,125.217274
43.802092,125.217274
43.802092,125.217274
43.802092,125.217274
43.802092,125.217274
43.802092,125.217274
43.802092,125.217274
43.802092,125.217274
43.802092,125.217274
43.802092,125.217274
43.802092,125.217274
43.802092,125.217274
43.802092,125.217274
43.802092,125.217274
43.802092,125.217274
43.802092,125.217274
43.802092,125.217274
43.802092,125.217274
43.802092,125.217274
43.802092,125.217274
43.802092,125.217274
43.802092,125.217274
43.802092,125.217274
43.802092,125.217274
43.802092,125.217274
43.802092,125.217274
43.802092,125.217274
43.802092,125.217274
43.802092,125.217274
43.802092,125.217274
43.802092,125.217274
43.802092,125.217274
43.802092,125.217274
43.802092,125.217274
43.802092,125.217274
43.802092,125.217274
43.802092,125.217274
43.802092,125.217274
43.802092,125.217274
43.802092,125.217274
43.802092,125.217274
43.802092,125.217274
43.802092,125.217274
43.802092,125.217274
43.802092,125.217274
43.802092,125.217274
43.802092,125.217274
43.802092,125.217274
43.802092,125.217274
43.802092,125.217274
43.802092,125.217274
43.802092,125.217274
43.802092,125.217274
43.802092,125.217274
43.802092,125.217274
43.802092,125.217274
43.802092,125.217274
43.802092,125.217274
43.802092,125.217274
43.802092,125.217274
43.802092,125.217274
43.802092,125.217274
43.802092,125.217274
43.802092,125.217274
43.802092,125.217274
43.802092,125.217274
43.802092,125.217274
43.802092,125.217274
43.802092,125.217274
43.802092,125.217274
43.802092,125.217274
43.802092,125.217274
43.802092,125.217274
43.802092,125.217274
43.802092,125.217274
43.802092,125.217274
43.802092,125.217274
43.802092,125.217274
43.802092,125.217274
43.802092,125.217274
43.802092,125.217274
43.802092,125.217274
43.802092,125.217274
43.802092,125.217274
43.802092,125.217274
43.802092,125.217274
43.802092,125.217274
43.802092,125.217274
43.802092,125.217274
43.802092,125.217274
43.802092,125.217274
43.802092,125.217274
43.802092,125.217274
43.802092,125.217274
43.802092,125.217274
43.802092,125.217274
43.802092,125.217274
43.802092,125.217274
43.802092,125.217274
43.802092,125.217274
43.802092,125.217274
43.802092,125.217274
43.802092,125.217274
43.802092,125.217274
43.802092,125.217274
43.802092,125.217274
43.802092,125.217274
43.802092,125.217274
43.802092,125.217274
43.802092,125.217274
43.802092,125.217274
43.802092,125.217274
43.802092,125.217274
43.802092,125.217274
43.802092,125.217274
43.802092,125.217274
43.802092,125.217274
43.802092,125.217274
43.802092,125.217274
43.802092,125.217274
43.802092,125.217274
43.802092,125.217274
43.802092,125.217274
43.802092,125.217274
43.802092,125.217274
43.802092,125.217274
43.802092,125.217274
43.802092,125.217274
43.802092,125.217274
43.802092,125.217274
43.802092,125.217274
43.802092,125.217274
43.802092,125.217274
43.802092,125.217274
43.802092,125.217274
43.802092,125.217274
43.802092,125.217274
43.802092,125.217274
43.802092,125.217274
43.802092,125.217274
43.802092,125.217274
43.802092,125.217274
43.802092,125.217274
43.802092,125.217274
43.802092,125.217274
43.802092,125.217274
43.802092,125.217274
43.802092,125.217274
43.802092,125.217274
43.802092,125.217274
43.802092,125.217274
43.802092,125.217274
43.802092,125.217274
43.802092,125.217274
43.802092,125.217274
43.802092,125.217274
43.802092,125.217274
43.802092,125.217274
43.802092,125.217274
43.802092,125.217274
43.802092,125.217274
43.802092,125.217274
43.802092,125.217274
43.802092,125.217274
43.802092,125.217274
43.802092,125.217274
43.802092,125.217274
43.802092,125.217274
43.802092,125.217274
43.802092,125.217274
43.802092,125.217274
43.802092,125.217274
43.802092,125.217274
43.802092,125.217274
43.802092,125.217274
43.802092,125.217274
43.802092,125.217274
43.802092,125.217274
43.802092,125.217274
43.802092,125.217274
43.802092,125.217274
43.802092,125.217274
43.802092,125.217274
43.802092,125.217274
43.802092,125.217274
43.802092,125.217274
43.802092,125.217274
43.802092,125.217274
43.802092,125.217274
43.802092,125.217274
43.802092,125.217274
43.802092,125.217274
43.802092,125.217274
43.802092,125.217274
43.802092,125.217274
43.802092,125.217274
43.802092,125.217274
43.802092,125.217274
43.802092,125.217274
43.802092,125.217274
43.802092,125.217274
43.802092,125.217274
43.802092,125.217274
43.802092,125.217274
43.802092,125.217274
43.802092,125.217274
43.802092,125.217274
43.802092,125.217274
43.802092,125.217274
43.802092,125.217274
43.802092,125.217274
43.802092,125.217274
43.802092,125.217274
43.802092,125.217274
43.802092,125.217274
43.802092,125.217274
43.802092,125.217274
43.802092,125.217274
43.802092,125.217274
43.802092,125.217274
43.802092,125.217274
43.802092,125.217274
43.802092,125.217274
43.802092,125.217274
43.802092,125.217274
43.802092,125.217274
43.802092,125.217274
43.802092,125.217274
43.802092,125.217274
43.802092,125.217274
43.802092,125.217274
43.802092,125.217274
43.802092,125.217274
43.802092,125.217274
43.802092,125.217274
43.802092,125.217274
43.802092,125.217274
43.802092,125.217274
43.802092,125.217274
43.802092,125.217274
43.802092,125.217274
43.802092,125.217274
43.802092,125.217274
43.802092,125.217274
43.802092,125.217274
43.802092,125.217274
43.802092,125.217274
43.802092,125.217274
43.802092,125.217274
43.802092,125.217274
43.802092,125.217274
43.802092,125.217274
43.802092,125.217274
43.802092,125.217274
43.802092,125.217274
43.802092,125.217274
43.802092,125.217274
43.802092,125.217274
43.802092,125.217274
43.802092,125.217274
43.802092,125.217274
43.802092,125.217274
43.802092,125.217274
43.802092,125.217274
43.802092,125.217274
43.802092,125.217274
43.802092,125.217274
43.802092,125.217274
43.802092,125.217274
43.802092,125.217274
43.802092,125.217274
43.802092,125.217274
43.802092,125.217274
43.802092,125.217274
43.802092,125.217274
43.802092,125.217274
43.802092,125.217274
43.802092,125.217274
43.802092,125.217274
43.802092,125.217274
43.802092,125.217274
43.802092,125.217274
43.802092,125.217274
43.802092,125.217274
43.802092,125.217274
43.802092,125.217274
43.802092,125.217274
43.802092,125.217274
43.802092,125.217274
43.802092,125.217274
43.802092,125.217274
43.802092,125.217274
43.802092,125.217274
43.802092,125.217274
43.802092,125.217274
43.802092,125.217274
43.802092,125.217274
43.802092,125.217274
43.802092,125.217274
43.802092,125.217274
43.802092,125.217274
43.802092,125.217274
43.802092,125.217274
43.802092,125.217274
43.802092,125.217274
43.802092,125.217274
43.802092,125.217274
43.802092,125.217274
43.802092,125.217274
43.802092,125.217274
43.802092,125.217274
43.802092,125.217274
43.802092,125.217274
43.802092,125.217274
43.802092,125.217274
43.802092,125.217274
43.802092,125.217274
43.802092,125.217274
43.802092,125.217274
43.802092,125.217274
43.802092,125.217274
43.802092,125.217274
43.802092,125.217274
43.802092,125.217274
43.802092,125.217274
43.802092,125.217274
43.802092,125.217274
43.802092,125.217274
43.802092,125.217274
43.802092,125.217274
43.802092,125.217274
43.802092,125.217274
43.802092,125.217274
43.802092,125.217274
43.802092,125.217274
43.802092,125.217274
43.802092,125.217274
43.802092,125.217274
43.802092,125.217274
43.802092,125.217274
43.802092,125.217274
43.802092,125.217274
43.802092,125.217274
43.802092,125.217274
43.802092,125.217274
43.802092,125.217274
43.802092,125.217274
43.802092,125.217274
43.802092,125.217274
43.802092,125.217274
43.802092,125.217274
43.802092,125.217274
43.802092,125.217274
43.802092,125.217274
43.802092,125.217274
43.802092,125.217274
43.802092,125.217274
43.802092,125.217274
43.802092,125.217274
43.802092,125.217274
43.802092,125.217274
43.802092,125.217274
43.802092,125.217274
43.802092,125.217274
43.802092,125.217274
43.802092,125.217274
43.802092,125.217274
43.802092,125.217274
43.802092,125.217274
43.802092,125.217274
43.802092,125.217274
43.802092,125.217274
43.802092,125.217274
43.802092,125.217274
43.802092,125.217274
43.802092,125.217274
43.802092,125.217274
43.802092,125.217274
43.802092,125.217274
43.802092,125.217274
43.802092,125.217274
43.802092,125.217274
43.802092,125.217274
43.802092,125.217274
43.802092,125.217274
43.802092,125.217274
43.802092,125.217274
43.802092,125.217274
43.802092,125.217274
43.802092,125.217274
43.802092,125.217274
43.802092,125.217274
43.802092,125.217274
43.802092,125.217274
43.802092,125.217274
43.802092,125.217274
43.802092,125.217274
43.802092,125.217274
43.802092,125.217274
43.802092,125.217274
43.802092,125.217274
43.802092,125.217274
43.802092,125.217274
43.802092,125.217274
43.802092,125.217274
43.802092,125.217274
43.802092,125.217274
43.802092,125.217274
43.802092,125.217274
43.802092,125.217274
43.802092,125.217274
43.802092,125.217274
43.802092,125.217274
43.802092,125.217274
43.802092,125.217274
43.802092,125.217274
43.802092,125.217274
43.802092,125.217274
43.802092,125.217274
43.802092,125.217274
43.802092,125.217274
43.802092,125.217274
43.802092,125.217274
43.802092,125.217274
43.802092,125.217274
43.802092,125.217274
43.802092,125.217274
43.802092,125.217274
43.802092,125.217274
43.802092,125.217274
43.802092,125.217274
43.802092,125.217274
43.802092,125.217274
43.802092,125.217274
43.802092,125.217274
43.802092,125.217274
43.802092,125.217274
43.802092,125.217274
43.802092,125.217274
43.802092,125.217274
43.802092,125.217274
43.802092,125.217274
43.802092,125.217274
43.802092,125.217274
43.802092,125.217274
43.802092,125.217274
43.802092,125.217274
43.802092,125.217274
43.802092,125.217274
43.802092,125.217274
43.802092,125.217274
43.802092,125.217274
43.802092,125.217274
43.802092,125.217274
43.802092,125.217274
43.802092,125.217274
43.802092,125.217274
43.802092,125.217274
43.802092,125.217274
43.802092,125.217274
43.802092,125.217274
43.802092,125.217274
43.802092,125.217274
43.802092,125.217274
43.802092,125.217274
43.802092,125.217274
43.802092,125.217274
43.802092,125.217274
43.802092,125.217274
43.802092,125.217274
43.802092,125.217274
43.802092,125.217274
43.802092,125.217274
43.802092,125.217274
43.802092,125.217274
43.802092,125.217274
43.802092,125.217274
43.802092,125.217274
43.802092,125.217274
43.802092,125.217274
43.802092,125.217274
43.802092,125.217274
43.802092,125.217274
43.802092,125.217274
43.802092,125.217274
43.802092,125.217274
43.802092,125.217274
43.802092,125.217274
43.802092,125.217274
43.802092,125.217274
43.802092,125.217274
43.802092,125.217274
43.802092,125.217274
43.802092,125.217274
43.802092,125.217274
43.802092,125.217274
43.802092,125.217274
43.802092,125.217274
43.802092,125.217274
43.802092,125.217274
43.802092,125.217274
43.802092,125.217274
43.802092,125.217274
43.802092,125.217274
43.802092,125.217274
43.802092,125.217274
43.802092,125.217274
43.802092,125.217274
43.802092,125.217274
43.802092,125.217274
43.802092,125.217274
43.802092,125.217274
43.802092,125.217274
43.802092,125.217274
43.802092,125.217274
43.802092,125.217274
43.802092,125.217274
43.802092,125.217274
43.802092,125.217274
43.802092,125.217274
43.802092,125.217274
43.802092,125.217274
43.802092,125.217274
43.802092,125.217274
43.802092,125.217274
43.802092,125.217274
43.802092,125.217274
43.802092,125.217274
43.802092,125.217274
43.802092,125.217274
43.802092,125.217274
43.802092,125.217274
43.802092,125.217274
43.802092,125.217274
43.802092,125.217274
43.802092,125.217274
43.802092,125.217274
43.802092,125.217274
43.802092,125.217274
43.802092,125.217274
43.802092,125.217274
43.802092,125.217274
43.802092,125.217274
43.802092,125.217274
43.802092,125.217274
43.802092,125.217274
43.802092,125.217274
43.802092,125.217274
43.802092,125.217274
43.802092,125.217274
43.802092,125.217274
43.802092,125.217274
43.802092,125.217274
43.802092,125.217274
43.802092,125.217274
43.802092,125.217274
43.802092,125.217274
43.802092,125.217274
43.802092,125.217274
43.802092,125.217274
43.802092,125.217274
43.802092,125.217274
43.802092,125.217274
43.802092,125.217274
43.802092,125.217274
43.802092,125.217274
43.802092,125.217274
43.802092,125.217274
43.802092,125.217274
43.802092,125.217274
43.802092,125.217274
43.802092,125.217274
43.802092,125.217274
43.802092,125.217274
43.802092,125.217274
43.802092,125.217274
43.802092,125.217274
43.802092,125.217274
43.802092,125.217274
43.802092,125.217274
43.802092,125.217274
43.802092,125.217274
43.802092,125.217274
43.802092,125.217274
43.802092,125.217274
43.802092,125.217274
43.802092,125.217274
43.802092,125.217274
43.802092,125.217274
43.802092,125.217274
43.802092,125.217274
43.802092,125.217274
43.802092,125.217274
43.802092,125.217274
43.802092,125.217274
43.802092,125.217274
43.802092,125.217274
43.802092,125.217274
43.802092,125.217274
43.802092,125.217274
43.802092,125.217274
43.802092,125.217274
43.802092,125.217274
43.802092,125.217274
43.802092,125.217274
43.802092,125.217274
43.802092,125.217274
43.802092,125.217274
43.802092,125.217274
43.802092,125.217274
43.802092,125.217274
43.802092,125.217274
43.802092,125.217274
43.802092,125.217274
43.802092,125.217274
43.802092,125.217274
43.802092,125.217274
43.802092,125.217274
43.802092,125.217274
43.802092,125.217274
43.802092,125.217274
43.802092,125.217274
43.802092,125.217274
43.802092,125.217274
43.802092,125.217274
43.802092,125.217274
43.802092,125.217274
43.802092,125.217274
43.802092,125.217274
43.802092,125.217274
43.802092,125.217274
43.802092,125.217274
43.802092,125.217274
43.802092,125.217274
43.802092,125.217274
43.802092,125.217274
43.802092,125.217274
43.802092,125.217274
43.802092,125.217274
43.802092,125.217274
43.802092,125.217274
43.802092,125.217274
43.802092,125.217274
43.802092,125.217274
43.802092,125.217274
43.802092,125.217274
43.802092,125.217274
43.802092,125.217274
43.802092,125.217274
43.802092,125.217274
43.802092,125.217274
43.802092,125.217274
43.802092,125.217274
43.802092,125.217274
43.802092,125.217274
43.802092,125.217274
43.802092,125.217274
43.802092,125.217274
43.802092,125.217274
43.802092,125.217274
43.802092,125.217274
43.802092,125.217274
43.802092,125.217274
43.802092,125.217274
43.802092,125.217274
43.802092,125.217274
43.802092,125.217274
43.802092,125.217274
43.802092,125.217274
43.802092,125.217274
43.802092,125.217274
43.802092,125.217274
43.802092,125.217274
43.802092,125.217274
43.802092,125.217274
43.802092,125.217274
43.802092,125.217274
43.802092,125.217274
43.802092,125.217274
43.802092,125.217274
43.802092,125.217274
43.802092,125.217274
43.802092,125.217274
43.802092,125.217274
43.802092,125.217274
43.802092,125.217274
43.802092,125.217274
43.802092,125.217274
43.802092,125.217274
43.802092,125.217274
43.802092,125.217274
43.802092,125.217274
43.802092,125.217274
43.802092,125.217274
43.802092,125.217274
43.802092,125.217274
43.802092,125.217274
43.802092,125.217274
43.802092,125.217274
43.802092,125.217274
43.802092,125.217274
43.802092,125.217274
43.802092,125.217274
43.802092,125.217274
43.802092,125.217274
43.802092,125.217274
43.802092,125.217274
43.802092,125.217274
43.802092,125.217274
43.802092,125.217274
43.802092,125.217274
43.802092,125.217274
43.802092,125.217274
43.802092,125.217274
43.802092,125.217274
43.802092,125.217274
43.802092,125.217274
43.802092,125.217274
43.802092,125.217274
43.802092,125.217274
43.802092,125.217274
43.802092,125.217274
43.802092,125.217274
43.802092,125.217274
43.802092,125.217274
43.802092,125.217274
43.802092,125.217274
43.802092,125.217274
43.802092,125.217274
43.802092,125.217274
43.802092,125.217274
43.802092,125.217274
43.802092,125.217274
43.802092,125.217274
43.802092,125.217274
43.802092,125.217274
43.802092,125.217274
43.802092,125.217274
43.802092,125.217274
43.802092,125.217274
43.802092,125.217274
43.802092,125.217274
43.802092,125.217274
43.802092,125.217274
43.802092,125.217274
43.802092,125.217274
43.802092,125.217274
43.802092,125.217274
43.802092,125.217274
43.802092,125.217274
43.802092,125.217274
43.802092,125.217274
43.802092,125.217274
43.802092,125.217274
43.802092,125.217274
43.802092,125.217274
43.802092,125.217274
43.802092,125.217274
43.802092,125.217274
43.802092,125.217274
43.802092,125.217274
43.802092,125.217274
43.802092,125.217274
43.802092,125.217274
43.802092,125.217274
43.802092,125.217274
43.802092,125.217274
43.802092,125.217274
43.802092,125.217274
43.802092,125.217274
43.802092,125.217274
43.802092,125.217274
43.802092,125.217274
43.802092,125.217274
43.802092,125.217274
43.802092,125.217274
43.802092,125.217274
43.802092,125.217274
43.802092,125.217274
43.802092,125.217274
43.802092,125.217274
43.802092,125.217274
43.802092,125.217274
43.802092,125.217274
43.802092,125.217274
43.802092,125.217274
43.802092,125.217274
43.802092,125.217274
43.802092,125.217274
43.802092,125.217274
43.802092,125.217274
43.802092,125.217274
43.802092,125.217274
43.802092,125.217274
43.802092,125.217274
43.802092,125.217274
43.802092,125.217274
43.802092,125.217274
43.802092,125.217274
43.802092,125.217274
43.802092,125.217274
43.802092,125.217274
43.802092,125.217274
43.802092,125.217274
43.802092,125.217274
43.802092,125.217274
43.802092,125.217274
43.802092,125.217274
43.802092,125.217274
43.802092,125.217274
43.802092,125.217274
43.802092,125.217274
43.802092,125.217274
43.802092,125.217274
43.802092,125.217274
43.802092,125.217274
43.802092,125.217274
43.802092,125.217274
43.802092,125.217274
43.802092,125.217274
43.802092,125.217274
43.802092,125.217274
43.802092,125.217274
43.802092,125.217274
43.802092,125.217274
43.802092,125.217274
43.802092,125.217274
43.802092,125.217274
43.802092,125.217274
43.802092,125.217274
43.802092,125.217274
43.802092,125.217274
43.802092,125.217274
43.802092,125.217274
43.802092,125.217274
43.802092,125.217274
43.802092,125.217274
43.802092,125.217274
43.802092,125.217274
43.802092,125.217274
43.802092,125.217274
43.802092,125.217274
43.802092,125.217274
43.802092,125.217274
43.802092,125.217274
43.802092,125.217274
43.802092,125.217274
43.802092,125.217274
43.802092,125.217274
43.802092,125.217274
43.802092,125.217274
43.802092,125.217274
43.802092,125.217274
43.802092,125.217274
43.802092,125.217274
43.802092,125.217274
43.802092,125.217274
43.802092,125.217274
43.802092,125.217274
43.802092,125.217274
43.802092,125.217274
43.802092,125.217274
43.802092,125.217274
43.802092,125.217274
43.802092,125.217274
43.802092,125.217274
43.802092,125.217274
43.802092,125.217274
43.802092,125.217274
43.802092,125.217274
43.802092,125.217274
43.802092,125.217274
43.802092,125.217274
43.802092,125.217274
43.802092,125.217274
43.802092,125.217274
43.802092,125.217274
43.802092,125.217274
43.802092,125.217274
43.802092,125.217274
43.802092,125.217274
43.802092,125.217274
43.802092,125.217274
43.802092,125.217274
43.802092,125.217274
43.802092,125.217274
43.802092,125.217274
43.802092,125.217274
43.802092,125.217274
43.802092,125.217274
43.802092,125.217274
43.802092,125.217274
43.802092,125.217274
43.802092,125.217274
43.802092,125.217274
43.802092,125.217274
43.802092,125.217274
43.802092,125.217274
43.802092,125.217274
43.802092,125.217274
43.802092,125.217274
43.802092,125.217274
43.802092,125.217274
43.802092,125.217274
43.802092,125.217274
43.802092,125.217274
43.802092,125.217274
43.802092,125.217274
43.802092,125.217274
43.802092,125.217274
43.802092,125.217274
43.802092,125.217274
43.802092,125.217274
43.802092,125.217274
43.802092,125.217274
43.802092,125.217274
43.802092,125.217274
43.802092,125.217274
43.802092,125.217274
43.802092,125.217274
43.802092,125.217274
43.802092,125.217274
43.802092,125.217274
43.802092,125.217274
43.802092,125.217274
43.802092,125.217274
43.802092,125.217274
43.802092,125.217274
43.802092,125.217274
43.802092,125.217274
43.802092,125.217274
43.802092,125.217274
43.802092,125.217274
43.802092,125.217274
43.802092,125.217274
43.802092,125.217274
43.802092,125.217274
43.802092,125.217274
43.802092,125.217274
43.802092,125.217274
43.802092,125.217274
43.802092,125.217274
43.802092,125.217274
43.802092,125.217274
43.802092,125.217274
43.802092,125.217274
43.802092,125.217274
43.802092,125.217274
43.802092,125.217274
43.802092,125.217274
43.802092,125.217274
43.802092,125.217274
43.802092,125.217274
43.802092,125.217274
43.802092,125.217274
43.802092,125.217274
43.802092,125.217274
43.802092,125.217274
43.802092,125.217274
43.802092,125.217274
43.802092,125.217274
43.802092,125.217274
43.802092,125.217274
43.802092,125.217274
43.802092,125.217274
43.802092,125.217274
43.802092,125.217274
43.802092,125.217274
43.802092,125.217274
43.802092,125.217274
43.802092,125.217274
43.802092,125.217274
43.802092,125.217274
43.802092,125.217274
43.802092,125.217274
43.802092,125.217274
43.802092,125.217274
43.802092,125.217274
43.802092,125.217274
43.802092,125.217274
43.802092,125.217274
43.802092,125.217274
43.802092,125.217274
43.802092,125.217274
43.802092,125.217274
43.802092,125.217274
43.802092,125.217274
43.802092,125.217274
43.802092,125.217274
43.802092,125.217274
43.802092,125.217274
43.802092,125.217274
43.802092,125.217274
43.802092,125.217274
43.802092,125.217274
43.802092,125.217274
43.802092,125.217274
43.802092,125.217274
43.802092,125.217274
43.802092,125.217274
43.802092,125.217274
43.802092,125.217274
43.802092,125.217274
43.802092,125.217274
43.802092,125.217274
43.802092,125.217274
43.802092,125.217274
43.802092,125.217274
43.802092,125.217274
43.802092,125.217274
43.802092,125.217274
43.802092,125.217274
43.802092,125.217274
43.802092,125.217274
43.802092,125.217274
43.802092,125.217274
43.802092,125.217274
43.802092,125.217274
43.802092,125.217274
43.802092,125.217274
43.802092,125.217274
43.802092,125.217274
43.802092,125.217274
43.802092,125.217274
43.802092,125.217274
43.802092,125.217274
43.802092,125.217274
43.802092,125.217274
43.802092,125.217274
43.802092,125.217274
43.802092,125.217274
43.802092,125.217274
43.802092,125.217274
43.802092,125.217274
43.802092,125.217274
43.802092,125.217274
43.802092,125.217274
43.802092,125.217274
43.802092,125.217274
43.802092,125.217274
43.802092,125.217274
43.802092,125.217274
43.802092,125.217274
43.802092,125.217274
43.802092,125.217274
43.802092,125.217274
43.802092,125.217274
43.802092,125.217274
43.802092,125.217274
43.802092,125.217274
43.802092,125.217274
43.802092,125.217274
43.802092,125.217274
43.802092,125.217274
43.802092,125.217274
43.802092,125.217274
43.802092,125.217274
43.802092,125.217274
43.802092,125.217274
43.802092,125.217274
43.802092,125.217274
43.802092,125.217274
43.802092,125.217274
43.802092,125.217274
43.802092,125.217274
43.802092,125.217274
43.802092,125.217274
43.802092,125.217274
43.802092,125.217274
43.802092,125.217274
43.802092,125.217274
43.802092,125.217274
43.802092,125.217274
43.802092,125.217274
43.802092,125.217274
43.802092,125.217274
43.802092,125.217274
43.802092,125.217274
43.802092,125.217274
43.802092,125.217274
43.802092,125.217274
43.802092,125.217274
43.802092,125.217274
43.802092,125.217274
43.802092,125.217274
43.802092,125.217274
43.802092,125.217274
43.802092,125.217274
43.802092,125.217274
43.802092,125.217274
43.802092,125.217274
43.802092,125.217274
43.802092,125.217274
43.802092,125.217274
43.802092,125.217274
43.802092,125.217274
43.802092,125.217274
43.802092,125.217274
43.802092,125.217274
43.802092,125.217274
43.802092,125.217274
43.802092,125.217274
43.802092,125.217274
43.802092,125.217274
43.802092,125.217274
43.802092,125.217274
43.802092,125.217274
43.802092,125.217274
43.802092,125.217274
43.802092,125.217274
43.802092,125.217274
43.802092,125.217274
43.802092,125.217274
43.802092,125.217274
43.802092,125.217274
43.802092,125.217274
43.802092,125.217274
43.802092,125.217274
43.802092,125.217274
43.802092,125.217274
43.802092,125.217274
43.802092,125.217274
43.802092,125.217274
43.802092,125.217274
43.802092,125.217274
43.802092,125.217274
43.802092,125.217274
43.802092,125.217274
43.802092,125.217274
43.802092,125.217274
43.802092,125.217274
43.802092,125.217274
43.802092,125.217274
43.802092,125.217274
43.802092,125.217274
43.802092,125.217274
43.802092,125.217274
43.802092,125.217274
43.802092,125.217274
43.802092,125.217274
43.802092,125.217274
43.802092,125.217274
43.802092,125.217274
43.802092,125.217274
43.802092,125.217274
43.802092,125.217274
43.802092,125.217274
43.802092,125.217274
43.802092,125.217274
43.802092,125.217274
43.802092,125.217274
43.802092,125.217274
43.802092,125.217274
43.802092,125.217274
43.802092,125.217274
43.802092,125.217274
43.802092,125.217274
43.802092,125.217274
43.802092,125.217274
43.802092,125.217274
43.802092,125.217274
43.802092,125.217274
43.802092,125.217274
43.802092,125.217274
43.802092,125.217274
43.802092,125.217274
43.802092,125.217274
43.802092,125.217274
43.802092,125.217274
43.802092,125.217274
43.802092,125.217274
43.802092,125.217274
43.802092,125.217274
43.802092,125.217274
43.802092,125.217274
43.802092,125.217274
43.802092,125.217274
43.802092,125.217274
43.802092,125.217274
43.802092,125.217274
43.802092,125.217274
43.802092,125.217274
43.802092,125.217274
43.802092,125.217274
43.802092,125.217274
43.802092,125.217274
43.802092,125.217274
43.802092,125.217274
43.802092,125.217274
43.802092,125.217274
43.802092,125.217274
43.802092,125.217274
43.802092,125.217274
43.802092,125.217274
43.802092,125.217274
43.802092,125.217274
43.802092,125.217274
43.802092,125.217274
43.802092,125.217274
43.802092,125.217274
43.802092,125.217274
43.802092,125.217274
43.802092,125.217274
43.802092,125.217274
43.802092,125.217274
43.802092,125.217274
43.802092,125.217274
43.802092,125.217274
43.802092,125.217274
43.802092,125.217274
43.802092,125.217274
43.802092,125.217274
43.802092,125.217274
43.802092,125.217274
43.802092,125.217274
43.802092,125.217274
43.802092,125.217274
43.802092,125.217274
43.802092,125.217274
43.802092,125.217274
43.802092,125.217274
43.802092,125.217274
43.802092,125.217274
43.802092,125.217274
43.802092,125.217274
43.802092,125.217274
43.802092,125.217274
43.802092,125.217274
43.802092,125.217274
43.802092,125.217274
43.802092,125.217274
43.802092,125.217274
43.802092,125.217274
43.802092,125.217274
43.802092,125.217274
43.802092,125.217274
43.802092,125.217274
43.802092,125.217274
43.802092,125.217274
43.802092,125.217274
43.802092,125.217274
43.802092,125.217274
43.802092,125.217274
43.802092,125.217274
43.802092,125.217274
43.802092,125.217274
43.802092,125.217274
43.802092,125.217274
43.802092,125.217274
43.802092,125.217274
43.802092,125.217274
43.802092,125.217274
43.802092,125.217274
43.802092,125.217274
43.802092,125.217274
43.802092,125.217274
43.802092,125.217274
43.802092,125.217274
43.802092,125.217274
43.802092,125.217274
43.802092,125.217274
43.802092,125.217274
43.802092,125.217274
43.802092,125.217274
43.802092,125.217274
43.802092,125.217274
43.802092,125.217274
43.802092,125.217274
43.802092,125.217274
43.802092,125.217274
43.802092,125.217274
43.802092,125.217274
43.802092,125.217274
43.802092,125.217274
43.802092,125.217274
43.802092,125.217274
43.802092,125.217274
43.802092,125.217274
43.802092,125.217274
43.802092,125.217274
43.802092,125.217274
43.802092,125.217274
43.802092,125.217274
43.802092,125.217274
43.802092,125.217274
43.802092,125.217274
43.802092,125.217274
43.802092,125.217274
43.802092,125.217274
43.802092,125.217274
43.802092,125.217274
43.802092,125.217274
43.802092,125.217274
43.802092,125.217274
43.802092,125.217274
43.802092,125.217274
43.802092,125.217274
43.802092,125.217274
43.802092,125.217274
43.802092,125.217274
43.802092,125.217274
43.802092,125.217274
43.802092,125.217274
43.802092,125.217274
43.802092,125.217274
43.802092,125.217274
43.802092,125.217274
43.802092,125.217274
43.802092,125.217274
43.802092,125.217274
43.802092,125.217274
43.802092,125.217274
43.802092,125.217274
43.802092,125.217274
43.802092,125.217274
43.802092,125.217274
43.802092,125.217274
43.802092,125.217274
43.802092,125.217274
43.802092,125.217274
43.802092,125.217274
43.802092,125.217274
43.802092,125.217274
43.802092,125.217274
43.802092,125.217274
43.802092,125.217274
43.802092,125.217274
43.802092,125.217274
43.802092,125.217274
43.802092,125.217274
43.802092,125.217274
43.802092,125.217274
43.802092,125.217274
43.802092,125.217274
43.802092,125.217274
43.802092,125.217274
43.802092,125.217274
43.802092,125.217274
43.802092,125.217274
43.802092,125.217274
43.802092,125.217274
43.802092,125.217274
43.802092,125.217274
43.802092,125.217274
43.802092,125.217274
43.802092,125.217274
43.802092,125.217274
43.802092,125.217274
43.802092,125.217274
43.802092,125.217274
43.802092,125.217274
43.802092,125.217274
43.802092,125.217274
43.802092,125.217274
43.802092,125.217274
43.802092,125.217274
43.802092,125.217274
43.802092,125.217274
43.802092,125.217274
43.802092,125.217274
43.802092,125.217274
43.802092,125.217274
43.802092,125.217274
43.802092,125.217274
43.802092,125.217274
43.802092,125.217274
43.802092,125.217274
43.802092,125.217274
43.802092,125.217274
43.802092,125.217274
43.802092,125.217274
43.802092,125.217274
43.802092,125.217274
43.802092,125.217274
43.802092,125.217274
43.802092,125.217274
43.802092,125.217274
43.802092,125.217274
43.802092,125.217274
43.802092,125.217274
43.802092,125.217274
43.802092,125.217274
43.802092,125.217274
43.802092,125.217274
43.802092,125.217274
43.802092,125.217274
43.802092,125.217274
43.802092,125.217274
43.802092,125.217274
43.802092,125.217274
43.802092,125.217274
43.802092,125.217274
43.802092,125.217274
43.802092,125.217274
43.802092,125.217274
43.802092,125.217274
43.802092,125.217274
43.802092,125.217274
43.802092,125.217274
43.802092,125.217274
43.802092,125.217274
43.802092,125.217274
43.802092,125.217274
43.802092,125.217274
43.802092,125.217274
43.802092,125.217274
43.802092,125.217274
43.802092,125.217274
43.802092,125.217274
43.802092,125.217274
43.802092,125.217274
43.802092,125.217274
43.802092,125.217274
43.802092,125.217274
43.802092,125.217274
43.802092,125.217274
43.802092,125.217274
43.802092,125.217274
43.802092,125.217274
43.802092,125.217274
43.802092,125.217274
43.802092,125.217274
43.802092,125.217274
43.802092,125.217274
43.802092,125.217274
43.802092,125.217274
43.802092,125.217274
43.802092,125.217274
43.802092,125.217274
43.802092,125.217274
43.802092,125.217274
43.802092,125.217274
43.802092,125.217274
43.802092,125.217274
43.802092,125.217274
43.802092,125.217274
43.802092,125.217274
43.802092,125.217274
43.802092,125.217274
43.802092,125.217274
43.802092,125.217274
43.802092,125.217274
43.802092,125.217274
43.802092,125.217274
43.802092,125.217274
43.802092,125.217274
43.802092,125.217274
43.802092,125.217274
43.802092,125.217274
43.802092,125.217274
43.802092,125.217274
43.802092,125.217274
43.802092,125.217274
43.802092,125.217274
43.802092,125.217274
43.802092,125.217274
43.802092,125.217274
43.802092,125.217274
43.802092,125.217274
43.802092,125.217274
43.802092,125.217274
43.802092,125.217274
43.802092,125.217274
43.802092,125.217274
43.802092,125.217274
43.802092,125.217274
43.802092,125.217274
43.802092,125.217274
43.802092,125.217274
43.802092,125.217274
43.802092,125.217274
43.802092,125.217274
43.802092,125.217274
43.802092,125.217274
43.802092,125.217274
43.802092,125.217274
43.802092,125.217274
43.802092,125.217274
43.802092,125.217274
43.802092,125.217274
43.802092,125.217274
43.802092,125.217274
43.802092,125.217274
43.802092,125.217274
43.802092,125.217274
43.802092,125.217274
43.802092,125.217274
43.802092,125.217274
43.802092,125.217274
43.802092,125.217274
43.802092,125.217274
43.802092,125.217274
43.802092,125.217274
43.802092,125.217274
43.802092,125.217274
43.802092,125.217274
43.802092,125.217274
43.802092,125.217274
43.802092,125.217274
43.802092,125.217274
43.802092,125.217274
43.802092,125.217274
43.802092,125.217274
43.802092,125.217274
43.802092,125.217274
43.802092,125.217274
43.802092,125.217274
43.802092,125.217274
43.802092,125.217274
43.802092,125.217274
43.802092,125.217274
43.802092,125.217274
43.802092,125.217274
43.802092,125.217274
43.802092,125.217274
43.802092,125.217274
43.802092,125.217274
43.802092,125.217274
43.802092,125.217274
43.802092,125.217274
43.802092,125.217274
43.802092,125.217274
43.802092,125.217274
43.802092,125.217274
43.802092,125.217274
43.802092,125.217274
43.802092,125.217274
43.802092,125.217274
43.802092,125.217274
43.802092,125.217274
43.802092,125.217274
43.802092,125.217274
43.802092,125.217274
43.802092,125.217274
43.802092,125.217274
43.802092,125.217274
43.802092,125.217274
43.802092,125.217274
43.802092,125.217274
43.802092,125.217274
43.802092,125.217274
43.802092,125.217274
43.802092,125.217274
43.802092,125.217274
43.802092,125.217274
43.802092,125.217274
43.802092,125.217274
43.802092,125.217274
43.802092,125.217274
43.802092,125.217274
43.802092,125.217274
43.802092,125.217274
43.802092,125.217274
43.802092,125.217274
43.802092,125.217274
43.802092,125.217274
43.802092,125.217274
43.802092,125.217274
43.802092,125.217274
43.802092,125.217274
43.802092,125.217274
43.802092,125.217274
43.802092,125.217274
43.802092,125.217274
43.802092,125.217274
43.802092,125.217274
43.802092,125.217274
43.802092,125.217274
43.802092,125.217274
43.802092,125.217274
43.802092,125.217274
43.802092,125.217274
43.802092,125.217274
43.802092,125.217274
43.802092,125.217274
43.802092,125.217274
43.802092,125.217274
43.802092,125.217274
43.802092,125.217274
43.802092,125.217274
43.802092,125.217274
43.802092,125.217274
43.802092,125.217274
43.802092,125.217274
43.802092,125.217274
43.802092,125.217274
43.802092,125.217274
43.802092,125.217274
43.802092,125.217274
43.802092,125.217274
43.802092,125.217274
43.802092,125.217274
43.802092,125.217274
43.802092,125.217274
43.802092,125.217274
43.802092,125.217274
43.802092,125.217274
43.802092,125.217274
43.802092,125.217274
43.802092,125.217274
43.802092,125.217274
43.802092,125.217274
43.802092,125.217274
43.802092,125.217274
43.802092,125.217274
43.802092,125.217274
43.802092,125.217274
43.802092,125.217274
43.802092,125.217274
43.802092,125.217274
43.802092,125.217274
43.802092,125.217274
43.802092,125.217274
43.802092,125.217274
43.802092,125.217274
43.802092,125.217274
43.802092,125.217274
43.802092,125.217274
43.802092,125.217274
43.802092,125.217274
43.802092,125.217274
43.802092,125.217274
43.802092,125.217274
43.802092,125.217274
43.802092,125.217274
43.802092,125.217274
43.802092,125.217274
43.802092,125.217274
43.802092,125.217274
43.802092,125.217274
43.802092,125.217274
43.802092,125.217274
43.802092,125.217274
43.802092,125.217274
43.802092,125.217274
43.802092,125.217274
43.802092,125.217274
43.802092,125.217274
43.802092,125.217274
43.802092,125.217274
43.802092,125.217274
43.802092,125.217274
43.802092,125.217274
43.802092,125.217274
43.802092,125.217274
43.802092,125.217274
43.802092,125.217274
43.802092,125.217274
43.802092,125.217274
43.802092,125.217274
43.802092,125.217274
43.802092,125.217274
43.802092,125.217274
43.802092,125.217274
43.802092,125.217274
43.802092,125.217274
43.802092,125.217274
43.802092,125.217274
43.802092,125.217274
43.802092,125.217274
43.802092,125.217274
43.802092,125.217274
43.802092,125.217274
43.802092,125.217274
43.802092,125.217274
43.802092,125.217274
43.802092,125.217274
43.802092,125.217274
43.802092,125.217274
43.802092,125.217274
43.802092,125.217274
43.802092,125.217274
43.802092,125.217274
43.802092,125.217274
43.802092,125.217274
43.802092,125.217274
43.802092,125.217274
43.802092,125.217274
43.802092,125.217274
43.802092,125.217274
43.802092,125.217274
43.802092,125.217274
43.802092,125.217274
43.802092,125.217274
43.802092,125.217274
43.802092,125.217274
43.802092,125.217274
43.802092,125.217274
43.802092,125.217274
43.802092,125.217274
43.802092,125.217274
43.802092,125.217274
43.802092,125.217274
43.802092,125.217274
43.802092,125.217274
43.802092,125.217274
43.802092,125.217274
43.802092,125.217274
43.802092,125.217274
43.802092,125.217274
43.802092,125.217274
43.802092,125.217274
43.802092,125.217274
43.802092,125.217274
43.802092,125.217274
43.802092,125.217274
43.802092,125.217274
43.802092,125.217274
43.802092,125.217274
43.802092,125.217274
43.802092,125.217274
43.802092,125.217274
43.802092,125.217274
43.802092,125.217274
43.802092,125.217274
43.802092,125.217274
43.802092,125.217274
43.802092,125.217274
43.802092,125.217274
43.802092,125.217274
43.802092,125.217274
43.802092,125.217274
43.802092,125.217274
43.802092,125.217274
43.802092,125.217274
43.802092,125.217274
43.802092,125.217274
43.802092,125.217274
43.802092,125.217274
43.802092,125.217274
43.802092,125.217274
43.802092,125.217274
43.802092,125.217274
43.802092,125.217274
43.802092,125.217274
43.802092,125.217274
43.802092,125.217274
43.802092,125.217274
43.802092,125.217274
43.802092,125.217274
43.802092,125.217274
43.802092,125.217274
43.802092,125.217274
43.802092,125.217274
43.802092,125.217274
43.802092,125.217274
43.802092,125.217274
43.802092,125.217274
43.802092,125.217274
43.802092,125.217274
43.802092,125.217274
43.802092,125.217274
43.802092,125.217274
43.802092,125.217274
43.802092,125.217274
43.802092,125.217274
43.802092,125.217274
43.802092,125.217274
43.802092,125.217274
43.802092,125.217274
43.802092,125.217274
43.802092,125.217274
43.802092,125.217274
43.802092,125.217274
43.802092,125.217274
43.802092,125.217274
43.802092,125.217274
43.802092,125.217274
43.802092,125.217274
43.802092,125.217274
43.802092,125.217274
43.802092,125.217274
43.802092,125.217274
43.802092,125.217274
43.802092,125.217274
43.802092,125.217274
43.802092,125.217274
43.802092,125.217274
43.802092,125.217274
43.802092,125.217274
43.802092,125.217274
43.802092,125.217274
43.802092,125.217274
43.802092,125.217274
43.802092,125.217274
43.802092,125.217274
43.802092,125.217274
43.802092,125.217274
43.802092,125.217274
43.802092,125.217274
43.802092,125.217274
43.802092,125.217274
43.802092,125.217274
43.802092,125.217274
43.802092,125.217274
43.802092,125.217274
43.802092,125.217274
43.802092,125.217274
43.802092,125.217274
43.802092,125.217274
43.802092,125.217274
43.802092,125.217274
43.802092,125.217274
43.802092,125.217274
43.802092,125.217274
43.802092,125.217274
43.802092,125.217274
43.802092,125.217274
43.802092,125.217274
43.802092,125.217274
43.802092,125.217274
43.802092,125.217274
43.802092,125.217274
43.802092,125.217274
43.802092,125.217274
43.802092,125.217274
43.802092,125.217274
43.802092,125.217274
43.802092,125.217274
43.802092,125.217274
43.802092,125.217274
43.802092,125.217274
43.802092,125.217274
43.802092,125.217274
43.802092,125.217274
43.802092,125.217274
43.802092,125.217274
43.802092,125.217274
43.802092,125.217274
43.802092,125.217274
43.802092,125.217274
43.802092,125.217274
43.802092,125.217274
43.802092,125.217274
43.802092,125.217274
43.802092,125.217274
43.802092,125.217274
43.802092,125.217274
43.802092,125.217274
43.802092,125.217274
43.802092,125.217274
43.802092,125.217274
43.802092,125.217274
43.802092,125.217274
43.802092,125.217274
43.802092,125.217274
43.802092,125.217274
43.802092,125.217274
43.802092,125.217274
43.802092,125.217274
43.802092,125.217274
43.802092,125.217274
43.802092,125.217274
43.802092,125.217274
43.802092,125.217274
43.802092,125.217274
43.802092,125.217274
43.802092,125.217274
43.802092,125.217274
43.802092,125.217274
43.802092,125.217274
43.802092,125.217274
43.802092,125.217274
43.802092,125.217274
43.802092,125.217274
43.802092,125.217274
43.802092,125.217274
43.802092,125.217274
43.802092,125.217274
43.802092,125.217274
43.802092,125.217274
43.802092,125.217274
43.802092,125.217274
43.802092,125.217274
43.802092,125.217274
43.802092,125.217274
43.802092,125.217274
43.802092,125.217274
43.802092,125.217274
43.802092,125.217274
43.802092,125.217274
43.802092,125.217274
43.802092,125.217274
43.802092,125.217274
43.802092,125.217274
43.802092,125.217274
43.802092,125.217274
43.802092,125.217274
43.802092,125.217274
43.802092,125.217274
43.802092,125.217274
43.802092,125.217274
43.802092,125.217274
43.802092,125.217274
43.802092,125.217274
43.802092,125.217274
43.802092,125.217274
43.802092,125.217274
43.802092,125.217274
43.802092,125.217274
43.802092,125.217274
43.802092,125.217274
43.802092,125.217274
43.802092,125.217274
43.802092,125.217274
43.802092,125.217274
43.802092,125.217274
43.802092,125.217274
43.802092,125.217274
43.802092,125.217274
43.802092,125.217274
43.802092,125.217274
43.802092,125.217274
43.802092,125.217274
43.802092,125.217274
43.802092,125.217274
43.802092,125.217274
43.802092,125.217274
43.802092,125.217274
43.802092,125.217274
43.802092,125.217274
43.802092,125.217274
43.802092,125.217274
43.802092,125.217274
43.802092,125.217274
43.802092,125.217274
43.802092,125.217274
43.802092,125.217274
43.802092,125.217274
43.802092,125.217274
43.802092,125.217274
43.802092,125.217274
43.802092,125.217274
43.802092,125.217274
43.802092,125.217274
43.802092,125.217274
43.802092,125.217274
43.802092,125.217274
43.802092,125.217274
43.802092,125.217274
43.802092,125.217274
43.802092,125.217274
43.802092,125.217274
43.802092,125.217274
43.802092,125.217274
43.802092,125.217274
43.802092,125.217274
43.802092,125.217274
43.802092,125.217274
43.802092,125.217274
43.802092,125.217274
43.802092,125.217274
43.802092,125.217274
43.802092,125.217274
43.802092,125.217274
43.802092,125.217274
43.802092,125.217274
43.802092,125.217274
43.802092,125.217274
43.802092,125.217274
43.802092,125.217274
43.802092,125.217274
43.802092,125.217274
43.802092,125.217274
43.802092,125.217274
43.802092,125.217274
43.802092,125.217274
43.802092,125.217274
43.802092,125.217274
43.802092,125.217274
43.802092,125.217274
43.802092,125.217274
43.802092,125.217274
43.802092,125.217274
43.802092,125.217274
43.802092,125.217274
43.802092,125.217274
43.802092,125.217274
43.802092,125.217274
43.802092,125.217274
43.802092,125.217274
43.802092,125.217274
43.802092,125.217274
43.802092,125.217274
43.802092,125.217274
43.802092,125.217274
43.802092,125.217274
43.802092,125.217274
43.802092,125.217274
43.802092,125.217274
43.802092,125.217274
43.802092,125.217274
43.802092,125.217274
43.802092,125.217274
43.802092,125.217274
43.802092,125.217274
43.802092,125.217274
43.802092,125.217274
43.802092,125.217274
43.802092,125.217274
43.802092,125.217274
43.802092,125.217274
43.802092,125.217274
43.802092,125.217274
43.802092,125.217274
43.802092,125.217274
43.802092,125.217274
43.802092,125.217274
43.802092,125.217274
43.802092,125.217274
43.802092,125.217274
43.802092,125.217274
43.802092,125.217274
43.802092,125.217274
43.802092,125.217274
43.802092,125.217274
43.802092,125.217274
43.802092,125.217274
43.802092,125.217274
43.802092,125.217274
43.802092,125.217274
43.802092,125.217274
43.802092,125.217274
43.802092,125.217274
43.802092,125.217274
43.802092,125.217274
43.802092,125.217274
43.802092,125.217274
43.802092,125.217274
43.802092,125.217274
43.802092,125.217274
43.802092,125.217274
43.802092,125.217274
43.802092,125.217274
43.802092,125.217274
43.802092,125.217274
43.802092,125.217274
43.802092,125.217274
43.802092,125.217274
43.802092,125.217274
43.802092,125.217274
43.802092,125.217274
43.802092,125.217274
43.802092,125.217274
43.802092,125.217274
43.802092,125.217274
43.802092,125.217274
43.802092,125.217274
43.802092,125.217274
43.802092,125.217274
43.802092,125.217274
43.802092,125.217274
43.802092,125.217274
43.802092,125.217274
43.802092,125.217274
43.802092,125.217274
43.802092,125.217274
43.802092,125.217274
43.802092,125.217274
43.802092,125.217274
43.802092,125.217274
43.802092,125.217274
43.802092,125.217274
43.802092,125.217274
43.802092,125.217274
43.802092,125.217274
43.802092,125.217274
43.802092,125.217274
43.802092,125.217274
43.802092,125.217274
43.802092,125.217274
43.802092,125.217274
43.802092,125.217274
43.802092,125.217274
43.802092,125.217274
43.802092,125.217274
43.802092,125.217274
43.802092,125.217274
43.802092,125.217274
43.802092,125.217274
43.802092,125.217274
43.802092,125.217274
43.802092,125.217274
43.802092,125.217274
43.802092,125.217274
43.802092,125.217274
43.802092,125.217274
43.802092,125.217274
43.802092,125.217274
43.802092,125.217274
43.802092,125.217274
43.802092,125.217274
43.802092,125.217274
43.802092,125.217274
43.802092,125.217274
43.802092,125.217274
43.802092,125.217274
43.802092,125.217274
43.802092,125.217274
43.802092,125.217274
43.802092,125.217274
43.802092,125.217274
43.802092,125.217274
43.802092,125.217274
43.802092,125.217274
43.802092,125.217274
43.802092,125.217274
43.802092,125.217274
43.802092,125.217274
43.802092,125.217274
43.802092,125.217274
43.802092,125.217274
43.802092,125.217274
43.802092,125.217274
43.802092,125.217274
43.802092,125.217274
43.802092,125.217274
43.802092,125.217274
43.802092,125.217274
43.802092,125.217274
43.802092,125.217274
43.802092,125.217274
43.802092,125.217274
43.802092,125.217274
43.802092,125.217274
43.802092,125.217274
43.802092,125.217274
43.802092,125.217274
43.802092,125.217274
43.802092,125.217274
43.802092,125.217274
43.802092,125.217274
43.802092,125.217274
43.802092,125.217274
43.802092,125.217274
43.802092,125.217274
43.802092,125.217274
43.802092,125.217274
43.802092,125.217274
43.802092,125.217274
43.802092,125.217274
43.802092,125.217274
43.802092,125.217274
43.802092,125.217274
43.802092,125.217274
43.802092,125.217274
43.802092,125.217274
43.802092,125.217274
43.802092,125.217274
43.802092,125.217274
43.802092,125.217274
43.802092,125.217274
43.802092,125.217274
43.802092,125.217274
43.802092,125.217274
43.802092,125.217274
43.802092,125.217274
43.802092,125.217274
43.802092,125.217274
43.802092,125.217274
43.802092,125.217274
43.802092,125.217274
43.802092,125.217274
43.802092,125.217274
43.802092,125.217274
43.802092,125.217274
43.802092,125.217274
43.802092,125.217274
43.802092,125.217274
43.802092,125.217274
43.802092,125.217274
43.802092,125.217274
43.802092,125.217274
43.802092,125.217274
43.802092,125.217274
43.802092,125.217274
43.802092,125.217274
43.802092,125.217274
43.802092,125.217274
43.802092,125.217274
43.802092,125.217274
43.802092,125.217274
43.802092,125.217274
43.802092,125.217274
43.802092,125.217274
43.802092,125.217274
43.802092,125.217274
43.802092,125.217274
43.802092,125.217274
43.802092,125.217274
43.802092,125.217274
43.802092,125.217274
43.802092,125.217274
43.802092,125.217274
43.802092,125.217274
43.802092,125.217274
43.802092,125.217274
43.802092,125.217274
43.802092,125.217274
43.802092,125.217274
43.802092,125.217274
43.802092,125.217274
43.802092,125.217274
43.802092,125.217274
43.802092,125.217274
43.802092,125.217274
43.802092,125.217274
43.802092,125.217274
43.802092,125.217274
43.802092,125.217274
43.802092,125.217274
43.802092,125.217274
43.802092,125.217274
43.802092,125.217274
43.802092,125.217274
43.802092,125.217274
43.802092,125.217274
43.802092,125.217274
43.802092,125.217274
43.802092,125.217274
43.802092,125.217274
43.802092,125.217274
43.802092,125.217274
43.802092,125.217274
43.802092,125.217274
43.802092,125.217274
43.802092,125.217274
43.802092,125.217274
43.802092,125.217274
43.802092,125.217274
43.802092,125.217274
43.802092,125.217274
43.802092,125.217274
43.802092,125.217274
43.802092,125.217274
43.802092,125.217274
43.802092,125.217274
43.802092,125.217274
43.802092,125.217274
43.802092,125.217274
43.802092,125.217274
43.802092,125.217274
43.802092,125.217274
43.802092,125.217274
43.802092,125.217274
43.802092,125.217274
43.802092,125.217274
43.802092,125.217274
43.802092,125.217274
43.802092,125.217274
43.802092,125.217274
43.802092,125.217274
43.802092,125.217274
43.802092,125.217274
43.802092,125.217274
43.802092,125.217274
43.802092,125.217274
43.802092,125.217274
43.802092,125.217274
43.802092,125.217274
43.802092,125.217274
43.802092,125.217274
43.802092,125.217274
43.802092,125.217274
43.802092,125.217274
43.802092,125.217274
43.802092,125.217274
43.802092,125.217274
43.802092,125.217274
43.802092,125.217274
43.802092,125.217274
43.802092,125.217274
43.802092,125.217274
43.802092,125.217274
43.802092,125.217274
43.802092,125.217274
43.802092,125.217274
43.802092,125.217274
43.802092,125.217274
43.802092,125.217274
43.802092,125.217274
43.802092,125.217274
43.802092,125.217274
43.802092,125.217274
43.802092,125.217274
43.802092,125.217274
43.802092,125.217274
43.802092,125.217274
43.802092,125.217274
43.802092,125.217274
43.802092,125.217274
43.802092,125.217274
43.802092,125.217274
43.802092,125.217274
43.802092,125.217274
43.802092,125.217274
43.802092,125.217274
43.802092,125.217274
43.802092,125.217274
43.802092,125.217274
43.802092,125.217274
43.802092,125.217274
43.802092,125.217274
43.802092,125.217274
43.802092,125.217274
43.802092,125.217274
43.802092,125.217274
43.802092,125.217274
43.802092,125.217274
43.802092,125.217274
43.802092,125.217274
43.802092,125.217274
43.802092,125.217274
43.802092,125.217274
43.802092,125.217274
43.802092,125.217274
43.802092,125.217274
43.802092,125.217274
43.802092,125.217274
43.802092,125.217274
43.802092,125.217274
43.802092,125.217274
43.802092,125.217274
43.802092,125.217274
43.802092,125.217274
43.802092,125.217274
43.802092,125.217274
43.802092,125.217274
43.802092,125.217274
43.802092,125.217274
43.802092,125.217274
43.802092,125.217274
43.802092,125.217274
43.802092,125.217274
43.802092,125.217274
43.802092,125.217274
43.802092,125.217274
43.802092,125.217274
43.802092,125.217274
43.802092,125.217274
43.802092,125.217274
43.802092,125.217274
43.802092,125.217274
43.802092,125.217274
43.802092,125.217274
43.802092,125.217274
43.802092,125.217274
43.802092,125.217274
43.802092,125.217274
43.802092,125.217274
43.802092,125.217274
43.802092,125.217274
43.802092,125.217274
43.802092,125.217274
43.802092,125.217274
43.802092,125.217274
43.802092,125.217274
43.802092,125.217274
43.802092,125.217274
43.802092,125.217274
43.802092,125.217274
43.802092,125.217274
43.802092,125.217274
43.802092,125.217274
43.802092,125.217274
43.802092,125.217274
43.802092,125.217274
43.802092,125.217274
43.802092,125.217274
43.802092,125.217274
43.802092,125.217274
43.802092,125.217274
43.802092,125.217274
43.802092,125.217274
43.802092,125.217274
43.802092,125.217274
43.802092,125.217274
43.802092,125.217274
43.802092,125.217274
43.802092,125.217274
43.802092,125.217274
43.802092,125.217274
43.802092,125.217274
43.802092,125.217274
43.802092,125.217274
43.802092,125.217274
43.802092,125.217274
43.802092,125.217274
43.802092,125.217274
43.802092,125.217274
43.802092,125.217274
43.802092,125.217274
43.802092,125.217274
43.802092,125.217274
43.802092,125.217274
43.802092,125.217274
43.802092,125.217274
43.802092,125.217274
43.802092,125.217274
43.802092,125.217274
43.802092,125.217274
43.802092,125.217274
43.802092,125.217274
43.802092,125.217274
43.802092,125.217274
43.802092,125.217274
43.802092,125.217274
43.802092,125.217274
43.802092,125.217274
43.802092,125.217274
43.802092,125.217274
43.802092,125.217274
43.802092,125.217274
43.802092,125.217274
43.802092,125.217274
43.802092,125.217274
43.802092,125.217274
43.802092,125.217274
43.802092,125.217274
43.802092,125.217274
43.802092,125.217274
43.802092,125.217274
43.802092,125.217274
43.802092,125.217274
43.802092,125.217274
43.802092,125.217274
43.802092,125.217274
43.802092,125.217274
43.802092,125.217274
43.802092,125.217274
43.802092,125.217274
43.802092,125.217274
43.802092,125.217274
43.802092,125.217274
43.802092,125.217274
43.802092,125.217274
43.802092,125.217274
43.802092,125.217274
43.802092,125.217274
43.802092,125.217274
43.802092,125.217274
43.802092,125.217274
43.802092,125.217274
43.802092,125.217274
43.802092,125.217274
43.802092,125.217274
43.802092,125.217274
43.802092,125.217274
43.802092,125.217274
43.802092,125.217274
43.802092,125.217274
43.802092,125.217274
43.802092,125.217274
43.802092,125.217274
43.802092,125.217274
43.802092,125.217274
43.802092,125.217274
43.802092,125.217274
43.802092,125.217274
43.802092,125.217274
43.802092,125.217274
43.802092,125.217274
43.802092,125.217274
43.802092,125.217274
43.802092,125.217274
43.802092,125.217274
43.802092,125.217274
43.802092,125.217274
43.802092,125.217274
43.802092,125.217274
43.802092,125.217274
43.802092,125.217274
43.802092,125.217274
43.802092,125.217274
43.802092,125.217274
43.802092,125.217274
43.802092,125.217274
43.802092,125.217274
43.802092,125.217274
43.802092,125.217274
43.802092,125.217274
43.802092,125.217274
43.802092,125.217274
43.802092,125.217274
43.802092,125.217274
43.802092,125.217274
43.802092,125.217274
43.802092,125.217274
43.802092,125.217274
43.802092,125.217274
43.802092,125.217274
43.802092,125.217274
43.802092,125.217274
43.802092,125.217274
43.802092,125.217274
43.802092,125.217274
43.802092,125.217274
43.802092,125.217274
43.802092,125.217274
43.802092,125.217274
43.802092,125.217274
43.802092,125.217274
43.802092,125.217274
43.802092,125.217274
43.802092,125.217274
43.802092,125.217274
43.802092,125.217274
43.802092,125.217274
43.802092,125.217274
43.802092,125.217274
43.802092,125.217274
43.802092,125.217274
43.802092,125.217274
43.802092,125.217274
43.802092,125.217274
43.802092,125.217274
43.802092,125.217274
43.802092,125.217274
43.802092,125.217274
43.802092,125.217274
43.802092,125.217274
43.802092,125.217274
43.802092,125.217274
43.802092,125.217274
43.802092,125.217274
43.802092,125.217274
43.802092,125.217274
43.802092,125.217274
43.802092,125.217274
43.802092,125.217274
43.802092,125.217274
43.802092,125.217274
43.802092,125.217274
43.802092,125.217274
43.802092,125.217274
43.802092,125.217274
43.802092,125.217274
43.802092,125.217274
43.802092,125.217274
43.802092,125.217274
43.802092,125.217274
43.802092,125.217274
43.802092,125.217274
43.802092,125.217274
43.802092,125.217274
43.802092,125.217274
43.802092,125.217274
43.802092,125.217274
43.802092,125.217274
43.802092,125.217274
43.802092,125.217274
43.802092,125.217274
43.802092,125.217274
43.802092,125.217274
43.802092,125.217274
43.802092,125.217274
43.802092,125.217274
43.802092,125.217274
43.802092,125.217274
43.802092,125.217274
43.802092,125.217274
43.802092,125.217274
43.802092,125.217274
43.802092,125.217274
43.802092,125.217274
43.802092,125.217274
43.802092,125.217274
43.802092,125.217274
43.802092,125.217274
43.802092,125.217274
43.802092,125.217274
43.802092,125.217274
43.802092,125.217274
43.802092,125.217274
43.802092,125.217274
43.802092,125.217274
43.802092,125.217274
43.802092,125.217274
43.802092,125.217274
43.802092,125.217274
43.802092,125.217274
43.802092,125.217274
43.802092,125.217274
43.802092,125.217274
43.802092,125.217274
43.802092,125.217274
43.802092,125.217274
43.802092,125.217274
43.802092,125.217274
43.802092,125.217274
43.802092,125.217274
43.802092,125.217274
43.802092,125.217274
43.802092,125.217274
43.802092,125.217274
43.802092,125.217274
43.802092,125.217274
43.802092,125.217274
43.802092,125.217274
43.802092,125.217274
43.802092,125.217274
43.802092,125.217274
43.802092,125.217274
43.802092,125.217274
43.802092,125.217274
43.802092,125.217274
43.802092,125.217274
43.802092,125.217274
43.802092,125.217274
43.802092,125.217274
43.802092,125.217274
43.802092,125.217274
43.802092,125.217274
43.802092,125.217274
43.802092,125.217274
43.802092,125.217274
43.802092,125.217274
43.802092,125.217274
43.802092,125.217274
43.802092,125.217274
43.802092,125.217274
43.802092,125.217274
43.802092,125.217274
43.802092,125.217274
43.802092,125.217274
43.802092,125.217274
43.802092,125.217274
43.802092,125.217274
43.802092,125.217274
43.802092,125.217274
43.802092,125.217274
43.802092,125.217274
43.802092,125.217274
43.802092,125.217274
43.802092,125.217274
43.802092,125.217274
43.802092,125.217274
43.802092,125.217274
43.802092,125.217274
43.802092,125.217274
43.802092,125.217274
43.802092,125.217274
43.802093,125.217272
43.802093,125.217272
43.802093,125.217272
43.802093,125.217272
43.802093,125.217272
43.802093,125.217272
43.802093,125.217272
43.802093,125.217272
43.802093,125.217272
43.802093,125.217272
43.802093,125.217272
43.802093,125.217272
43.802093,125.217272
43.802093,125.217272
43.802093,125.217272
43.802093,125.217272
43.802093,125.217272
43.802093,125.217272
43.802093,125.217272
43.802093,125.217272
43.802096,125.217268
43.802096,125.217268
43.802096,125.217268
43.802096,125.217268
43.802096,125.217268
43.802096,125.217268
43.802096,125.217268
43.802096,125.217268
43.802096,125.217268
43.802096,125.217268
43.802096,125.217268
43.802096,125.217268
43.802096,125.217268
43.802096,125.217268
43.802096,125.217268
43.802096,125.217268
43.802096,125.217268
43.802096,125.217268
43.802096,125.217268
43.802096,125.217268
43.802094,125.217264
43.802094,125.217264
43.802094,125.217264
43.802094,125.217264
43.802094,125.217264
43.802094,125.217264
43.802094,125.217264
43.802094,125.217264
43.802094,125.217264
43.802094,125.217264
43.802094,125.217264
43.802094,125.217262
43.802094,125.217262
43.802094,125.217262
43.802094,125.217262
43.802094,125.217262
43.802094,125.217262
43.802094,125.217262
43.802094,125.217262
43.802094,125.217262
43.802094,125.217262
43.802094,125.217262
43.802094,125.217262
43.802094,125.217262
43.802094,125.217262
43.802094,125.217262
43.802094,125.217262
43.802094,125.217262
43.802094,125.217262
43.802094,125.217262
43.802094,125.217262
43.802094,125.217262
43.802094,125.217262
43.802094,125.217262
43.802094,125.217262
43.802094,125.217262
43.802094,125.217262
43.802094,125.217262
43.802094,125.217262
43.802094,125.217262
43.802094,125.217262
43.802094,125.217262
43.802094,125.217262
43.802094,125.217262
43.802094,125.217262
43.802094,125.217262
43.802094,125.217262
43.802094,125.217262
43.802094,125.217262
43.802094,125.217262
43.802094,125.217262
43.802094,125.217262
43.802094,125.217262
43.802094,125.217262
43.802094,125.217262
43.802094,125.217262
43.802094,125.217262
43.802094,125.217262
43.802094,125.217262
43.802094,125.217262
43.802094,125.217262
43.802094,125.217262
43.802094,125.217262
43.802094,125.217262
43.802094,125.217262
43.802094,125.217262
43.802094,125.217262
43.802094,125.217262
43.802094,125.217262
43.802094,125.217262
43.802094,125.217262
43.802094,125.217262
43.802094,125.217262
43.802094,125.217262
43.802094,125.217262
43.802094,125.217262
43.802094,125.217262
43.802094,125.217262
43.802094,125.217262
43.802094,125.217262
43.802094,125.217262
43.802094,125.217262
43.802094,125.217262
43.802094,125.217262
43.802094,125.217262
43.802094,125.217262
43.802094,125.217262
43.802094,125.217262
43.802094,125.217262
43.802094,125.217262
43.802094,125.217262
43.802094,125.217262
43.802094,125.217262
43.802094,125.217262
43.802094,125.217262
43.802094,125.217262
43.802094,125.217262
43.802094,125.217262
43.802094,125.217262
43.802094,125.217262
43.802094,125.217262
43.802094,125.217262
43.802094,125.217262
43.802094,125.217262
43.802094,125.217262
43.802094,125.217262
43.802094,125.217262
43.802094,125.217262
43.802094,125.217262
43.802094,125.217262
43.802094,125.217262
43.802094,125.217262
43.802094,125.217262
43.802094,125.217262
43.802094,125.217262
43.802094,125.217262
43.802094,125.217262
43.802094,125.217262
43.802094,125.217262
43.802094,125.217262
43.802094,125.217262
43.802094,125.217262
43.802094,125.217262
43.802094,125.217262
43.802094,125.217262
43.802094,125.217262
43.802094,125.217262
43.802094,125.217262
43.802094,125.217262
43.802094,125.217262
43.802094,125.217262
43.802094,125.217262
43.802094,125.217262
43.802094,125.217262
43.802094,125.217262
43.802094,125.217262
43.802094,125.217262
43.802094,125.217262
43.802094,125.217262
43.802094,125.217262
43.802094,125.217262
43.802094,125.217262
43.802094,125.217262
43.802094,125.217262
43.802094,125.217262
43.802094,125.217262
43.802094,125.217262
43.802094,125.217262
43.802094,125.217262
43.802094,125.217262
43.802094,125.217262
43.802094,125.217262
43.802094,125.217262
43.802094,125.217262
43.802094,125.217262
43.802094,125.217262
43.802094,125.217262
43.802094,125.217262
43.802094,125.217262
43.802094,125.217262
43.802094,125.217262
43.802094,125.217262
43.802094,125.217262
43.802094,125.217262
43.802094,125.217262
43.802094,125.217262
43.802094,125.217262
43.802091,125.217255
43.802091,125.217255
43.802091,125.217255
43.802091,125.217255
43.802091,125.217255
43.802091,125.217255
43.802091,125.217255
43.802091,125.217255
43.802091,125.217255
43.802091,125.217255
43.802091,125.217255
43.802091,125.217255
43.802091,125.217255
43.802091,125.217255
43.802091,125.217255
43.802091,125.217255
43.802091,125.217255
43.802091,125.217255
43.802091,125.217255
43.802091,125.217255
43.802076,125.217233
43.802076,125.217233
43.802076,125.217233
43.802076,125.217233
43.802076,125.217233
43.802076,125.217233
43.802076,125.217233
43.802076,125.217233
43.802076,125.217233
43.802076,125.217233
43.802076,125.217233
43.802076,125.217233
43.802076,125.217233
43.802076,125.217233
43.802076,125.217233
43.802076,125.217233
43.802076,125.217233
43.802076,125.217233
43.802076,125.217233
43.802076,125.217233
43.802046,125.217196
43.802046,125.217196
43.802046,125.217196
43.802046,125.217196
43.802046,125.217196
43.802046,125.217196
43.802046,125.217196
43.802046,125.217196
43.802046,125.217196
43.802046,125.217196
43.802046,125.217196
43.802046,125.217196
43.802046,125.217196
43.802046,125.217196
43.802046,125.217196
43.802046,125.217196
43.802046,125.217196
43.802046,125.217196
43.802046,125.217196
43.802046,125.217196
43.802004,125.217141
43.802004,125.217141
43.802004,125.217141
43.802004,125.217141
43.802004,125.217141
43.802004,125.217141
43.802004,125.217141
43.802004,125.217141
43.802004,125.217141
43.802004,125.217141
43.802004,125.217141
43.802004,125.217141
43.802004,125.217141
43.802004,125.217141
43.802004,125.217141
43.802004,125.217141
43.802004,125.217141
43.802004,125.217141
43.802004,125.217141
43.802004,125.217141
43.801961,125.217056
43.801961,125.217056
43.801961,125.217056
43.801961,125.217056
43.801961,125.217056
43.801961,125.217056
43.801961,125.217056
43.801961,125.217056
43.801961,125.217056
43.801961,125.217056
43.801961,125.217056
43.801961,125.217056
43.801961,125.217056
43.801961,125.217056
43.801961,125.217056
43.801961,125.217056
43.801961,125.217056
43.801961,125.217056
43.801961,125.217056
43.801961,125.217056
43.801915,125.216952
43.801915,125.216952
43.801915,125.216952
43.801915,125.216952
43.801915,125.216952
43.801915,125.216952
43.801915,125.216952
43.801915,125.216952
43.801915,125.216952
43.801915,125.216952
43.801915,125.216952
43.801915,125.216952
43.801915,125.216952
43.801915,125.216952
43.801915,125.216952
43.801915,125.216952
43.801915,125.216952
43.801915,125.216952
43.801915,125.216952
43.801915,125.216952
43.801862,125.216837
43.801862,125.216837
43.801862,125.216837
43.801862,125.216837
43.801862,125.216837
43.801862,125.216837
43.801862,125.216837
43.801862,125.216837
43.801862,125.216837
43.801862,125.216837
43.801862,125.216837
43.801862,125.216837
43.801862,125.216837
43.801862,125.216837
43.801862,125.216837
43.801862,125.216837
43.801862,125.216837
43.801862,125.216837
43.801862,125.216837
43.801862,125.216837
43.801801,125.216714
43.801801,125.216714
43.801801,125.216714
43.801801,125.216714
43.801801,125.216714
43.801801,125.216714
43.801801,125.216714
43.801801,125.216714
43.801801,125.216714
43.801801,125.216714
43.801801,125.216714
43.801801,125.216714
43.801801,125.216714
43.801801,125.216714
43.801801,125.216714
43.801801,125.216714
43.801801,125.216714
43.801801,125.216714
43.801801,125.216714
43.801801,125.216714
43.801734,125.216587
43.801734,125.216587
43.801734,125.216587
43.801734,125.216587
43.801734,125.216587
43.801734,125.216587
43.801734,125.216587
43.801734,125.216587
43.801734,125.216587
43.801734,125.216587
43.801734,125.216587
43.801734,125.216587
43.801734,125.216587
43.801734,125.216587
43.801734,125.216587
43.801734,125.216587
43.801734,125.216587
43.801734,125.216587
43.801734,125.216587
43.801734,125.216587
43.801671,125.216471
43.801671,125.216471
43.801671,125.216471
43.801671,125.216471
43.801671,125.216471
43.801671,125.216471
43.801671,125.216471
43.801671,125.216471
43.801671,125.216471
43.801671,125.216471
43.801671,125.216471
43.801671,125.216471
43.801671,125.216471
43.801671,125.216471
43.801671,125.216471
43.801671,125.216471
43.801671,125.216471
43.801671,125.216471
43.801671,125.216471
43.801671,125.216471
43.801601,125.216335
43.801601,125.216335
43.801601,125.216335
43.801601,125.216335
43.801601,125.216335
43.801601,125.216335
43.801601,125.216335
43.801601,125.216335
43.801601,125.216335
43.801601,125.216335
43.801601,125.216335
43.801601,125.216335
43.801601,125.216335
43.801601,125.216335
43.801601,125.216335
43.801601,125.216335
43.801601,125.216335
43.801601,125.216335
43.801601,125.216335
43.801601,125.216335
43.801525,125.216183
43.801525,125.216183
43.801525,125.216183
43.801525,125.216183
43.801525,125.216183
43.801525,125.216183
43.801525,125.216183
43.801525,125.216183
43.801525,125.216183
43.801525,125.216183
43.801525,125.216183
43.801525,125.216183
43.801525,125.216183
43.801525,125.216183
43.801525,125.216183
43.801525,125.216183
43.801525,125.216183
43.801525,125.216183
43.801525,125.216183
43.801525,125.216183
43.801452,125.216033
43.801452,125.216033
43.801452,125.216033
43.801452,125.216033
43.801452,125.216033
43.801452,125.216033
43.801452,125.216033
43.801452,125.216033
43.801452,125.216033
43.801452,125.216033
43.801452,125.216033
43.801452,125.216033
43.801452,125.216033
43.801452,125.216033
43.801452,125.216033
43.801452,125.216033
43.801452,125.216033
43.801452,125.216033
43.801452,125.216033
43.801452,125.216033
43.801378,125.215878
43.801378,125.215878
43.801378,125.215878
43.801378,125.215878
43.801378,125.215878
43.801378,125.215878
43.801378,125.215878
43.801378,125.215878
43.801378,125.215878
43.801378,125.215878
43.801378,125.215878
43.801378,125.215878
43.801378,125.215878
43.801378,125.215878
43.801378,125.215878
43.801378,125.215878
43.801378,125.215878
43.801378,125.215878
43.801378,125.215878
43.801378,125.215878
43.801303,125.21572
43.801303,125.21572
43.801303,125.21572
43.801303,125.21572
43.801303,125.21572
43.801303,125.21572
43.801303,125.21572
43.801303,125.21572
43.801303,125.21572
43.801303,125.21572
43.801303,125.21572
43.801303,125.21572
43.801303,125.21572
43.801303,125.21572
43.801303,125.21572
43.801303,125.21572
43.801303,125.21572
43.801303,125.21572
43.801303,125.21572
43.801303,125.21572
43.801226,125.21556
43.801226,125.21556
43.801226,125.21556
43.801226,125.21556
43.801226,125.21556
43.801226,125.21556
43.801226,125.21556
43.801226,125.21556
43.801226,125.21556
43.801226,125.21556
43.801226,125.21556
43.801226,125.21556
43.801226,125.21556
43.801226,125.21556
43.801226,125.21556
43.801226,125.21556
43.801226,125.21556
43.801226,125.21556
43.801226,125.21556
43.801226,125.21556
43.801155,125.215412
43.801155,125.215412
43.801155,125.215412
43.801155,125.215412
43.801155,125.215412
43.801155,125.215412
43.801155,125.215412
43.801155,125.215412
43.801155,125.215412
43.801155,125.215412
43.801155,125.215412
43.801155,125.215412
43.801155,125.215412
43.801155,125.215412
43.801155,125.215412
43.801155,125.215412
43.801155,125.215412
43.801155,125.215412
43.801155,125.215412
43.801155,125.215412
43.801076,125.215244
43.801076,125.215244
43.801076,125.215244
43.801076,125.215244
43.801076,125.215244
43.801076,125.215244
43.801076,125.215244
43.801076,125.215244
43.801076,125.215244
43.801076,125.215244
43.801076,125.215244
43.801076,125.215244
43.801076,125.215244
43.801076,125.215244
43.801076,125.215244
43.801076,125.215244
43.801076,125.215244
43.801076,125.215244
43.801076,125.215244
43.801076,125.215244
43.801007,125.215096
43.801007,125.215096
43.801007,125.215096
43.801007,125.215096
43.801007,125.215096
43.801007,125.215096
43.801007,125.215096
43.801007,125.215096
43.801007,125.215096
43.801007,125.215096
43.801007,125.215096
43.801007,125.215096
43.801007,125.215096
43.801007,125.215096
43.801007,125.215096
43.801007,125.215096
43.801007,125.215096
43.801007,125.215096
43.801007,125.215096
43.801007,125.215096
43.80094,125.214955
43.80094,125.214955
43.80094,125.214955
43.80094,125.214955
43.80094,125.214955
43.80094,125.214955
43.80094,125.214955
43.80094,125.214955
43.80094,125.214955
43.80094,125.214955
43.80094,125.214955
43.80094,125.214955
43.80094,125.214955
43.80094,125.214955
43.80094,125.214955
43.80094,125.214955
43.80094,125.214955
43.80094,125.214955
43.80094,125.214955
43.80094,125.214955
43.800877,125.214826
43.800877,125.214826
43.800877,125.214826
43.800877,125.214826
43.800877,125.214826
43.800877,125.214826
43.800877,125.214826
43.800877,125.214826
43.800877,125.214826
43.800877,125.214826
43.800877,125.214826
43.800877,125.214826
43.800877,125.214826
43.800877,125.214826
43.800877,125.214826
43.800877,125.214826
43.800877,125.214826
43.800877,125.214826
43.800877,125.214826
43.800877,125.214826
43.800819,125.214705
43.800819,125.214705
43.800819,125.214705
43.800819,125.214705
43.800819,125.214705
43.800819,125.214705
43.800819,125.214705
43.800819,125.214705
43.800819,125.214705
43.800819,125.214705
43.800819,125.214705
43.800819,125.214705
43.800819,125.214705
43.800819,125.214705
43.800819,125.214705
43.800819,125.214705
43.800819,125.214705
43.800819,125.214705
43.800819,125.214705
43.800819,125.214705
43.800765,125.214588
43.800765,125.214588
43.800765,125.214588
43.800765,125.214588
43.800765,125.214588
43.800765,125.214588
43.800765,125.214588
43.800765,125.214588
43.800765,125.214588
43.800765,125.214588
43.800765,125.214588
43.800765,125.214588
43.800765,125.214588
43.800765,125.214588
43.800765,125.214588
43.800765,125.214588
43.800765,125.214588
43.800765,125.214588
43.800765,125.214588
43.800765,125.214588
43.800714,125.214477
43.800714,125.214477
43.800714,125.214477
43.800714,125.214477
43.800714,125.214477
43.800714,125.214477
43.800714,125.214477
43.800714,125.214477
43.800714,125.214477
43.800714,125.214477
43.800714,125.214477
43.800714,125.214477
43.800714,125.214477
43.800714,125.214477
43.800714,125.214477
43.800714,125.214477
43.800714,125.214477
43.800714,125.214477
43.800714,125.214477
43.800714,125.214477
43.80067,125.214381
43.80067,125.214381
43.80067,125.214381
43.80067,125.214381
43.80067,125.214381
43.80067,125.214381
43.80067,125.214381
43.80067,125.214381
43.80067,125.214381
43.80067,125.214381
43.80067,125.214381
43.80067,125.214381
43.80067,125.214381
43.80067,125.214381
43.80067,125.214381
43.80067,125.214381
43.80067,125.214381
43.80067,125.214381
43.80067,125.214381
43.80067,125.214381
43.800632,125.214299
43.800632,125.214299
43.800632,125.214299
43.800632,125.214299
43.800632,125.214299
43.800632,125.214299
43.800632,125.214299
43.800632,125.214299
43.800632,125.214299
43.800632,125.214299
43.800632,125.214299
43.800632,125.214299
43.800632,125.214299
43.800632,125.214299
43.800632,125.214299
43.800632,125.214299
43.800632,125.214299
43.800632,125.214299
43.800632,125.214299
43.800632,125.214299
43.800604,125.214243
43.800604,125.214243
43.800604,125.214243
43.800604,125.214243
43.800604,125.214243
43.800604,125.214243
43.800604,125.214243
43.800604,125.214243
43.800604,125.214243
43.800604,125.214243
43.800604,125.214243
43.800604,125.214243
43.800604,125.214243
43.800604,125.214243
43.800604,125.214243
43.800604,125.214243
43.800604,125.214243
43.800604,125.214243
43.800604,125.214243
43.800604,125.214243
43.800586,125.21422
43.800586,125.21422
43.800586,125.21422
43.800586,125.21422
43.800586,125.21422
43.800586,125.21422
43.800586,125.21422
43.800586,125.21422
43.800586,125.21422
43.800586,125.21422
43.800586,125.21422
43.800586,125.21422
43.800586,125.21422
43.800586,125.21422
43.800586,125.21422
43.800586,125.21422
43.800586,125.21422
43.800586,125.21422
43.800586,125.21422
43.800586,125.21422
43.800559,125.214207
43.800559,125.214207
43.800559,125.214207
43.800559,125.214207
43.800559,125.214207
43.800559,125.214207
43.800559,125.214207
43.800559,125.214207
43.800559,125.214207
43.800559,125.214207
43.800559,125.214207
43.800559,125.214207
43.800559,125.214207
43.800559,125.214207
43.800559,125.214207
43.800559,125.214207
43.800559,125.214207
43.800559,125.214207
43.800559,125.214207
43.800559,125.214207
43.800534,125.214219
43.800534,125.214219
43.800534,125.214219
43.800534,125.214219
43.800534,125.214219
43.800534,125.214219
43.800534,125.214219
43.800534,125.214219
43.800534,125.214219
43.800534,125.214219
43.800534,125.214219
43.800534,125.214219
43.800534,125.214219
43.800534,125.214219
43.800534,125.214219
43.800534,125.214219
43.800534,125.214219
43.800534,125.214219
43.800534,125.214219
43.800534,125.214219
43.800519,125.214263
43.800519,125.214263
43.800519,125.214263
43.800519,125.214263
43.800519,125.214263
43.800519,125.214263
43.800519,125.214263
43.800519,125.214263
43.800519,125.214263
43.800519,125.214263
43.800519,125.214263
43.800519,125.214263
43.800519,125.214263
43.800519,125.214263
43.800519,125.214263
43.800519,125.214263
43.800519,125.214263
43.800519,125.214263
43.800519,125.214263
43.800519,125.214263
43.800528,125.214321
43.800528,125.214321
43.800528,125.214321
43.800528,125.214321
43.800528,125.214321
43.800528,125.214321
43.800528,125.214321
43.800528,125.214321
43.800528,125.214321
43.800528,125.214321
43.800528,125.214321
43.800528,125.214321
43.800528,125.214321
43.800528,125.214321
43.800528,125.214321
43.800528,125.214321
43.800528,125.214321
43.800528,125.214321
43.800528,125.214321
43.800528,125.214321
43.800561,125.214394
43.800561,125.214394
43.800561,125.214394
43.800561,125.214394
43.800561,125.214394
43.800561,125.214394
43.800561,125.214394
43.800561,125.214394
43.800561,125.214394
43.800561,125.214394
43.800561,125.214394
43.800561,125.214394
43.800561,125.214394
43.800561,125.214394
43.800561,125.214394
43.800561,125.214394
43.800561,125.214394
43.800561,125.214394
43.800561,125.214394
43.800561,125.214394
43.800604,125.214485
43.800604,125.214485
43.800604,125.214485
43.800604,125.214485
43.800604,125.214485
43.800604,125.214485
43.800604,125.214485
43.800604,125.214485
43.800604,125.214485
43.800604,125.214485
43.800604,125.214485
43.800604,125.214485
43.800604,125.214485
43.800604,125.214485
43.800604,125.214485
43.800604,125.214485
43.800604,125.214485
43.800604,125.214485
43.800604,125.214485
43.800604,125.214485
43.800654,125.214581
43.800654,125.214581
43.800654,125.214581
43.800654,125.214581
43.800654,125.214581
43.800654,125.214581
43.800654,125.214581
43.800654,125.214581
43.800654,125.214581
43.800654,125.214581
43.800654,125.214581
43.800654,125.214581
43.800654,125.214581
43.800654,125.214581
43.800654,125.214581
43.800654,125.214581
43.800654,125.214581
43.800654,125.214581
43.800654,125.214581
43.800654,125.214581
43.800712,125.214696
43.800712,125.214696
43.800712,125.214696
43.800712,125.214696
43.800712,125.214696
43.800712,125.214696
43.800712,125.214696
43.800712,125.214696
43.800712,125.214696
43.800712,125.214696
43.800712,125.214696
43.800712,125.214696
43.800712,125.214696
43.800712,125.214696
43.800712,125.214696
43.800712,125.214696
43.800712,125.214696
43.800712,125.214696
43.800712,125.214696
43.800712,125.214696
43.800784,125.21484
43.800784,125.21484
43.800784,125.21484
43.800784,125.21484
43.800784,125.21484
43.800784,125.21484
43.800784,125.21484
43.800784,125.21484
43.800784,125.21484
43.800784,125.21484
43.800784,125.21484
43.800784,125.21484
43.800784,125.21484
43.800784,125.21484
43.800784,125.21484
43.800784,125.21484
43.800784,125.21484
43.800784,125.21484
43.800784,125.21484
43.800784,125.21484
43.800852,125.214985
43.800852,125.214985
43.800852,125.214985
43.800852,125.214985
43.800852,125.214985
43.800852,125.214985
43.800852,125.214985
43.800852,125.214985
43.800852,125.214985
43.800852,125.214985
43.800852,125.214985
43.800852,125.214985
43.800852,125.214985
43.800852,125.214985
43.800852,125.214985
43.800852,125.214985
43.800852,125.214985
43.800852,125.214985
43.800852,125.214985
43.800852,125.214985
43.800914,125.215133
43.800914,125.215133
43.800914,125.215133
43.800914,125.215133
43.800914,125.215133
43.800914,125.215133
43.800914,125.215133
43.800914,125.215133
43.800914,125.215133
43.800914,125.215133
43.800914,125.215133
43.800914,125.215133
43.800914,125.215133
43.800914,125.215133
43.800914,125.215133
43.800914,125.215133
43.800914,125.215133
43.800914,125.215133
43.800914,125.215133
43.800914,125.215133
43.80097,125.215273
43.80097,125.215273
43.80097,125.215273
43.80097,125.215273
43.80097,125.215273
43.80097,125.215273
43.80097,125.215273
43.80097,125.215273
43.80097,125.215273
43.80097,125.215273
43.80097,125.215273
43.80097,125.215273
43.80097,125.215273
43.80097,125.215273
43.80097,125.215273
43.80097,125.215273
43.80097,125.215273
43.80097,125.215273
43.80097,125.215273
43.80097,125.215273
43.801036,125.21543
43.801036,125.21543
43.801036,125.21543
43.801036,125.21543
43.801036,125.21543
43.801036,125.21543
43.801036,125.21543
43.801036,125.21543
43.801036,125.21543
43.801036,125.21543
43.801036,125.21543
43.801036,125.21543
43.801036,125.21543
43.801036,125.21543
43.801036,125.21543
43.801036,125.21543
43.801036,125.21543
43.801036,125.21543
43.801036,125.21543
43.801036,125.21543
43.801107,125.21559
43.801107,125.21559
43.801107,125.21559
43.801107,125.21559
43.801107,125.21559
43.801107,125.21559
43.801107,125.21559
43.801107,125.21559
43.801107,125.21559
43.801107,125.21559
43.801107,125.21559
43.801107,125.21559
43.801107,125.21559
43.801107,125.21559
43.801107,125.21559
43.801107,125.21559
43.801107,125.21559
43.801107,125.21559
43.801107,125.21559
43.801107,125.21559
43.801192,125.215763
43.801192,125.215763
43.801192,125.215763
43.801192,125.215763
43.801192,125.215763
43.801192,125.215763
43.801192,125.215763
43.801192,125.215763
43.801192,125.215763
43.801192,125.215763
43.801192,125.215763
43.801192,125.215763
43.801192,125.215763
43.801192,125.215763
43.801192,125.215763
43.801192,125.215763
43.801192,125.215763
43.801192,125.215763
43.801192,125.215763
43.801192,125.215763
43.801274,125.215917
43.801274,125.215917
43.801274,125.215917
43.801274,125.215917
43.801274,125.215917
43.801274,125.215917
43.801274,125.215917
43.801274,125.215917
43.801274,125.215917
43.801274,125.215917
43.801274,125.215917
43.801274,125.215917
43.801274,125.215917
43.801274,125.215917
43.801274,125.215917
43.801274,125.215917
43.801274,125.215917
43.801274,125.215917
43.801274,125.215917
43.801274,125.215917
43.801354,125.216061
43.801354,125.216061
43.801354,125.216061
43.801354,125.216061
43.801354,125.216061
43.801354,125.216061
43.801354,125.216061
43.801354,125.216061
43.801354,125.216061
43.801354,125.216061
43.801354,125.216061
43.801354,125.216061
43.801354,125.216061
43.801354,125.216061
43.801354,125.216061
43.801354,125.216061
43.801354,125.216061
43.801354,125.216061
43.801354,125.216061
43.801354,125.216061
43.801432,125.216189
43.801432,125.216189
43.801432,125.216189
43.801432,125.216189
43.801432,125.216189
43.801432,125.216189
43.801432,125.216189
43.801432,125.216189
43.801432,125.216189
43.801432,125.216189
43.801432,125.216189
43.801432,125.216189
43.801432,125.216189
43.801432,125.216189
43.801432,125.216189
43.801432,125.216189
43.801432,125.216189
43.801432,125.216189
43.801432,125.216189
43.801432,125.216189
43.801525,125.216342
43.801525,125.216342
43.801525,125.216342
43.801525,125.216342
43.801525,125.216342
43.801525,125.216342
43.801525,125.216342
43.801525,125.216342
43.801525,125.216342
43.801525,125.216342
43.801525,125.216342
43.801525,125.216342
43.801525,125.216342
43.801525,125.216342
43.801525,125.216342
43.801525,125.216342
43.801525,125.216342
43.801525,125.216342
43.801525,125.216342
43.801525,125.216342
43.801611,125.216501
43.801611,125.216501
43.801611,125.216501
43.801611,125.216501
43.801611,125.216501
43.801611,125.216501
43.801611,125.216501
43.801611,125.216501
43.801611,125.216501
43.801611,125.216501
43.801611,125.216501
43.801611,125.216501
43.801611,125.216501
43.801611,125.216501
43.801611,125.216501
43.801611,125.216501
43.801611,125.216501
43.801611,125.216501
43.801611,125.216501
43.801611,125.216501
43.801693,125.216672
43.801693,125.216672
43.801693,125.216672
43.801693,125.216672
43.801693,125.216672
43.801693,125.216672
43.801693,125.216672
43.801693,125.216672
43.801693,125.216672
43.801693,125.216672
43.801693,125.216672
43.801693,125.216672
43.801693,125.216672
43.801693,125.216672
43.801693,125.216672
43.801693,125.216672
43.801693,125.216672
43.801693,125.216672
43.801693,125.216672
43.801693,125.216672
43.801766,125.216829
43.801766,125.216829
43.801766,125.216829
43.801766,125.216829
43.801766,125.216829
43.801766,125.216829
43.801766,125.216829
43.801766,125.216829
43.801766,125.216829
43.801766,125.216829
43.801766,125.216829
43.801766,125.216829
43.801766,125.216829
43.801766,125.216829
43.801766,125.216829
43.801766,125.216829
43.801766,125.216829
43.801766,125.216829
43.801766,125.216829
43.801766,125.216829
43.801793,125.216884
43.801793,125.216884
43.801793,125.216884
43.801793,125.216884
43.801793,125.216884
43.801793,125.216884
43.801793,125.216884
43.801793,125.216884
43.801793,125.216884
43.801793,125.216884
43.801793,125.216884
43.801793,125.216884
43.801793,125.216884
43.801793,125.216884
43.801793,125.216884
43.801793,125.216884
43.801793,125.216884
43.801793,125.216884
43.801793,125.216884
43.801793,125.216884
43.801934,125.2172
43.801934,125.2172
43.801934,125.2172
43.801934,125.2172
43.801934,125.2172
43.801934,125.2172
43.801934,125.2172
43.801934,125.2172
43.801934,125.2172
43.801934,125.2172
43.801934,125.2172
43.801934,125.2172
43.801934,125.2172
43.801934,125.2172
43.801934,125.2172
43.801934,125.2172
43.801934,125.2172
43.801934,125.2172
43.801934,125.2172
43.801934,125.2172
43.802008,125.217383
43.802008,125.217383
43.802008,125.217383
43.802008,125.217383
43.802008,125.217383
43.802008,125.217383
43.802008,125.217383
43.802008,125.217383
43.802008,125.217383
43.802008,125.217383
43.802008,125.217383
43.802008,125.217383
43.802008,125.217383
43.802008,125.217383
43.802008,125.217383
43.802008,125.217383
43.802008,125.217383
43.802008,125.217383
43.802008,125.217383
43.802008,125.217383
43.802085,125.217561
43.802085,125.217561
43.802085,125.217561
43.802085,125.217561
43.802085,125.217561
43.802085,125.217561
43.802085,125.217561
43.802085,125.217561
43.802085,125.217561
43.802085,125.217561
43.802085,125.217561
43.802085,125.217561
43.802085,125.217561
43.802085,125.217561
43.802085,125.217561
43.802085,125.217561
43.802085,125.217561
43.802085,125.217561
43.802085,125.217561
43.802085,125.217561
43.802163,125.217735
43.802163,125.217735
43.802163,125.217735
43.802163,125.217735
43.802163,125.217735
43.802163,125.217735
43.802163,125.217735
43.802163,125.217735
43.802163,125.217735
43.802163,125.217735
43.802163,125.217735
43.802163,125.217735
43.802163,125.217735
43.802163,125.217735
43.802163,125.217735
43.802163,125.217735
43.802163,125.217735
43.802163,125.217735
43.802163,125.217735
43.802163,125.217735
43.802242,125.217907
43.802242,125.217907
43.802242,125.217907
43.802242,125.217907
43.802242,125.217907
43.802242,125.217907
43.802242,125.217907
43.802242,125.217907
43.802242,125.217907
43.802242,125.217907
43.802242,125.217907
43.802242,125.217907
43.802242,125.217907
43.802242,125.217907
43.802242,125.217907
43.802242,125.217907
43.802242,125.217907
43.802242,125.217907
43.802242,125.217907
43.802242,125.217907
43.80232,125.218077
43.80232,125.218077
43.80232,125.218077
43.80232,125.218077
43.80232,125.218077
43.80232,125.218077
43.80232,125.218077
43.80232,125.218077
43.80232,125.218077
43.80232,125.218077
43.80232,125.218077
43.80232,125.218077
43.80232,125.218077
43.80232,125.218077
43.80232,125.218077
43.80232,125.218077
43.80232,125.218077
43.80232,125.218077
43.80232,125.218077
43.80232,125.218077
43.802398,125.218245
43.802398,125.218245
43.802398,125.218245
43.802398,125.218245
43.802398,125.218245
43.802398,125.218245
43.802398,125.218245
43.802398,125.218245
43.802398,125.218245
43.802398,125.218245
43.802398,125.218245
43.802398,125.218245
43.802398,125.218245
43.802398,125.218245
43.802398,125.218245
43.802398,125.218245
43.802398,125.218245
43.802398,125.218245
43.802398,125.218245
43.802398,125.218245
43.802477,125.218414
43.802477,125.218414
43.802477,125.218414
43.802477,125.218414
43.802477,125.218414
43.802477,125.218414
43.802477,125.218414
43.802477,125.218414
43.802477,125.218414
43.802477,125.218414
43.802477,125.218414
43.802477,125.218414
43.802477,125.218414
43.802477,125.218414
43.802477,125.218414
43.802477,125.218414
43.802477,125.218414
43.802477,125.218414
43.802477,125.218414
43.802477,125.218414
43.802554,125.218577
43.802554,125.218577
43.802554,125.218577
43.802554,125.218577
43.802554,125.218577
43.802554,125.218577
43.802554,125.218577
43.802554,125.218577
43.802554,125.218577
43.802554,125.218577
43.802554,125.218577
43.802554,125.218577
43.802554,125.218577
43.802554,125.218577
43.802554,125.218577
43.802554,125.218577
43.802554,125.218577
43.802554,125.218577
43.802554,125.218577
43.802554,125.218577
43.802633,125.218748
43.802633,125.218748
43.802633,125.218748
43.802633,125.218748
43.802633,125.218748
43.802633,125.218748
43.802633,125.218748
43.802633,125.218748
43.802633,125.218748
43.802633,125.218748
43.802633,125.218748
43.802633,125.218748
43.802633,125.218748
43.802633,125.218748
43.802633,125.218748
43.802633,125.218748
43.802633,125.218748
43.802633,125.218748
43.802633,125.218748
43.802633,125.218748
43.802713,125.218921
43.802713,125.218921
43.802713,125.218921
43.802713,125.218921
43.802713,125.218921
43.802713,125.218921
43.802713,125.218921
43.802713,125.218921
43.802713,125.218921
43.802713,125.218921
43.802713,125.218921
43.802713,125.218921
43.802713,125.218921
43.802713,125.218921
43.802713,125.218921
43.802713,125.218921
43.802713,125.218921
43.802713,125.218921
43.802713,125.218921
43.802713,125.218921
43.802795,125.219095
43.802795,125.219095
43.802795,125.219095
43.802795,125.219095
43.802795,125.219095
43.802795,125.219095
43.802795,125.219095
43.802795,125.219095
43.802795,125.219095
43.802795,125.219095
43.802795,125.219095
43.802795,125.219095
43.802795,125.219095
43.802795,125.219095
43.802795,125.219095
43.802795,125.219095
43.802795,125.219095
43.802795,125.219095
43.802795,125.219095
43.802795,125.219095
43.802879,125.219269
43.802879,125.219269
43.802879,125.219269
43.802879,125.219269
43.802879,125.219269
43.802879,125.219269
43.802879,125.219269
43.802879,125.219269
43.802879,125.219269
43.802879,125.219269
43.802879,125.219269
43.802879,125.219269
43.802879,125.219269
43.802879,125.219269
43.802879,125.219269
43.802879,125.219269
43.802879,125.219269
43.802879,125.219269
43.802879,125.219269
43.802879,125.219269
43.802962,125.219444
43.802962,125.219444
43.802962,125.219444
43.802962,125.219444
43.802962,125.219444
43.802962,125.219444
43.802962,125.219444
43.802962,125.219444
43.802962,125.219444
43.802962,125.219444
43.802962,125.219444
43.802962,125.219444
43.802962,125.219444
43.802962,125.219444
43.802962,125.219444
43.802962,125.219444
43.802962,125.219444
43.802962,125.219444
43.802962,125.219444
43.802962,125.219444
43.803041,125.219606
43.803041,125.219606
43.803041,125.219606
43.803041,125.219606
43.803041,125.219606
43.803041,125.219606
43.803041,125.219606
43.803041,125.219606
43.803041,125.219606
43.803041,125.219606
43.803041,125.219606
43.803041,125.219606
43.803041,125.219606
43.803041,125.219606
43.803041,125.219606
43.803041,125.219606
43.803041,125.219606
43.803041,125.219606
43.803041,125.219606
43.803041,125.219606
43.803118,125.219765
43.803118,125.219765
43.803118,125.219765
43.803118,125.219765
43.803118,125.219765
43.803118,125.219765
43.803118,125.219765
43.803118,125.219765
43.803118,125.219765
43.803118,125.219765
43.803118,125.219765
43.803118,125.219765
43.803118,125.219765
43.803118,125.219765
43.803118,125.219765
43.803118,125.219765
43.803118,125.219765
43.803118,125.219765
43.803118,125.219765
43.803118,125.219765
43.803193,125.219923
43.803193,125.219923
43.803193,125.219923
43.803193,125.219923
43.803193,125.219923
43.803193,125.219923
43.803193,125.219923
43.803193,125.219923
43.803193,125.219923
43.803193,125.219923
43.803193,125.219923
43.803193,125.219923
43.803193,125.219923
43.803193,125.219923
43.803193,125.219923
43.803193,125.219923
43.803193,125.219923
43.803193,125.219923
43.803193,125.219923
43.803193,125.219923
43.803267,125.22008
43.803267,125.22008
43.803267,125.22008
43.803267,125.22008
43.803267,125.22008
43.803267,125.22008
43.803267,125.22008
43.803267,125.22008
43.803267,125.22008
43.803267,125.22008
43.803267,125.22008
43.803267,125.22008
43.803267,125.22008
43.803267,125.22008
43.803267,125.22008
43.803267,125.22008
43.803267,125.22008
43.803267,125.22008
43.803267,125.22008
43.803267,125.22008
43.803341,125.220237
43.803341,125.220237
43.803341,125.220237
43.803341,125.220237
43.803341,125.220237
43.803341,125.220237
43.803341,125.220237
43.803341,125.220237
43.803341,125.220237
43.803341,125.220237
43.803341,125.220237
43.803341,125.220237
43.803341,125.220237
43.803341,125.220237
43.803341,125.220237
43.803341,125.220237
43.803341,125.220237
43.803341,125.220237
43.803341,125.220237
43.803341,125.220237
43.803413,125.220387
43.803413,125.220387
43.803413,125.220387
43.803413,125.220387
43.803413,125.220387
43.803413,125.220387
43.803413,125.220387
43.803413,125.220387
43.803413,125.220387
43.803413,125.220387
43.803413,125.220387
43.803413,125.220387
43.803413,125.220387
43.803413,125.220387
43.803413,125.220387
43.803413,125.220387
43.803413,125.220387
43.803413,125.220387
43.803413,125.220387
43.803413,125.220387
43.803483,125.220536
43.803483,125.220536
43.803483,125.220536
43.803483,125.220536
43.803483,125.220536
43.803483,125.220536
43.803483,125.220536
43.803483,125.220536
43.803483,125.220536
43.803483,125.220536
43.803483,125.220536
43.803483,125.220536
43.803483,125.220536
43.803483,125.220536
43.803483,125.220536
43.803483,125.220536
43.803483,125.220536
43.803483,125.220536
43.803483,125.220536
43.803483,125.220536
43.803562,125.220706
43.803562,125.220706
43.803562,125.220706
43.803562,125.220706
43.803562,125.220706
43.803562,125.220706
43.803562,125.220706
43.803562,125.220706
43.803562,125.220706
43.803562,125.220706
43.803562,125.220706
43.803562,125.220706
43.803562,125.220706
43.803562,125.220706
43.803562,125.220706
43.803562,125.220706
43.803562,125.220706
43.803562,125.220706
43.803562,125.220706
43.803562,125.220706
43.803643,125.220879
43.803643,125.220879
43.803643,125.220879
43.803643,125.220879
43.803643,125.220879
43.803643,125.220879
43.803643,125.220879
43.803643,125.220879
43.803643,125.220879
43.803643,125.220879
43.803643,125.220879
43.803643,125.220879
43.803643,125.220879
43.803643,125.220879
43.803643,125.220879
43.803643,125.220879
43.803643,125.220879
43.803643,125.220879
43.803643,125.220879
43.803643,125.220879
43.80372,125.221044
43.80372,125.221044
43.80372,125.221044
43.80372,125.221044
43.80372,125.221044
43.80372,125.221044
43.80372,125.221044
43.80372,125.221044
43.80372,125.221044
43.80372,125.221044
43.80372,125.221044
43.80372,125.221044
43.80372,125.221044
43.80372,125.221044
43.80372,125.221044
43.80372,125.221044
43.80372,125.221044
43.80372,125.221044
43.80372,125.221044
43.80372,125.221044
43.803799,125.221209
43.803799,125.221209
43.803799,125.221209
43.803799,125.221209
43.803799,125.221209
43.803799,125.221209
43.803799,125.221209
43.803799,125.221209
43.803799,125.221209
43.803799,125.221209
43.803799,125.221209
43.803799,125.221209
43.803799,125.221209
43.803799,125.221209
43.803799,125.221209
43.803799,125.221209
43.803799,125.221209
43.803799,125.221209
43.803799,125.221209
43.803799,125.221209
43.803875,125.221366
43.803875,125.221366
43.803875,125.221366
43.803875,125.221366
43.803875,125.221366
43.803875,125.221366
43.803875,125.221366
43.803875,125.221366
43.803875,125.221366
43.803875,125.221366
43.803875,125.221366
43.803875,125.221366
43.803875,125.221366
43.803875,125.221366
43.803875,125.221366
43.803875,125.221366
43.803875,125.221366
43.803875,125.221366
43.803875,125.221366
43.803875,125.221366
43.803954,125.221529
43.803954,125.221529
43.803954,125.221529
43.803954,125.221529
43.803954,125.221529
43.803954,125.221529
43.803954,125.221529
43.803954,125.221529
43.803954,125.221529
43.803954,125.221529
43.803954,125.221529
43.803954,125.221529
43.803954,125.221529
43.803954,125.221529
43.803954,125.221529
43.803954,125.221529
43.803954,125.221529
43.803954,125.221529
43.803954,125.221529
43.803954,125.221529
43.804036,125.221697
43.804036,125.221697
43.804036,125.221697
43.804036,125.221697
43.804036,125.221697
43.804036,125.221697
43.804036,125.221697
43.804036,125.221697
43.804036,125.221697
43.804036,125.221697
43.804036,125.221697
43.804036,125.221697
43.804036,125.221697
43.804036,125.221697
43.804036,125.221697
43.804036,125.221697
43.804036,125.221697
43.804036,125.221697
43.804036,125.221697
43.804036,125.221697
43.804118,125.221866
43.804118,125.221866
43.804118,125.221866
43.804118,125.221866
43.804118,125.221866
43.804118,125.221866
43.804118,125.221866
43.804118,125.221866
43.804118,125.221866
43.804118,125.221866
43.804118,125.221866
43.804118,125.221866
43.804118,125.221866
43.804118,125.221866
43.804118,125.221866
43.804118,125.221866
43.804118,125.221866
43.804118,125.221866
43.804118,125.221866
43.804118,125.221866
43.804194,125.222029
43.804194,125.222029
43.804194,125.222029
43.804194,125.222029
43.804194,125.222029
43.804194,125.222029
43.804194,125.222029
43.804194,125.222029
43.804194,125.222029
43.804194,125.222029
43.804194,125.222029
43.804194,125.222029
43.804194,125.222029
43.804194,125.222029
43.804194,125.222029
43.804194,125.222029
43.804194,125.222029
43.804194,125.222029
43.804194,125.222029
43.804194,125.222029
43.804281,125.222216
43.804281,125.222216
43.804281,125.222216
43.804281,125.222216
43.804281,125.222216
43.804281,125.222216
43.804281,125.222216
43.804281,125.222216
43.804281,125.222216
43.804281,125.222216
43.804281,125.222216
43.804281,125.222216
43.804281,125.222216
43.804281,125.222216
43.804281,125.222216
43.804281,125.222216
43.804281,125.222216
43.804281,125.222216
43.804281,125.222216
43.804281,125.222216
43.804366,125.222394
43.804366,125.222394
43.804366,125.222394
43.804366,125.222394
43.804366,125.222394
43.804366,125.222394
43.804366,125.222394
43.804366,125.222394
43.804366,125.222394
43.804366,125.222394
43.804366,125.222394
43.804366,125.222394
43.804366,125.222394
43.804366,125.222394
43.804366,125.222394
43.804366,125.222394
43.804366,125.222394
43.804366,125.222394
43.804366,125.222394
43.804366,125.222394
43.804439,125.222546
43.804439,125.222546
43.804439,125.222546
43.804439,125.222546
43.804439,125.222546
43.804439,125.222546
43.804439,125.222546
43.804439,125.222546
43.804439,125.222546
43.804439,125.222546
43.804439,125.222546
43.804439,125.222546
43.804439,125.222546
43.804439,125.222546
43.804439,125.222546
43.804439,125.222546
43.804439,125.222546
43.804439,125.222546
43.804439,125.222546
43.804439,125.222546
43.804516,125.222715
43.804516,125.222715
43.804516,125.222715
43.804516,125.222715
43.804516,125.222715
43.804516,125.222715
43.804516,125.222715
43.804516,125.222715
43.804516,125.222715
43.804516,125.222715
43.804516,125.222715
43.804516,125.222715
43.804516,125.222715
43.804516,125.222715
43.804516,125.222715
43.804516,125.222715
43.804516,125.222715
43.804516,125.222715
43.804516,125.222715
43.804516,125.222715
43.80459,125.222877
43.80459,125.222877
43.80459,125.222877
43.80459,125.222877
43.80459,125.222877
43.80459,125.222877
43.80459,125.222877
43.80459,125.222877
43.80459,125.222877
43.80459,125.222877
43.80459,125.222877
43.80459,125.222877
43.80459,125.222877
43.80459,125.222877
43.80459,125.222877
43.80459,125.222877
43.80459,125.222877
43.80459,125.222877
43.80459,125.222877
43.80459,125.222877
43.804666,125.223044
43.804666,125.223044
43.804666,125.223044
43.804666,125.223044
43.804666,125.223044
43.804666,125.223044
43.804666,125.223044
43.804666,125.223044
43.804666,125.223044
43.804666,125.223044
43.804666,125.223044
43.804666,125.223044
43.804666,125.223044
43.804666,125.223044
43.804666,125.223044
43.804666,125.223044
43.804666,125.223044
43.804666,125.223044
43.804666,125.223044
43.804666,125.223044
43.804744,125.223215
43.804744,125.223215
43.804744,125.223215
43.804744,125.223215
43.804744,125.223215
43.804744,125.223215
43.804744,125.223215
43.804744,125.223215
43.804744,125.223215
43.804744,125.223215
43.804744,125.223215
43.804744,125.223215
43.804744,125.223215
43.804744,125.223215
43.804744,125.223215
43.804744,125.223215
43.804744,125.223215
43.804744,125.223215
43.804744,125.223215
43.804744,125.223215
43.804821,125.223379
43.804821,125.223379
43.804821,125.223379
43.804821,125.223379
43.804821,125.223379
43.804821,125.223379
43.804821,125.223379
43.804821,125.223379
43.804821,125.223379
43.804821,125.223379
43.804821,125.223379
43.804821,125.223379
43.804821,125.223379
43.804821,125.223379
43.804821,125.223379
43.804821,125.223379
43.804821,125.223379
43.804821,125.223379
43.804821,125.223379
43.804821,125.223379
43.804897,125.223538
43.804897,125.223538
43.804897,125.223538
43.804897,125.223538
43.804897,125.223538
43.804897,125.223538
43.804897,125.223538
43.804897,125.223538
43.804897,125.223538
43.804897,125.223538
43.804897,125.223538
43.804897,125.223538
43.804897,125.223538
43.804897,125.223538
43.804897,125.223538
43.804897,125.223538
43.804897,125.223538
43.804897,125.223538
43.804897,125.223538
43.804897,125.223538
43.804971,125.223694
43.804971,125.223694
43.804971,125.223694
43.804971,125.223694
43.804971,125.223694
43.804971,125.223694
43.804971,125.223694
43.804971,125.223694
43.804971,125.223694
43.804971,125.223694
43.804971,125.223694
43.804971,125.223694
43.804971,125.223694
43.804971,125.223694
43.804971,125.223694
43.804971,125.223694
43.804971,125.223694
43.804971,125.223694
43.804971,125.223694
43.804971,125.223694
43.805041,125.22384
43.805041,125.22384
43.805041,125.22384
43.805041,125.22384
43.805041,125.22384
43.805041,125.22384
43.805041,125.22384
43.805041,125.22384
43.805041,125.22384
43.805041,125.22384
43.805041,125.22384
43.805041,125.22384
43.805041,125.22384
43.805041,125.22384
43.805041,125.22384
43.805041,125.22384
43.805041,125.22384
43.805041,125.22384
43.805041,125.22384
43.805041,125.22384
43.805102,125.223966
43.805102,125.223966
43.805102,125.223966
43.805102,125.223966
43.805102,125.223966
43.805102,125.223966
43.805102,125.223966
43.805102,125.223966
43.805102,125.223966
43.805102,125.223966
43.805102,125.223966
43.805102,125.223966
43.805102,125.223966
43.805102,125.223966
43.805102,125.223966
43.805102,125.223966
43.805102,125.223966
43.805102,125.223966
43.805102,125.223966
43.805102,125.223966
43.805165,125.224097
43.805165,125.224097
43.805165,125.224097
43.805165,125.224097
43.805165,125.224097
43.805165,125.224097
43.805165,125.224097
43.805165,125.224097
43.805165,125.224097
43.805165,125.224097
43.805165,125.224097
43.805165,125.224097
43.805165,125.224097
43.805165,125.224097
43.805165,125.224097
43.805165,125.224097
43.805165,125.224097
43.805165,125.224097
43.805165,125.224097
43.805165,125.224097
43.805225,125.224222
43.805225,125.224222
43.805225,125.224222
43.805225,125.224222
43.805225,125.224222
43.805225,125.224222
43.805225,125.224222
43.805225,125.224222
43.805225,125.224222
43.805225,125.224222
43.805225,125.224222
43.805225,125.224222
43.805225,125.224222
43.805225,125.224222
43.805225,125.224222
43.805225,125.224222
43.805225,125.224222
43.805225,125.224222
43.805225,125.224222
43.805225,125.224222
43.805282,125.22434
43.805282,125.22434
43.805282,125.22434
43.805282,125.22434
43.805282,125.22434
43.805282,125.22434
43.805282,125.22434
43.805282,125.22434
43.805282,125.22434
43.805282,125.22434
43.805282,125.22434
43.805282,125.22434
43.805282,125.22434
43.805282,125.22434
43.805282,125.22434
43.805282,125.22434
43.805282,125.22434
43.805282,125.22434
43.805282,125.22434
43.805282,125.22434
43.805318,125.224414
43.805318,125.224414
43.805318,125.224414
43.805318,125.224414
43.805318,125.224414
43.805318,125.224414
43.805318,125.224414
43.805318,125.224414
43.805318,125.224414
43.805318,125.224414
43.805318,125.224414
43.805318,125.224414
43.805318,125.224414
43.805318,125.224414
43.805318,125.224414
43.805318,125.224414
43.805318,125.224414
43.805318,125.224414
43.805318,125.224414
43.805318,125.224414
43.80536,125.224501
43.80536,125.224501
43.80536,125.224501
43.80536,125.224501
43.80536,125.224501
43.80536,125.224501
43.80536,125.224501
43.80536,125.224501
43.80536,125.224501
43.80536,125.224501
43.80536,125.224501
43.80536,125.224501
43.80536,125.224501
43.80536,125.224501
43.80536,125.224501
43.80536,125.224501
43.80536,125.224501
43.80536,125.224501
43.80536,125.224501
43.80536,125.224501
43.805394,125.224574
43.805394,125.224574
43.805394,125.224574
43.805394,125.224574
43.805394,125.224574
43.805394,125.224574
43.805394,125.224574
43.805394,125.224574
43.805394,125.224574
43.805394,125.224574
43.805394,125.224574
43.805394,125.224574
43.805394,125.224574
43.805394,125.224574
43.805394,125.224574
43.805394,125.224574
43.805394,125.224574
43.805394,125.224574
43.805394,125.224574
43.805394,125.224574
43.805416,125.22462
43.805416,125.22462
43.805416,125.22462
43.805416,125.22462
43.805416,125.22462
43.805416,125.22462
43.805416,125.22462
43.805416,125.22462
43.805416,125.22462
43.805416,125.22462
43.805416,125.22462
43.805416,125.22462
43.805416,125.22462
43.805416,125.22462
43.805416,125.22462
43.805416,125.22462
43.805416,125.22462
43.805416,125.22462
43.805416,125.22462
43.805416,125.22462
43.805435,125.22466
43.805435,125.22466
43.805435,125.22466
43.805435,125.22466
43.805435,125.22466
43.805435,125.22466
43.805435,125.22466
43.805435,125.22466
43.805435,125.22466
43.805435,125.22466
43.805435,125.22466
43.805435,125.22466
43.805435,125.22466
43.805435,125.22466
43.805435,125.22466
43.805435,125.22466
43.805435,125.22466
43.805435,125.22466
43.805435,125.22466
43.805435,125.22466
43.805457,125.224707
43.805457,125.224707
43.805457,125.224707
43.805457,125.224707
43.805457,125.224707
43.805457,125.224707
43.805457,125.224707
43.805457,125.224707
43.805457,125.224707
43.805457,125.224707
43.805457,125.224707
43.805457,125.224707
43.805457,125.224707
43.805457,125.224707
43.805457,125.224707
43.805457,125.224707
43.805457,125.224707
43.805457,125.224707
43.805457,125.224707
43.805457,125.224707
43.80548,125.224757
43.80548,125.224757
43.80548,125.224757
43.80548,125.224757
43.80548,125.224757
43.80548,125.224757
43.80548,125.224757
43.80548,125.224757
43.80548,125.224757
43.80548,125.224757
43.80548,125.224757
43.80548,125.224757
43.80548,125.224757
43.80548,125.224757
43.80548,125.224757
43.80548,125.224757
43.80548,125.224757
43.80548,125.224757
43.80548,125.224757
43.80548,125.224757
43.805505,125.22481
43.805505,125.22481
43.805505,125.22481
43.805505,125.22481
43.805505,125.22481
43.805505,125.22481
43.805505,125.22481
43.805505,125.22481
43.805505,125.22481
43.805505,125.22481
43.805505,125.22481
43.805505,125.22481
43.805505,125.22481
43.805505,125.22481
43.805505,125.22481
43.805505,125.22481
43.805505,125.22481
43.805505,125.22481
43.805505,125.22481
43.805505,125.22481
43.80553,125.224861
43.80553,125.224861
43.80553,125.224861
43.80553,125.224861
43.80553,125.224861
43.80553,125.224861
43.80553,125.224861
43.80553,125.224861
43.80553,125.224861
43.80553,125.224861
43.80553,125.224861
43.80553,125.224861
43.80553,125.224861
43.80553,125.224861
43.80553,125.224861
43.80553,125.224861
43.80553,125.224861
43.80553,125.224861
43.80553,125.224861
43.80553,125.224861
43.80555,125.224905
43.80555,125.224905
43.80555,125.224905
43.80555,125.224905
43.80555,125.224905
43.80555,125.224905
43.80555,125.224905
43.80555,125.224905
43.80555,125.224905
43.80555,125.224905
43.80555,125.224905
43.80555,125.224905
43.80555,125.224905
43.80555,125.224905
43.80555,125.224905
43.80555,125.224905
43.80555,125.224905
43.80555,125.224905
43.80555,125.224905
43.80555,125.224905
43.805567,125.224939
43.805567,125.224939
43.805567,125.224939
43.805567,125.224939
43.805567,125.224939
43.805567,125.224939
43.805567,125.224939
43.805567,125.224939
43.805567,125.224939
43.805567,125.224939
43.805567,125.224939
43.805567,125.224939
43.805567,125.224939
43.805567,125.224939
43.805567,125.224939
43.805567,125.224939
43.805567,125.224939
43.805567,125.224939
43.805567,125.224939
43.805567,125.224939
43.805586,125.22498
43.805586,125.22498
43.805586,125.22498
43.805586,125.22498
43.805586,125.22498
43.805586,125.22498
43.805586,125.22498
43.805586,125.22498
43.805586,125.22498
43.805586,125.22498
43.805586,125.22498
43.805586,125.22498
43.805586,125.22498
43.805586,125.22498
43.805586,125.22498
43.805586,125.22498
43.805586,125.22498
43.805586,125.22498
43.805586,125.22498
43.805586,125.22498
43.805604,125.225016
43.805604,125.225016
43.805604,125.225016
43.805604,125.225016
43.805604,125.225016
43.805604,125.225016
43.805604,125.225016
43.805604,125.225016
43.805604,125.225016
43.805604,125.225016
43.805604,125.225016
43.805604,125.225016
43.805604,125.225016
43.805604,125.225016
43.805604,125.225016
43.805604,125.225016
43.805604,125.225016
43.805604,125.225016
43.805604,125.225016
43.805604,125.225016
43.805619,125.225048
43.805619,125.225048
43.805619,125.225048
43.805619,125.225048
43.805619,125.225048
43.805619,125.225048
43.805619,125.225048
43.805619,125.225048
43.805619,125.225048
43.805619,125.225048
43.805619,125.225048
43.805619,125.225048
43.805619,125.225048
43.805619,125.225048
43.805619,125.225048
43.805619,125.225048
43.805619,125.225048
43.805619,125.225048
43.805619,125.225048
43.805619,125.225048
43.805631,125.225073
43.805631,125.225073
43.805631,125.225073
43.805631,125.225073
43.805631,125.225073
43.805631,125.225073
43.805631,125.225073
43.805631,125.225073
43.805631,125.225073
43.805631,125.225073
43.805631,125.225073
43.805631,125.225073
43.805631,125.225073
43.805631,125.225073
43.805631,125.225073
43.805631,125.225073
43.805631,125.225073
43.805631,125.225073
43.805631,125.225073
43.805631,125.225073
43.805643,125.225101
43.805643,125.225101
43.805643,125.225101
43.805643,125.225101
43.805643,125.225101
43.805643,125.225101
43.805643,125.225101
43.805643,125.225101
43.805643,125.225101
43.805643,125.225101
43.805643,125.225101
43.805643,125.225101
43.805643,125.225101
43.805643,125.225101
43.805643,125.225101
43.805643,125.225101
43.805643,125.225101
43.805643,125.225101
43.805643,125.225101
43.805643,125.225101
43.805656,125.225136
43.805656,125.225136
43.805656,125.225136
43.805656,125.225136
43.805656,125.225136
43.805656,125.225136
43.805656,125.225136
43.805656,125.225136
43.805656,125.225136
43.805656,125.225136
43.805656,125.225136
43.805656,125.225136
43.805656,125.225136
43.805656,125.225136
43.805656,125.225136
43.805656,125.225136
43.805656,125.225136
43.805656,125.225136
43.805656,125.225136
43.805656,125.225136
43.805671,125.225176
43.805671,125.225176
43.805671,125.225176
43.805671,125.225176
43.805671,125.225176
43.805671,125.225176
43.805671,125.225176
43.805671,125.225176
43.805671,125.225176
43.805671,125.225176
43.805671,125.225176
43.805671,125.225176
43.805671,125.225176
43.805671,125.225176
43.805671,125.225176
43.805671,125.225176
43.805671,125.225176
43.805671,125.225176
43.805671,125.225176
43.805671,125.225176
43.805685,125.225219
43.805685,125.225219
43.805685,125.225219
43.805685,125.225219
43.805685,125.225219
43.805685,125.225219
43.805685,125.225219
43.805685,125.225219
43.805685,125.225219
43.805685,125.225219
43.805685,125.225219
43.805685,125.225219
43.805685,125.225219
43.805685,125.225219
43.805685,125.225219
43.805685,125.225219
43.805685,125.225219
43.805685,125.225219
43.805685,125.225219
43.805685,125.225219
43.805703,125.225273
43.805703,125.225273
43.805703,125.225273
43.805703,125.225273
43.805703,125.225273
43.805703,125.225273
43.805703,125.225273
43.805703,125.225273
43.805703,125.225273
43.805703,125.225273
43.805703,125.225273
43.805703,125.225273
43.805703,125.225273
43.805703,125.225273
43.805703,125.225273
43.805703,125.225273
43.805703,125.225273
43.805703,125.225273
43.805703,125.225273
43.805703,125.225273
43.805724,125.225334
43.805724,125.225334
43.805724,125.225334
43.805724,125.225334
43.805724,125.225334
43.805724,125.225334
43.805724,125.225334
43.805724,125.225334
43.805724,125.225334
43.805724,125.225334
43.805724,125.225334
43.805724,125.225334
43.805724,125.225334
43.805724,125.225334
43.805724,125.225334
43.805724,125.225334
43.805724,125.225334
43.805724,125.225334
43.805724,125.225334
43.805724,125.225334
43.805751,125.225401
43.805751,125.225401
43.805751,125.225401
43.805751,125.225401
43.805751,125.225401
43.805751,125.225401
43.805751,125.225401
43.805751,125.225401
43.805751,125.225401
43.805751,125.225401
43.805751,125.225401
43.805751,125.225401
43.805751,125.225401
43.805751,125.225401
43.805751,125.225401
43.805751,125.225401
43.805751,125.225401
43.805751,125.225401
43.805751,125.225401
43.805751,125.225401
43.805783,125.225472
43.805783,125.225472
43.805783,125.225472
43.805783,125.225472
43.805783,125.225472
43.805783,125.225472
43.805783,125.225472
43.805783,125.225472
43.805783,125.225472
43.805783,125.225472
43.805783,125.225472
43.805783,125.225472
43.805783,125.225472
43.805783,125.225472
43.805783,125.225472
43.805783,125.225472
43.805783,125.225472
43.805783,125.225472
43.805783,125.225472
43.805783,125.225472
43.805817,125.225542
43.805817,125.225542
43.805817,125.225542
43.805817,125.225542
43.805817,125.225542
43.805817,125.225542
43.805817,125.225542
43.805817,125.225542
43.805817,125.225542
43.805817,125.225542
43.805817,125.225542
43.805817,125.225542
43.805817,125.225542
43.805817,125.225542
43.805817,125.225542
43.805817,125.225542
43.805817,125.225542
43.805817,125.225542
43.805817,125.225542
43.805817,125.225542
43.805845,125.225602
43.805845,125.225602
43.805845,125.225602
43.805845,125.225602
43.805845,125.225602
43.805845,125.225602
43.805845,125.225602
43.805845,125.225602
43.805845,125.225602
43.805845,125.225602
43.805845,125.225602
43.805845,125.225602
43.805845,125.225602
43.805845,125.225602
43.805845,125.225602
43.805845,125.225602
43.805845,125.225602
43.805845,125.225602
43.805845,125.225602
43.805845,125.225602
43.805865,125.225646
43.805865,125.225646
43.805865,125.225646
43.805865,125.225646
43.805865,125.225646
43.805865,125.225646
43.805865,125.225646
43.805865,125.225646
43.805865,125.225646
43.805865,125.225646
43.805865,125.225646
43.805865,125.225646
43.805865,125.225646
43.805865,125.225646
43.805865,125.225646
43.805865,125.225646
43.805865,125.225646
43.805865,125.225646
43.805865,125.225646
43.805865,125.225646
43.805886,125.225689
43.805886,125.225689
43.805886,125.225689
43.805886,125.225689
43.805886,125.225689
43.805886,125.225689
43.805886,125.225689
43.805886,125.225689
43.805886,125.225689
43.805886,125.225689
43.805886,125.225689
43.805886,125.225689
43.805886,125.225689
43.805886,125.225689
43.805886,125.225689
43.805886,125.225689
43.805886,125.225689
43.805886,125.225689
43.805886,125.225689
43.805886,125.225689
43.8059,125.22572
43.8059,125.22572
43.8059,125.22572
43.8059,125.22572
43.8059,125.22572
43.8059,125.22572
43.8059,125.22572
43.8059,125.22572
43.8059,125.22572
43.8059,125.22572
43.8059,125.22572
43.8059,125.22572
43.8059,125.22572
43.8059,125.22572
43.8059,125.22572
43.8059,125.22572
43.8059,125.22572
43.8059,125.22572
43.8059,125.22572
43.8059,125.22572
43.805914,125.225749
43.805914,125.225749
43.805914,125.225749
43.805914,125.225749
43.805914,125.225749
43.805914,125.225749
43.805914,125.225749
43.805914,125.225749
43.805914,125.225749
43.805914,125.225749
43.805914,125.225749
43.805914,125.225749
43.805914,125.225749
43.805914,125.225749
43.805914,125.225749
43.805914,125.225749
43.805914,125.225749
43.805914,125.225749
43.805914,125.225749
43.805914,125.225749
43.805925,125.225771
43.805925,125.225771
43.805925,125.225771
43.805925,125.225771
43.805925,125.225771
43.805925,125.225771
43.805925,125.225771
43.805925,125.225771
43.805925,125.225771
43.805925,125.225771
43.805925,125.225771
43.805925,125.225771
43.805925,125.225771
43.805925,125.225771
43.805925,125.225771
43.805925,125.225771
43.805925,125.225771
43.805925,125.225771
43.805925,125.225771
43.805925,125.225771
43.805932,125.225785
43.805932,125.225785
43.805932,125.225785
43.805932,125.225785
43.805932,125.225785
43.805932,125.225785
43.805932,125.225785
43.805932,125.225785
43.805932,125.225785
43.805932,125.225785
43.805932,125.225785
43.805932,125.225785
43.805932,125.225785
43.805932,125.225785
43.805932,125.225785
43.805932,125.225785
43.805932,125.225785
43.805932,125.225785
43.805932,125.225785
43.805932,125.225785
43.805935,125.225792
43.805935,125.225792
43.805935,125.225792
43.805935,125.225792
43.805935,125.225792
43.805935,125.225792
43.805935,125.225792
43.805935,125.225792
43.805935,125.225792
43.805935,125.225792
43.805935,125.225792
43.805935,125.225792
43.805935,125.225792
43.805935,125.225792
43.805935,125.225792
43.805935,125.225792
43.805935,125.225792
43.805938,125.225797
43.805938,125.225797
43.805938,125.225797
43.805938,125.225797
43.805938,125.225797
43.805938,125.225797
43.805938,125.225797
43.805938,125.225797
43.805938,125.225797
43.805938,125.225797
43.805938,125.225797
43.805938,125.225797
43.805938,125.225797
43.805938,125.225797
43.805938,125.225797
43.805938,125.225797
43.805938,125.225797
43.805938,125.225797
43.805938,125.225797
43.805938,125.225797
43.805938,125.225797
43.805938,125.225797
43.805938,125.225797
43.805938,125.225797
43.805938,125.225797
43.805938,125.225797
43.805938,125.225797
43.805938,125.225797
43.805938,125.225797
43.805938,125.225797
43.805938,125.225797
43.805938,125.225797
43.805938,125.225797
43.805938,125.225797
43.805938,125.225797
43.805938,125.225797
43.805938,125.225797
43.805938,125.225797
43.805938,125.225797
43.805938,125.225797
43.805938,125.225797
43.805938,125.225797
43.805938,125.225797
43.805938,125.225797
43.805938,125.225797
43.805938,125.225797
43.805938,125.225797
43.805938,125.225797
43.805938,125.225797
43.805938,125.225797
43.805938,125.225797
43.805938,125.225797
43.805938,125.225797
43.805938,125.225797
43.805938,125.225797
43.805938,125.225797
43.805938,125.225797
43.805938,125.225797
43.805938,125.225797
43.805938,125.225797
43.805938,125.225797
43.805938,125.225797
43.805938,125.225797
43.805938,125.225797
43.805938,125.225797
43.805938,125.225797
43.805938,125.225797
43.805938,125.225797
43.805938,125.225797
43.805938,125.225797
43.805938,125.225797
43.805938,125.225797
43.805938,125.225797
43.805938,125.225797
43.805938,125.225797
43.805938,125.225797
43.805938,125.225797
43.805938,125.225797
43.805938,125.225797
43.805938,125.225797
43.805938,125.225797
43.805938,125.225797
43.805938,125.225797
43.805938,125.225797
43.805938,125.225797
43.805938,125.225797
43.805938,125.225797
43.805938,125.225797
43.805938,125.225797
43.805938,125.225797
43.805938,125.225797
43.805938,125.225797
43.805938,125.225797
43.805938,125.225797
43.805938,125.225797
43.805938,125.225797
43.805938,125.225797
43.805938,125.225797
43.805938,125.225797
43.805938,125.225797
43.805938,125.225797
43.805938,125.225797
43.805938,125.225797
43.805938,125.225797
43.805938,125.225797
43.805938,125.225797
43.805938,125.225797
43.805938,125.225797
43.805938,125.225797
43.805938,125.225797
43.805938,125.225797
43.805938,125.225797
43.805938,125.225797
43.805938,125.225797
43.805938,125.225797
43.805938,125.225797
43.805938,125.225797
43.805938,125.225797
43.805938,125.225797
43.805938,125.225797
43.805938,125.225797
43.805938,125.225797
43.805938,125.225797
43.805938,125.225797
43.805938,125.225797
43.805938,125.225797
43.805938,125.225797
43.805938,125.225797
43.805938,125.225797
43.805938,125.225797
43.805938,125.225797
43.805938,125.225797
43.805938,125.225797
43.805938,125.225797
43.805938,125.225797
43.805938,125.225797
43.805938,125.225797
43.805938,125.225797
43.805938,125.225797
43.805938,125.225797
43.805938,125.225797
43.805938,125.225797
43.805938,125.225797
43.805938,125.225797
43.805938,125.225797
43.805938,125.225797
43.805938,125.225797
43.805938,125.225797
43.805938,125.225797
43.805938,125.225797
43.805938,125.225797
43.805938,125.225797
43.805938,125.225797
43.805938,125.225797
43.805938,125.225797
43.805938,125.225797
43.805938,125.225797
43.805938,125.225797
43.805938,125.225797
43.805938,125.225797
43.805938,125.225797
43.805938,125.225797
43.805938,125.225797
43.805938,125.225797
43.805938,125.225797
43.805938,125.225797
43.805938,125.225797
43.805938,125.225797
43.805938,125.225797
43.805938,125.225797
43.805938,125.225797
43.805938,125.225797
43.805938,125.225797
43.805938,125.225797
43.805938,125.225797
43.805938,125.225797
43.805938,125.225797
43.805938,125.225797
43.805938,125.225797
43.805938,125.225797
43.805938,125.225797
43.805938,125.225797
43.805938,125.225797
43.805938,125.225797
43.805938,125.225797
43.805938,125.225797
43.805938,125.225797
43.805938,125.225797
43.805938,125.225797
43.805938,125.225797
43.805938,125.225797
43.805938,125.225797
43.805938,125.225797
43.805938,125.225797
43.805938,125.225797
43.805938,125.225797
43.805938,125.225797
43.805938,125.225797
43.805938,125.225797
43.805938,125.225797
43.805938,125.225797
43.805938,125.225797
43.805938,125.225797
43.805938,125.225797
43.805938,125.225797
43.805938,125.225797
43.805938,125.225797
43.805938,125.225797
43.805938,125.225797
43.805938,125.225797
43.805938,125.225797
43.805938,125.225797
43.805938,125.225797
43.805938,125.225797
43.805938,125.225797
43.805938,125.225797
43.805938,125.225797
43.805938,125.225797
43.805938,125.225797
43.805938,125.225797
43.805938,125.225797
43.805938,125.225797
43.805938,125.225797
43.805938,125.225797
43.805938,125.225797
43.805938,125.225797
43.805938,125.225797
43.805938,125.225797
43.805938,125.225797
43.805938,125.225797
43.805938,125.225797
43.805938,125.225797
43.805938,125.225797
43.805938,125.225797
43.805938,125.225797
43.805938,125.225797
43.805938,125.225797
43.805938,125.225797
43.805938,125.225797
43.805938,125.225797
43.805938,125.225797
43.805938,125.225797
43.805938,125.225797
43.805938,125.225797
43.805938,125.225797
43.805938,125.225797
43.805938,125.225797
43.805938,125.225797
43.805938,125.225797
43.805938,125.225797
43.805938,125.225797
43.805938,125.225797
43.805938,125.225797
43.805938,125.225797
43.805938,125.225797
43.805938,125.225797
43.805938,125.225797
43.805938,125.225797
43.805938,125.225797
43.805938,125.225797
43.805938,125.225797
43.805938,125.225797
43.805938,125.225797
43.805938,125.225797
43.805938,125.225797
43.805938,125.225797
43.805938,125.225797
43.805938,125.225797
43.805938,125.225797
43.805938,125.225797
43.805938,125.225797
43.805938,125.225797
43.805938,125.225797
43.805938,125.225797
43.805938,125.225797
43.805938,125.225797
43.805938,125.225797
43.805938,125.225797
43.805938,125.225797
43.805938,125.225797
43.805938,125.225797
43.805938,125.225797
43.805938,125.225797
43.805938,125.225797
43.805938,125.225797
43.805938,125.225797
43.805938,125.225797
43.805938,125.225797
43.805938,125.225797
43.805938,125.225797
43.805938,125.225797
43.805938,125.225797
43.805938,125.225797
43.805938,125.225797
43.805938,125.225797
43.805938,125.225797
43.805938,125.225797
43.805938,125.225797
43.805938,125.225797
43.805938,125.225797
43.805938,125.225797
43.805938,125.225797
43.805938,125.225797
43.805938,125.225797
43.805938,125.225797
43.805938,125.225797
43.805938,125.225797
43.805938,125.225797
43.805938,125.225797
43.805938,125.225797
43.805938,125.225797
43.805938,125.225797
43.805938,125.225797
43.805938,125.225797
43.805938,125.225797
43.805938,125.225797
43.805938,125.225797
43.805938,125.225797
43.805938,125.225797
43.805938,125.225797
43.805938,125.225797
43.805938,125.225797
43.805938,125.225797
43.805938,125.225797
43.805938,125.225797
43.805938,125.225797
43.805938,125.225797
43.805938,125.225797
43.805938,125.225797
43.805938,125.225797
43.805938,125.225797
43.805938,125.225797
43.805938,125.225797
43.805938,125.225797
43.805938,125.225797
43.805938,125.225797
43.805938,125.225797
43.805938,125.225797
43.805938,125.225797
43.805938,125.225797
43.805938,125.225797
43.805938,125.225797
43.805938,125.225797
43.805938,125.225797
43.805938,125.225797
43.805938,125.225797
43.805938,125.225797
43.805938,125.225797
43.805938,125.225797
43.805938,125.225797
43.805938,125.225797
43.805938,125.225797
43.805938,125.225797
43.805938,125.225797
43.805938,125.225797
43.805938,125.225797
43.805938,125.225797
43.805938,125.225797
43.805938,125.225797
43.805938,125.225797
43.805938,125.225797
43.805938,125.225797
43.805938,125.225797
43.805938,125.225797
43.805938,125.225797
43.805938,125.225797
43.805938,125.225797
43.805938,125.225797
43.805938,125.225797
43.805938,125.225797
43.805938,125.225797
43.805938,125.225797
43.805938,125.225797
43.805938,125.225797
43.805938,125.225797
43.805938,125.225797
43.805938,125.225797
43.805938,125.225797
43.805938,125.225797
43.805938,125.225797
43.805938,125.225797
43.805938,125.225797
43.805938,125.225797
43.805938,125.225797
43.805938,125.225797
43.805938,125.225797
43.805938,125.225797
43.805938,125.225797
43.805938,125.225797
43.805938,125.225797
43.805938,125.225797
43.805938,125.225797
43.805938,125.225797
43.805938,125.225797
43.805938,125.225797
43.805938,125.225797
43.805938,125.225797
43.805938,125.225797
43.805938,125.225797
43.805938,125.225797
43.805938,125.225797
43.805938,125.225797
43.805938,125.225797
43.805938,125.225797
43.805938,125.225797
43.805938,125.225797
43.805938,125.225797
43.805938,125.225797
43.805938,125.225797
43.805938,125.225797
43.805938,125.225797
43.805938,125.225797
43.805938,125.225797
43.805938,125.225797
43.805938,125.225797
43.805938,125.225797
43.805938,125.225797
43.805938,125.225797
43.805938,125.225797
43.805938,125.225797
43.805938,125.225797
43.805938,125.225797
43.805938,125.225797
43.805938,125.225797
43.805938,125.225797
43.805938,125.225797
43.805938,125.225797
43.805938,125.225797
43.805938,125.225797
43.805938,125.225797
43.805938,125.225797
43.805938,125.225797
43.805938,125.225797
43.805938,125.225797
43.805938,125.225797
43.805938,125.225797
43.805938,125.225797
43.805938,125.225797
43.805938,125.225797
43.805938,125.225797
43.805938,125.225797
43.805938,125.225797
43.805938,125.225797
43.805938,125.225797
43.805938,125.225797
43.805938,125.225797
43.805938,125.225797
43.805938,125.225797
43.805938,125.225797
43.805938,125.225797
43.805938,125.225797
43.805938,125.225797
43.805938,125.225797
43.805938,125.225797
43.805938,125.225797
43.805938,125.225797
43.805938,125.225797
43.805938,125.225797
43.805938,125.225797
43.805938,125.225797
43.805938,125.225797
43.805938,125.225797
43.805938,125.225797
43.805938,125.225797
43.805938,125.225797
43.805938,125.225797
43.805938,125.225797
43.805938,125.225797
43.805938,125.225797
43.805938,125.225797
43.805938,125.225797
43.805938,125.225797
43.805938,125.225797
43.805938,125.225797
43.805938,125.225797
43.805938,125.225797
43.805938,125.225797
43.805938,125.225797
43.805938,125.225797
43.805938,125.225797
43.805938,125.225797
43.805938,125.225797
43.805938,125.225797
43.805938,125.225797
43.805938,125.225797
43.805938,125.225797
43.805938,125.225797
43.805938,125.225797
43.805938,125.225797
43.805938,125.225797
43.805938,125.225797
43.805938,125.225797
43.805938,125.225797
43.805938,125.225797
43.805938,125.225797
43.805938,125.225797
43.805938,125.225797
43.805938,125.225797
43.805938,125.225797
43.805938,125.225797
43.805938,125.225797
43.805938,125.225797
43.805938,125.225797
43.805938,125.225797
43.805938,125.225797
43.805938,125.225797
43.805938,125.225797
43.805938,125.225797
43.805938,125.225797
43.805938,125.225797
43.805938,125.225797
43.805938,125.225797
43.805938,125.225797
43.805938,125.225797
43.805938,125.225797
43.805938,125.225797
43.805938,125.225797
43.805938,125.225797
43.805938,125.225797
43.805938,125.225797
43.805938,125.225797
43.805938,125.225797
43.805938,125.225797
43.805938,125.225797
43.805938,125.225797
43.805938,125.225797
43.805938,125.225797
43.805938,125.225797
43.805938,125.225797
43.805938,125.225797
43.805938,125.225797
43.805938,125.225797
43.805938,125.225797
43.805938,125.225797
43.805938,125.225797
43.805938,125.225797
43.805938,125.225797
43.805938,125.225797
43.805938,125.225797
43.805938,125.225797
43.805938,125.225797
43.805938,125.225797
43.805938,125.225797
43.805938,125.225797
43.805938,125.225797
43.805938,125.225797
43.805938,125.225797
43.805938,125.225797
43.805938,125.225797
43.805938,125.225797
43.805938,125.225797
43.805938,125.225797
43.805938,125.225797
43.805938,125.225797
43.805938,125.225797
43.805938,125.225797
43.805938,125.225797
43.805938,125.225797
43.805938,125.225797
43.805938,125.225797
43.805938,125.225797
43.805938,125.225797
43.805938,125.225797
43.805938,125.225797
43.805938,125.225797
43.805938,125.225797
43.805938,125.225797
43.805938,125.225797
43.805938,125.225797
43.805938,125.225797
43.805938,125.225797
43.805938,125.225797
43.805938,125.225797
43.805938,125.225797
43.805938,125.225797
43.805938,125.225797
43.805938,125.225797
43.805938,125.225797
43.805938,125.225797
43.805938,125.225797
43.805938,125.225797
43.805938,125.225797
43.805938,125.225797
43.805938,125.225797
43.805938,125.225797
43.805938,125.225797
43.805938,125.225797
43.805938,125.225797
43.805938,125.225797
43.805938,125.225797
43.805938,125.225797
43.805938,125.225797
43.805938,125.225797
43.805938,125.225797
43.805938,125.225797
43.805938,125.225797
43.805938,125.225797
43.805938,125.225797
43.805938,125.225797
43.805938,125.225797
43.805938,125.225797
43.805938,125.225797
43.805938,125.225797
43.805938,125.225797
43.805938,125.225797
43.805938,125.225797
43.805938,125.225797
43.805938,125.225797
43.805938,125.225797
43.805938,125.225797
43.805938,125.225797
43.805938,125.225797
43.805938,125.225797
43.805938,125.225797
43.805938,125.225797
43.805938,125.225797
43.805938,125.225797
43.805938,125.225797
43.805938,125.225797
43.805938,125.225797
43.805938,125.225797
43.805938,125.225797
43.805938,125.225797
43.805938,125.225797
43.805938,125.225797
43.805938,125.225797
43.805938,125.225797
43.805938,125.225797
43.805938,125.225797
43.805938,125.225797
43.805938,125.225797
43.805938,125.225797
43.805938,125.225797
43.805938,125.225797
43.805938,125.225797
43.805938,125.225797
43.805938,125.225797
43.805938,125.225797
43.805938,125.225797
43.805938,125.225797
43.805938,125.225797
43.805938,125.225797
43.805938,125.225797
43.805938,125.225797
43.805938,125.225797
43.805938,125.225797
43.805938,125.225797
43.805938,125.225797
43.805938,125.225797
43.805938,125.225797
43.805938,125.225797
43.805938,125.225797
43.805938,125.225797
43.805938,125.225797
43.805938,125.225797
43.805938,125.225797
43.805938,125.225797
43.805938,125.225797
43.805938,125.225797
43.805938,125.225797
43.805938,125.225797
43.805938,125.225797
43.805938,125.225797
43.805938,125.225797
43.805938,125.225797
43.805938,125.225797
43.805938,125.225797
43.805938,125.225797
43.805938,125.225797
43.805938,125.225797
43.805938,125.225797
43.805938,125.225797
43.805938,125.225797
43.805938,125.225797
43.805938,125.225797
43.805938,125.225797
43.805938,125.225797
43.805938,125.225797
43.805938,125.225797
43.805938,125.225797
43.805938,125.225797
43.805938,125.225797
43.805938,125.225797
43.805938,125.225797
43.805938,125.225797
43.805938,125.225797
43.805938,125.225797
43.805938,125.225797
43.805938,125.225797
43.805938,125.225797
43.805938,125.225797
43.805938,125.225797
43.805938,125.225797
43.805938,125.225797
43.805938,125.225797
43.805938,125.225797
43.805938,125.225797
43.805938,125.225797
43.805938,125.225797
43.805938,125.225797
43.805938,125.225797
43.805938,125.225797
43.805938,125.225797
43.805938,125.225797
43.805938,125.225797
43.805938,125.225797
43.805938,125.225797
43.805938,125.225797
43.805938,125.225797
43.805938,125.225797
43.805938,125.225797
43.805938,125.225797
43.805938,125.225797
43.805938,125.225797
43.805938,125.225797
43.805938,125.225797
43.805938,125.225797
43.805938,125.225797
43.805938,125.225797
43.805938,125.225797
43.805938,125.225797
43.805938,125.225797
43.805938,125.225797
43.805938,125.225797
43.805938,125.225797
43.805938,125.225797
43.805938,125.225797
43.805938,125.225797
43.805938,125.225797
43.805938,125.225797
43.805938,125.225797
43.805938,125.225797
43.805938,125.225797
43.805938,125.225797
43.805938,125.225797
43.805938,125.225797
43.805938,125.225797
43.805938,125.225797
43.805938,125.225797
43.805938,125.225797
43.805938,125.225797
43.805938,125.225797
43.805938,125.225797
43.805938,125.225797
43.805938,125.225797
43.805938,125.225797
43.805938,125.225797
43.805938,125.225797
43.805938,125.225797
43.805938,125.225797
43.805938,125.225797
43.805938,125.225797
43.805938,125.225797
43.805938,125.225797
43.805938,125.225797
43.805938,125.225797
43.805938,125.225797
43.805938,125.225797
43.805938,125.225797
43.805938,125.225797
43.805938,125.225797
43.805938,125.225797
43.805938,125.225797
43.805938,125.225797
43.805938,125.225797
43.805938,125.225797
43.805938,125.225797
43.805938,125.225797
43.805938,125.225797
43.805938,125.225797
43.805938,125.225797
43.805938,125.225797
43.805938,125.225797
43.805938,125.225797
43.805938,125.225797
43.805938,125.225797
43.805938,125.225797
43.805938,125.225797
43.805938,125.225797
43.805938,125.225797
43.805938,125.225797
43.805938,125.225797
43.805938,125.225797
43.805938,125.225797
43.805938,125.225797
43.805938,125.225797
43.805938,125.225797
43.805938,125.225797
43.805938,125.225797
43.805938,125.225797
43.805938,125.225797
43.805938,125.225797
43.805938,125.225797
43.805938,125.225797
43.805938,125.225797
43.805938,125.225797
43.805938,125.225797
43.805938,125.225797
43.805938,125.225797
43.805938,125.225797
43.805938,125.225797
43.805938,125.225797
43.805938,125.225797
43.805938,125.225797
43.805938,125.225797
43.805938,125.225797
43.805938,125.225797
43.805938,125.225797
43.805938,125.225797
43.805938,125.225797
43.805938,125.225797
43.805938,125.225797
43.805938,125.225797
43.805938,125.225797
43.805938,125.225797
43.805938,125.225797
43.805938,125.225797
43.805938,125.225797
43.805938,125.225797
43.805938,125.225797
43.805938,125.225797
43.805938,125.225797
43.805938,125.225797
43.805938,125.225797
43.805938,125.225797
43.805938,125.225797
43.805938,125.225797
43.805938,125.225797
43.805938,125.225797
43.805938,125.225797
43.805938,125.225797
43.805938,125.225797
43.805938,125.225797
43.805938,125.225797
43.805938,125.225797
43.805938,125.225797
43.805938,125.225797
43.805938,125.225797
43.805938,125.225797
43.805938,125.225797
43.805938,125.225797
43.805938,125.225797
43.805938,125.225797
43.805938,125.225797
43.805938,125.225797
43.805938,125.225797
43.805938,125.225797
43.805938,125.225797
43.805938,125.225797
43.805938,125.225797
43.805938,125.225797
43.805938,125.225797
43.805938,125.225797
43.805938,125.225797
43.805938,125.225797
43.805938,125.225797
43.805938,125.225797
43.805938,125.225797
43.805938,125.225797
43.805938,125.225797
43.805938,125.225797
43.805938,125.225797
43.805938,125.225797
43.805938,125.225797
43.805938,125.225797
43.805938,125.225797
43.805938,125.225797
43.805938,125.225797
43.805938,125.225797
43.805938,125.225797
43.805938,125.225797
43.805938,125.225797
43.805938,125.225797
43.805938,125.225797
43.805938,125.225797
43.805938,125.225797
43.805938,125.225797
43.805938,125.225797
43.805938,125.225797
43.805938,125.225797
43.805938,125.225797
43.805938,125.225797
43.805938,125.225797
43.805938,125.225797
43.805938,125.225797
43.805938,125.225797
43.805938,125.225797
43.805938,125.225797
43.805938,125.225797
43.805938,125.225797
43.805938,125.225797
43.805938,125.225797
43.805938,125.225797
43.805938,125.225797
43.805938,125.225797
43.805938,125.225797
43.805938,125.225797
43.805938,125.225797
43.805938,125.225797
43.805938,125.225797
43.805938,125.225797
43.805938,125.225797
43.805938,125.225797
43.805938,125.225797
43.805938,125.225797
43.805938,125.225797
43.805938,125.225797
43.805938,125.225797
43.805938,125.225797
43.805938,125.225797
43.805938,125.225797
43.805938,125.225797
43.805938,125.225797
43.805938,125.225797
43.805938,125.225797
43.805938,125.225797
43.805938,125.225797
43.805938,125.225797
43.805938,125.225797
43.805938,125.225797
43.805938,125.225797
43.805938,125.225797
43.805938,125.225797
43.805938,125.225797
43.805938,125.225797
43.805938,125.225797
43.805938,125.225797
43.805938,125.225797
43.805938,125.225797
43.805938,125.225797
43.805938,125.225797
43.805938,125.225797
43.805938,125.225797
43.805938,125.225797
43.805938,125.225797
43.805938,125.225797
43.805938,125.225797
43.805938,125.225797
43.805938,125.225797
43.805938,125.225797
43.805938,125.225797
43.805938,125.225797
43.805938,125.225797
43.805938,125.225797
43.805938,125.225797
43.805938,125.225797
43.805938,125.225797
43.805938,125.225797
43.805938,125.225797
43.805938,125.225797
43.805938,125.225797
43.805938,125.225797
43.805938,125.225797
43.805938,125.225797
43.805938,125.225797
43.805938,125.225797
43.805938,125.225797
43.805938,125.225797
43.805938,125.225797
43.805938,125.225797
43.805938,125.225797
43.805938,125.225797
43.805938,125.225797
43.805938,125.225797
43.805938,125.225797
43.805938,125.225797
43.805938,125.225797
43.805938,125.225797
43.805938,125.225797
43.805938,125.225797
43.805938,125.225797
43.805938,125.225797
43.805938,125.225797
43.805938,125.225797
43.805938,125.225797
43.805938,125.225797
43.805938,125.225797
43.805938,125.225797
43.805938,125.225797
43.805938,125.225797
43.805938,125.225797
43.805938,125.225797
43.805938,125.225797
43.805938,125.225797
43.805938,125.225797
43.805938,125.225797
43.805938,125.225797
43.805938,125.225797
43.805938,125.225797
43.805938,125.225797
43.805938,125.225797
43.805938,125.225797
43.805938,125.225797
43.805938,125.225797
43.805938,125.225797
43.805938,125.225797
43.805938,125.225797
43.805938,125.225797
43.805938,125.225797
43.805938,125.225797
43.805938,125.225797
43.805938,125.225797
43.805938,125.225797
43.805938,125.225797
43.805938,125.225797
43.805938,125.225797
43.805938,125.225797
43.805938,125.225797
43.805938,125.225797
43.805938,125.225797
43.805938,125.225797
43.805938,125.225797
43.805938,125.225797
43.805938,125.225797
43.805938,125.225797
43.805938,125.225797
43.805938,125.225797
43.805938,125.225797
43.805938,125.225797
43.805938,125.225797
43.805938,125.225797
43.805938,125.225797
43.805938,125.225797
43.805938,125.225797
43.805938,125.225797
43.805938,125.225797
43.805938,125.225797
43.805938,125.225797
43.805938,125.225797
43.805938,125.225797
43.805938,125.225797
43.805938,125.225797
43.805938,125.225797
43.805938,125.225797
43.805938,125.225797
43.805938,125.225797
43.805938,125.225797
43.805938,125.225797
43.805938,125.225797
43.805938,125.225797
43.805938,125.225797
43.805938,125.225797
43.805938,125.225797
43.805938,125.225797
43.805938,125.225797
43.805938,125.225797
43.805938,125.225797
43.805938,125.225797
43.805938,125.225797
43.805938,125.225797
43.805938,125.225797
43.805938,125.225797
43.805938,125.225797
43.805938,125.225797
43.805938,125.225797
43.805938,125.225797
43.805938,125.225797
43.805938,125.225797
43.805938,125.225797
43.805938,125.225797
43.805938,125.225797
43.805938,125.225797
43.805938,125.225797
43.805938,125.225797
43.805938,125.225797
43.805938,125.225797
43.805938,125.225797
43.805938,125.225797
43.805938,125.225797
43.805938,125.225797
43.805938,125.225797
43.805938,125.225797
43.805938,125.225797
43.805938,125.225797
43.805938,125.225797
43.805938,125.225797
43.805938,125.225797
43.805938,125.225797
43.805938,125.225797
43.805938,125.225797
43.805938,125.225797
43.805938,125.225797
43.805938,125.225797
43.805938,125.225797
43.805938,125.225797
43.805938,125.225797
43.805938,125.225797
43.805938,125.225797
43.805938,125.225797
43.805938,125.225797
43.805938,125.225797
43.805938,125.225797
43.805938,125.225797
43.805938,125.225797
43.805938,125.225797
43.805938,125.225797
43.805938,125.225797
43.805938,125.225797
43.805938,125.225797
43.805938,125.225797
43.805938,125.225797
43.805938,125.225797
43.805938,125.225797
43.805938,125.225797
43.805938,125.225797
43.805938,125.225797
43.805938,125.225797
43.805938,125.225797
43.805938,125.225797
43.805938,125.225797
43.805938,125.225797
43.805938,125.225797
43.805938,125.225797
43.805938,125.225797
43.805938,125.225797
43.805938,125.225797
43.805938,125.225797
43.805938,125.225797
43.805938,125.225797
43.805938,125.225797
43.805938,125.225797
43.805938,125.225797
43.805938,125.225797
43.805938,125.225797
43.805938,125.225797
43.805938,125.225797
43.805938,125.225797
43.805938,125.225797
43.805938,125.225797
43.805938,125.225797
43.805938,125.225797
43.805938,125.225797
43.805938,125.225797
43.805938,125.225797
43.805938,125.225797
43.805938,125.225797
43.805938,125.225797
43.805938,125.225797
43.805938,125.225797
43.805938,125.225797
43.805938,125.225797
43.805938,125.225797
43.805938,125.225797
43.805938,125.225797
43.805938,125.225797
43.805938,125.225797
43.805938,125.225797
43.805938,125.225797
43.805938,125.225797
43.805938,125.225797
43.805938,125.225797
43.805938,125.225797
43.805938,125.225797
43.805938,125.225797
43.805938,125.225797
43.805938,125.225797
43.805938,125.225797
43.805938,125.225797
43.805938,125.225797
43.805938,125.225797
43.805938,125.225797
43.805938,125.225797
43.805938,125.225797
43.805938,125.225797
43.805938,125.225797
43.805938,125.225797
43.805938,125.225797
43.805938,125.225797
43.805938,125.225797
43.805938,125.225797
43.805938,125.225797
43.805938,125.225797
43.805938,125.225797
43.805938,125.225797
43.805938,125.225797
43.805938,125.225797
43.805938,125.225797
43.805938,125.225797
43.805938,125.225797
43.805938,125.225797
43.805938,125.225797
43.805938,125.225797
43.805938,125.225797
43.805938,125.225797
43.805938,125.225797
43.805938,125.225797
43.805938,125.225797
43.805938,125.225797
43.805938,125.225797
43.805938,125.225797
43.805938,125.225797
43.805938,125.225797
43.805938,125.225797
43.805938,125.225797
43.805938,125.225797
43.805938,125.225797
43.805938,125.225797
43.805938,125.225797
43.805938,125.225797
43.805938,125.225797
43.805938,125.225797
43.805938,125.225797
43.805938,125.225797
43.805938,125.225797
43.805938,125.225797
43.805938,125.225797
43.805938,125.225797
43.805938,125.225797
43.805938,125.225797
43.805938,125.225797
43.805938,125.225797
43.805938,125.225797
43.805938,125.225797
43.805938,125.225797
43.805938,125.225797
43.805938,125.225797
43.805938,125.225797
43.805938,125.225797
43.805938,125.225797
43.805938,125.225797
43.805938,125.225797
43.805938,125.225797
43.805938,125.225797
43.805938,125.225797
43.805938,125.225797
43.805938,125.225797
43.805938,125.225797
43.805938,125.225797
43.805938,125.225797
43.805938,125.225797
43.805938,125.225797
43.805938,125.225797
43.805938,125.225797
43.805938,125.225797
43.805938,125.225797
43.805938,125.225797
43.805938,125.225797
43.805938,125.225797
43.805938,125.225797
43.805938,125.225797
43.805938,125.225797
43.805938,125.225797
43.805938,125.225797
43.805938,125.225797
43.805938,125.225797
43.805938,125.225797
43.805938,125.225797
43.805938,125.225797
43.805938,125.225797
43.805938,125.225797
43.805938,125.225797
43.805938,125.225797
43.805938,125.225797
43.805938,125.225797
43.805938,125.225797
43.805938,125.225797
43.805938,125.225797
43.805938,125.225797
43.805938,125.225797
43.805938,125.225797
43.805938,125.225797
43.805938,125.225797
43.805938,125.225797
43.805938,125.225797
43.805938,125.225797
43.805938,125.225797
43.805938,125.225797
43.805938,125.225797
43.805938,125.225797
43.805938,125.225797
43.805938,125.225797
43.805938,125.225797
43.805938,125.225797
43.805938,125.225797
43.805938,125.225797
43.805938,125.225797
43.805938,125.225797
43.805938,125.225797
43.805938,125.225797
43.805938,125.225797
43.805938,125.225797
43.805938,125.225797
43.805938,125.225797
43.805938,125.225797
43.805938,125.225797
43.805938,125.225797
43.805938,125.225797
43.805938,125.225797
43.805938,125.225797
43.805938,125.225797
43.805938,125.225797
43.805938,125.225797
43.805938,125.225797
43.805938,125.225797
43.805938,125.225797
43.805938,125.225797
43.805938,125.225797
43.805938,125.225797
43.805938,125.225797
43.805938,125.225797
43.805938,125.225797
43.805938,125.225797
43.805938,125.225797
43.805938,125.225797
43.805938,125.225797
43.805938,125.225797
43.805938,125.225797
43.805938,125.225797
43.805938,125.225797
43.805938,125.225797
43.805938,125.225797
43.805938,125.225797
43.805938,125.225797
43.805938,125.225797
43.805938,125.225797
43.805938,125.225797
43.805938,125.225797
43.805938,125.225797
43.805938,125.225797
43.805938,125.225797
43.805938,125.225797
43.805938,125.225797
43.805938,125.225797
43.805938,125.225797
43.805938,125.225797
43.805938,125.225797
43.805938,125.225797
43.805938,125.225797
43.805938,125.225797
43.805938,125.225797
43.805938,125.225797
43.805938,125.225797
43.805938,125.225797
43.805938,125.225797
43.805938,125.225797
43.805938,125.225797
43.805938,125.225797
43.805938,125.225797
43.805938,125.225797
43.805938,125.225797
43.805938,125.225797
43.805938,125.225797
43.805938,125.225797
43.805938,125.225797
43.805938,125.225797
43.805938,125.225797
43.805938,125.225797
43.805938,125.225797
43.805938,125.225797
43.805938,125.225797
43.805938,125.225797
43.805938,125.225797
43.805938,125.225797
43.805938,125.225797
43.805938,125.225797
43.805938,125.225797
43.805938,125.225797
43.805938,125.225797
43.805938,125.225797
43.805938,125.225797
43.805938,125.225797
43.805938,125.225797
43.805938,125.225797
43.805938,125.225797
43.805938,125.225797
43.805938,125.225797
43.805938,125.225797
43.805938,125.225797
43.805938,125.225797
43.805938,125.225797
43.805938,125.225797
43.805938,125.225797
43.805938,125.225797
43.805938,125.225797
43.805938,125.225797
43.805938,125.225797
43.805938,125.225797
43.805938,125.225797
43.805938,125.225797
43.805938,125.225797
43.805938,125.225797
43.805938,125.225797
43.805938,125.225797
43.805938,125.225797
43.805938,125.225797
43.805938,125.225797
43.805938,125.225797
43.805938,125.225797
43.805938,125.225797
43.805938,125.225797
43.805938,125.225797
43.805938,125.225797
43.805938,125.225797
43.805938,125.225797
43.805938,125.225797
43.805938,125.225797
43.805938,125.225797
43.805938,125.225797
43.805938,125.225797
43.805938,125.225797
43.805938,125.225797
43.805938,125.225797
43.805938,125.225797
43.805938,125.225797
43.805938,125.225797
43.805938,125.225797
43.805938,125.225797
43.805938,125.225797
43.805938,125.225797
43.805938,125.225797
43.805938,125.225797
43.805938,125.225797
43.805938,125.225797
43.805938,125.225797
43.805938,125.225797
43.805938,125.225797
43.805938,125.225797
43.805938,125.225797
43.805938,125.225797
43.805938,125.225797
43.805938,125.225797
43.805938,125.225797
43.805938,125.225797
43.805938,125.225797
43.805938,125.225797
43.805938,125.225797
43.805938,125.225797
43.805938,125.225797
43.805938,125.225797
43.805938,125.225797
43.805938,125.225797
43.805938,125.225797
43.805938,125.225797
43.805938,125.225797
43.805938,125.225797
43.805938,125.225797
43.805938,125.225797
43.805938,125.225797
43.805938,125.225797
43.805938,125.225797
43.805938,125.225797
43.805938,125.225797
43.805938,125.225797
43.805938,125.225797
43.805938,125.225797
43.805938,125.225797
43.805938,125.225797
43.805938,125.225797
43.805938,125.225797
43.805938,125.225797
43.805938,125.225797
43.805938,125.225797
43.805938,125.225797
43.805938,125.225797
43.805938,125.225797
43.805938,125.225797
43.805938,125.225797
43.805938,125.225797
43.805938,125.225797
43.805938,125.225797
43.805938,125.225797
43.805938,125.225797
43.805938,125.225797
43.805938,125.225797
43.805938,125.225797
43.805938,125.225797
43.805938,125.225797
43.805938,125.225797
43.805938,125.225797
43.805938,125.225797
43.805938,125.225797
43.805938,125.225797
43.805938,125.225797
43.805938,125.225797
43.805938,125.225797
43.805938,125.225797
43.805938,125.225797
43.805938,125.225797
43.805938,125.225797
43.805938,125.225797
43.805938,125.225797
43.805938,125.225797
43.805938,125.225797
43.805938,125.225797
43.805938,125.225797
43.805938,125.225797
43.805938,125.225797
43.805938,125.225797
43.805938,125.225797
43.805938,125.225797
43.805938,125.225797
43.805938,125.225797
43.805938,125.225797
43.805938,125.225797
43.805938,125.225797
43.805938,125.225797
43.805938,125.225797
43.805938,125.225797
43.805938,125.225797
43.805938,125.225797
43.805938,125.225797
43.805938,125.225797
43.805938,125.225797
43.805938,125.225797
43.805938,125.225797
43.805938,125.225797
43.805938,125.225797
43.805938,125.225797
43.805938,125.225797
43.805938,125.225797
43.805938,125.225797
43.805938,125.225797
43.805938,125.225797
43.805938,125.225797
43.805938,125.225797
43.805938,125.225797
43.805938,125.225797
43.805938,125.225797
43.805938,125.225797
43.805938,125.225797
43.805938,125.225797
43.805938,125.225797
43.805938,125.225797
43.805938,125.225797
43.805938,125.225797
43.805938,125.225797
43.805938,125.225797
43.805938,125.225797
43.805938,125.225797
43.805938,125.225797
43.805938,125.225797
43.805938,125.225797
43.805938,125.225797
43.805938,125.225797
43.805938,125.225797
43.805938,125.225797
43.805938,125.225797
43.805938,125.225797
43.805938,125.225797
43.805938,125.225797
43.805938,125.225797
43.805938,125.225797
43.805938,125.225797
43.805938,125.225797
43.805938,125.225797
43.805938,125.225797
43.805938,125.225797
43.805938,125.225797
43.805938,125.225797
43.805938,125.225797
43.805938,125.225797
43.805938,125.225797
43.805938,125.225797
43.805938,125.225797
43.805938,125.225797
43.805938,125.225797
43.805938,125.225797
43.805938,125.225797
43.805938,125.225797
43.805938,125.225797
43.805938,125.225797
43.805938,125.225797
43.805938,125.225797
43.805938,125.225797
43.805938,125.225797
43.805938,125.225797
43.805938,125.225797
43.805938,125.225797
43.805938,125.225797
43.805938,125.225797
43.805938,125.225797
43.805938,125.225797
43.805938,125.225797
43.805938,125.225797
43.805938,125.225797
43.805938,125.225797
43.805938,125.225797
43.805938,125.225797
43.805938,125.225797
43.805938,125.225797
43.805938,125.225797
43.805938,125.225797
43.805938,125.225797
43.805938,125.225797
43.805938,125.225797
43.805938,125.225797
43.805938,125.225797
43.805938,125.225797
43.805938,125.225797
43.805938,125.225797
43.805938,125.225797
43.805938,125.225797
43.805938,125.225797
43.805938,125.225797
43.805938,125.225797
43.805938,125.225797
43.805938,125.225797
43.805938,125.225797
43.805938,125.225797
43.805938,125.225797
43.805938,125.225797
43.805938,125.225797
43.805938,125.225797
43.805938,125.225797
43.805938,125.225797
43.805938,125.225797
43.805938,125.225797
43.805938,125.225797
43.805938,125.225797
43.805938,125.225797
43.805938,125.225797
43.805938,125.225797
43.805938,125.225797
43.805938,125.225797
43.805938,125.225797
43.805938,125.225797
43.805938,125.225797
43.805938,125.225797
43.805938,125.225797
43.805938,125.225797
43.805938,125.225797
43.805938,125.225797
43.805938,125.225797
43.805938,125.225797
43.805938,125.225797
43.805938,125.225797
43.805938,125.225797
43.805938,125.225797
43.805938,125.225797
43.805938,125.225797
43.805938,125.225797
43.805938,125.225797
43.805938,125.225797
43.805938,125.225797
43.805938,125.225797
43.805938,125.225797
43.805938,125.225797
43.805938,125.225797
43.805938,125.225797
43.805938,125.225797
43.805938,125.225797
43.805938,125.225797
43.805938,125.225797
43.805938,125.225797
43.805938,125.225797
43.805938,125.225797
43.805938,125.225797
43.805938,125.225797
43.805938,125.225797
43.805938,125.225797
43.805938,125.225797
43.805938,125.225797
43.805938,125.225797
43.805938,125.225797
43.805938,125.225797
43.805938,125.225797
43.805938,125.225797
43.805938,125.225797
43.805938,125.225797
43.805938,125.225797
43.805938,125.225797
43.805938,125.225797
43.805938,125.225797
43.805938,125.225797
43.805938,125.225797
43.805938,125.225797
43.805938,125.225797
43.805938,125.225797
43.805938,125.225797
43.805938,125.225797
43.805938,125.225797
43.805938,125.225797
43.805938,125.225797
43.805938,125.225797
43.805938,125.225797
43.805938,125.225797
43.805938,125.225797
43.805938,125.225797
43.805938,125.225797
43.805938,125.225797
43.805938,125.225797
43.805938,125.225797
43.805938,125.225797
43.805938,125.225797
43.805938,125.225797
43.805938,125.225797
43.805938,125.225797
43.805938,125.225797
43.805938,125.225797
43.805938,125.225797
43.805938,125.225797
43.805938,125.225797
43.805938,125.225797
43.805938,125.225797
43.805938,125.225797
43.805938,125.225797
43.805938,125.225797
43.805938,125.225797
43.805938,125.225797
43.805938,125.225797
43.805938,125.225797
43.805938,125.225797
43.805938,125.225797
43.805938,125.225797
43.805938,125.225797
43.805938,125.225797
43.805938,125.225797
43.805938,125.225797
43.805938,125.225797
43.805938,125.225797
43.805938,125.225797
43.805938,125.225797
43.805938,125.225797
43.805938,125.225797
43.805938,125.225797
43.805938,125.225797
43.805938,125.225797
43.805938,125.225797
43.805938,125.225797
43.805938,125.225797
43.805938,125.225797
43.805938,125.225797
43.805938,125.225797
43.805938,125.225797
43.805938,125.225797
43.805938,125.225797
43.805938,125.225797
43.805938,125.225797
43.805938,125.225797
43.805938,125.225797
43.805938,125.225797
43.805938,125.225797
43.805938,125.225797
43.805938,125.225797
43.805938,125.225797
43.805938,125.225797
43.805938,125.225797
43.805938,125.225797
43.805938,125.225797
43.805938,125.225797
43.805938,125.225797
43.805938,125.225797
43.805938,125.225797
43.805938,125.225797
43.805938,125.225797
43.805938,125.225797
43.805938,125.225797
43.805938,125.225797
43.805938,125.225797
43.805938,125.225797
43.805938,125.225797
43.805938,125.225797
43.805938,125.225797
43.805938,125.225797
43.805938,125.225797
43.805938,125.225797
43.805938,125.225797
43.805938,125.225797
43.805938,125.225797
43.805938,125.225797
43.805938,125.225797
43.805938,125.225797
43.805938,125.225797
43.805938,125.225797
43.805938,125.225797
43.805938,125.225797
43.805938,125.225797
43.805938,125.225797
43.805938,125.225797
43.805938,125.225797
43.805938,125.225797
43.805938,125.225797
43.805938,125.225797
43.805938,125.225797
43.805938,125.225797
43.805938,125.225797
43.805938,125.225797
43.805938,125.225797
43.805938,125.225797
43.805938,125.225797
43.805938,125.225797
43.805938,125.225797
43.805938,125.225797
43.805938,125.225797
43.805938,125.225797
43.805938,125.225797
43.805938,125.225797
43.805938,125.225797
43.805938,125.225797
43.805938,125.225797
43.805938,125.225797
43.805938,125.225797
43.805938,125.225797
43.805938,125.225797
43.805938,125.225797
43.805938,125.225797
43.805938,125.225797
43.805938,125.225797
43.805938,125.225797
43.805938,125.225797
43.805938,125.225797
43.805938,125.225797
43.805938,125.225797
43.805938,125.225797
43.805938,125.225797
43.805938,125.225797
43.805938,125.225797
43.805938,125.225797
43.805938,125.225797
43.805938,125.225797
43.805938,125.225797
43.805938,125.225797
43.805938,125.225797
43.805938,125.225797
43.805938,125.225797
43.805938,125.225797
43.805938,125.225797
43.805938,125.225797
43.805938,125.225797
43.805938,125.225797
43.805938,125.225797
43.805938,125.225797
43.805938,125.225797
43.805938,125.225797
43.805938,125.225797
43.805938,125.225797
43.805938,125.225797
43.805938,125.225797
43.805938,125.225797
43.805938,125.225797
43.805938,125.225797
43.805938,125.225797
43.805938,125.225797
43.805938,125.225797
43.805938,125.225797
43.805938,125.225797
43.805938,125.225797
43.805938,125.225797
43.805938,125.225797
43.805938,125.225797
43.805938,125.225797
43.805938,125.225797
43.805938,125.225797
43.805938,125.225797
43.805938,125.225797
43.805938,125.225797
43.805938,125.225797
43.805938,125.225797
43.805938,125.225797
43.805938,125.225797
43.805938,125.225797
43.805938,125.225797
43.805938,125.225797
43.805938,125.225797
43.805938,125.225797
43.805938,125.225797
43.805938,125.225797
43.805938,125.225797
43.805938,125.225797
43.805938,125.225797
43.805938,125.225797
43.805938,125.225797
43.805938,125.225797
43.805938,125.225797
43.805938,125.225797
43.805938,125.225797
43.805938,125.225797
43.805938,125.225797
43.805938,125.225797
43.805938,125.225797
43.805938,125.225797
43.805938,125.225797
43.805938,125.225797
43.805938,125.225797
43.805938,125.225797
43.805938,125.225797
43.805938,125.225797
43.805938,125.225797
43.805938,125.225797
43.805938,125.225797
43.805938,125.225797
43.805938,125.225797
43.805938,125.225797
43.805938,125.225797
43.805938,125.225797
43.805938,125.225797
43.805938,125.225797
43.805938,125.225797
43.805938,125.225797
43.805938,125.225797
43.805938,125.225797
43.805938,125.225797
43.805938,125.225797
43.805938,125.225797
43.805938,125.225797
43.805938,125.225797
43.805938,125.225797
43.805938,125.225797
43.805938,125.225797
43.805938,125.225797
43.805938,125.225797
43.805938,125.225797
43.805938,125.225797
43.805938,125.225797
43.805938,125.225797
43.805938,125.225797
43.805938,125.225797
43.805938,125.225797
43.805938,125.225797
43.805938,125.225797
43.805938,125.225797
43.805938,125.225797
43.805938,125.225797
43.805938,125.225797
43.805938,125.225797
43.805938,125.225797
43.805938,125.225797
43.805938,125.225797
43.805938,125.225797
43.805938,125.225797
43.805938,125.225797
43.805938,125.225797
43.805938,125.225797
43.805938,125.225797
43.805938,125.225797
43.805938,125.225797
43.805938,125.225797
43.805938,125.225797
43.805938,125.225797
43.805938,125.225797
43.805938,125.225797
43.805938,125.225797
43.805938,125.225797
43.805938,125.225797
43.805938,125.225797
43.805938,125.225797
43.805938,125.225797
43.805938,125.225797
43.805938,125.225797
43.805938,125.225797
43.805938,125.225797
43.805938,125.225797
43.805938,125.225797
43.805938,125.225797
43.805938,125.225797
43.805938,125.225797
43.805938,125.225797
43.805938,125.225797
43.805938,125.225797
43.805938,125.225797
43.805938,125.225797
43.805938,125.225797
43.805938,125.225797
43.805938,125.225797
43.805938,125.225797
43.805938,125.225797
43.805938,125.225797
43.805938,125.225797
43.805938,125.225797
43.805938,125.225797
43.805938,125.225797
43.805938,125.225797
43.805938,125.225797
43.805938,125.225797
43.805938,125.225797
43.805938,125.225797
43.805938,125.225797
43.805938,125.225797
43.805938,125.225797
43.805938,125.225797
43.805938,125.225797
43.805938,125.225797
43.805938,125.225797
43.805938,125.225797
43.805938,125.225797
43.805938,125.225797
43.805938,125.225797
43.805938,125.225797
43.805938,125.225797
43.805938,125.225797
43.805938,125.225797
43.805938,125.225797
43.805938,125.225797
43.805938,125.225797
43.805938,125.225797
43.805938,125.225797
43.805938,125.225797
43.805938,125.225797
43.805938,125.225797
43.805938,125.225797
43.805938,125.225797
43.805938,125.225797
43.805938,125.225797
43.805938,125.225797
43.805938,125.225797
43.805938,125.225797
43.805938,125.225797
43.805938,125.225797
43.805938,125.225797
43.805938,125.225797
43.805938,125.225797
43.805938,125.225797
43.805938,125.225797
43.805938,125.225797
43.805938,125.225797
43.805938,125.225797
43.805938,125.225797
43.805938,125.225797
43.805938,125.225797
43.805938,125.225797
43.805938,125.225797
43.805938,125.225797
43.805938,125.225797
43.805938,125.225797
43.805938,125.225797
43.805938,125.225797
43.805938,125.225797
43.805938,125.225797
43.805938,125.225797
43.805938,125.225797
43.805938,125.225797
43.805938,125.225797
43.805938,125.225797
43.805938,125.225797
43.805938,125.225797
43.805938,125.225797
43.805938,125.225797
43.805938,125.225797
43.805938,125.225797
43.805938,125.225797
43.805938,125.225797
43.805938,125.225797
43.805938,125.225797
43.805938,125.225797
43.805938,125.225797
43.805938,125.225797
43.805938,125.225797
43.805938,125.225797
43.805938,125.225797
43.805938,125.225797
43.805938,125.225797
43.805938,125.225797
43.805938,125.225797
43.805938,125.225797
43.805938,125.225797
43.805938,125.225797
43.805938,125.225797
43.805938,125.225797
43.805938,125.225797
43.805938,125.225797
43.805938,125.225797
43.805938,125.225797
43.805938,125.225797
43.805938,125.225797
43.805938,125.225797
43.805938,125.225797
43.805938,125.225797
43.805938,125.225797
43.805938,125.225797
43.805938,125.225797
43.805938,125.225797
43.805938,125.225797
43.805938,125.225797
43.805938,125.225797
43.805938,125.225797
43.805938,125.225797
43.805938,125.225797
43.805938,125.225797
43.805938,125.225797
43.805938,125.225797
43.805938,125.225797
43.805938,125.225797
43.805938,125.225797
43.805938,125.225797
43.805938,125.225797
43.805938,125.225797
43.805938,125.225797
43.805938,125.225797
43.805938,125.225797
43.805938,125.225797
43.805938,125.225797
43.805938,125.225797
43.805938,125.225797
43.805938,125.225797
43.805938,125.225797
43.805938,125.225797
43.805938,125.225797
43.805938,125.225797
43.805938,125.225797
43.805938,125.225797
43.805938,125.225797
43.805938,125.225797
43.805938,125.225797
43.805938,125.225797
43.805938,125.225797
43.805938,125.225797
43.805938,125.225797
43.805938,125.225797
43.805938,125.225797
43.805938,125.225797
43.805938,125.225797
43.805938,125.225797
43.805938,125.225797
43.805938,125.225797
43.805938,125.225797
43.805938,125.225797
43.805938,125.225797
43.805938,125.225797
43.805938,125.225797
43.805938,125.225797
43.805938,125.225797
43.805938,125.225797
43.805938,125.225797
43.805938,125.225797
43.805938,125.225797
43.805938,125.225797
43.805938,125.225797
43.805938,125.225797
43.805938,125.225797
43.805938,125.225797
43.805938,125.225797
43.805938,125.225797
43.805938,125.225797
43.805938,125.225797
43.805938,125.225797
43.805938,125.225797
43.805938,125.225797
43.805938,125.225797
43.805938,125.225797
43.805938,125.225797
43.805938,125.225797
43.805938,125.225797
43.805938,125.225797
43.805938,125.225797
43.805938,125.225797
43.805938,125.225797
43.805938,125.225797
43.805938,125.225797
43.805938,125.225797
43.805938,125.225797
43.805938,125.225797
43.805938,125.225797
43.805938,125.225797
43.805938,125.225797
43.805938,125.225797
43.805938,125.225797
43.805938,125.225797
43.805938,125.225797
43.805938,125.225797
43.805938,125.225797
43.805938,125.225797
43.805938,125.225797
43.805938,125.225797
43.805938,125.225797
43.805938,125.225797
43.805938,125.225797
43.805938,125.225797
43.805938,125.225797
43.805938,125.225797
43.805938,125.225797
43.805938,125.225797
43.805938,125.225797
43.805938,125.225797
43.805938,125.225797
43.805938,125.225797
43.805938,125.225797
43.805938,125.225797
43.805938,125.225797
43.805938,125.225797
43.805938,125.225797
43.805938,125.225797
43.805938,125.225797
43.805938,125.225797
43.805938,125.225797
43.805938,125.225797
43.805938,125.225797
43.805938,125.225797
43.805938,125.225797
43.805938,125.225797
43.805938,125.225797
43.805938,125.225797
43.805938,125.225797
43.805938,125.225797
43.805938,125.225797
43.805938,125.225797
43.805938,125.225797
43.805938,125.225797
43.805938,125.225797
43.805938,125.225797
43.805938,125.225797
43.805938,125.225797
43.805938,125.225797
43.805938,125.225797
43.805938,125.225797
43.805938,125.225797
43.805938,125.225797
43.805938,125.225797
43.805938,125.225797
43.805938,125.225797
43.805938,125.225797
43.805938,125.225797
43.805938,125.225797
43.805938,125.225797
43.805938,125.225797
43.805938,125.225797
43.805938,125.225797
43.805938,125.225797
43.805938,125.225797
43.805938,125.225797
43.805938,125.225797
43.805938,125.225797
43.805938,125.225797
43.805938,125.225797
43.805938,125.225797
43.805938,125.225797
43.805938,125.225797
43.805938,125.225797
43.805938,125.225797
43.805938,125.225797
43.805938,125.225797
43.805938,125.225797
43.805938,125.225797
43.805938,125.225797
43.805938,125.225797
43.805938,125.225797
43.805938,125.225797
43.805938,125.225797
43.805938,125.225797
43.805938,125.225797
43.805938,125.225797
43.805938,125.225797
43.805938,125.225797
43.805938,125.225797
43.805938,125.225797
43.805938,125.225797
43.805938,125.225797
43.805938,125.225797
43.805938,125.225797
43.805938,125.225797
43.805938,125.225797
43.805938,125.225797
43.805938,125.225797
43.805938,125.225797
43.805938,125.225797
43.805938,125.225797
43.805938,125.225797
43.805938,125.225797
43.805938,125.225797
43.805938,125.225797
43.805938,125.225797
43.805938,125.225797
43.805938,125.225797
43.805938,125.225797
43.805938,125.225797
43.805938,125.225797
43.805938,125.225797
43.805938,125.225797
43.805938,125.225797
43.805938,125.225797
43.805938,125.225797
43.805938,125.225797
43.805938,125.225797
43.805938,125.225797
43.805938,125.225797
43.805938,125.225797
43.805938,125.225797
43.805938,125.225797
43.805938,125.225797
43.805938,125.225797
43.805938,125.225797
43.805938,125.225797
43.805938,125.225797
43.805938,125.225797
43.805938,125.225797
43.805938,125.225797
43.805938,125.225797
43.805938,125.225797
43.805938,125.225797
43.805938,125.225797
43.805938,125.225797
43.805938,125.225797
43.805938,125.225797
43.805938,125.225797
43.805938,125.225797
43.805938,125.225797
43.805938,125.225797
43.805938,125.225797
43.805938,125.225797
43.805938,125.225797
43.805938,125.225797
43.805938,125.225797
43.805938,125.225797
43.805938,125.225797
43.805938,125.225797
43.805938,125.225797
43.805938,125.225797
43.805938,125.225797
43.805938,125.225797
43.805938,125.225797
43.805938,125.225797
43.805938,125.225797
43.805938,125.225797
43.805938,125.225797
43.805938,125.225797
43.805938,125.225797
43.805938,125.225797
43.805938,125.225797
43.805938,125.225797
43.805938,125.225797
43.805938,125.225797
43.805938,125.225797
43.805938,125.225797
43.805938,125.225797
43.805938,125.225797
43.805938,125.225797
43.805938,125.225797
43.805938,125.225797
43.805938,125.225797
43.805938,125.225797
43.805938,125.225797
43.805938,125.225797
43.805938,125.225797
43.805938,125.225797
43.805938,125.225797
43.805938,125.225797
43.805938,125.225797
43.805938,125.225797
43.805938,125.225797
43.805938,125.225797
43.805938,125.225797
43.805938,125.225797
43.805938,125.225797
43.805938,125.225797
43.805938,125.225797
43.805938,125.225797
43.805938,125.225797
43.805938,125.225797
43.805938,125.225797
43.805938,125.225797
43.805938,125.225797
43.805938,125.225797
43.805938,125.225797
43.805938,125.225797
43.805938,125.225797
43.805938,125.225797
43.805938,125.225797
43.805938,125.225797
43.805938,125.225797
43.805938,125.225797
43.805938,125.225797
43.805938,125.225797
43.805938,125.225797
43.805938,125.225797
43.805938,125.225797
43.805938,125.225797
43.805938,125.225797
43.805938,125.225797
43.805938,125.225797
43.805938,125.225797
43.805938,125.225797
43.805938,125.225797
43.805938,125.225797
43.805938,125.225797
43.805938,125.225797
43.805938,125.225797
43.805938,125.225797
43.805938,125.225797
43.805938,125.225797
43.805938,125.225797
43.805938,125.225797
43.805938,125.225797
43.805938,125.225797
43.805938,125.225797
43.805938,125.225797
43.805938,125.225797
43.805938,125.225797
43.805938,125.225797
43.805938,125.225797
43.805938,125.225797
43.805938,125.225797
43.805938,125.225797
43.805938,125.225797
43.805938,125.225797
43.805938,125.225797
43.805938,125.225797
43.805938,125.225797
43.805938,125.225797
43.805938,125.225797
43.805938,125.225797
43.805938,125.225797
43.805938,125.225797
43.805938,125.225797
43.805938,125.225797
43.805938,125.225797
43.805938,125.225797
43.805938,125.225797
43.805938,125.225797
43.805938,125.225797
43.805938,125.225797
43.805938,125.225797
43.805938,125.225797
43.805938,125.225797
43.805938,125.225797
43.805938,125.225797
43.805938,125.225797
43.805938,125.225797
43.805938,125.225797
43.805938,125.225797
43.805938,125.225797
43.805938,125.225797
43.805938,125.225797
43.805938,125.225797
43.805938,125.225797
43.805938,125.225797
43.805938,125.225797
43.805938,125.225797
43.805938,125.225797
43.805938,125.225797
43.805938,125.225797
43.805938,125.225797
43.805938,125.225797
43.805938,125.225797
43.805938,125.225797
43.805938,125.225797
43.805938,125.225797
43.805938,125.225797
43.805938,125.225797
43.805938,125.225797
43.805938,125.225797
43.805938,125.225797
43.805938,125.225797
43.805938,125.225797
43.805938,125.225797
43.805938,125.225797
43.805938,125.225797
43.805938,125.225797
43.805938,125.225797
43.805938,125.225797
43.805938,125.225797
43.805938,125.225797
43.805938,125.225797
43.805938,125.225797
43.805938,125.225797
43.805938,125.225797
43.805938,125.225797
43.805938,125.225797
43.805938,125.225797
43.805938,125.225797
43.805938,125.225797
43.805938,125.225797
43.805938,125.225797
43.805938,125.225797
43.805938,125.225797
43.805938,125.225797
43.805938,125.225797
43.805938,125.225798
43.805938,125.225798
43.805938,125.225798
43.805938,125.225798
43.805938,125.225798
43.805938,125.225798
43.805938,125.225798
43.805938,125.225798
43.805938,125.225798
43.805938,125.225798
43.805938,125.225798
43.805938,125.225798
43.805938,125.225798
43.805938,125.225798
43.805938,125.225798
43.805938,125.225798
43.805938,125.225798
43.805938,125.225798
43.805938,125.225798
43.805938,125.225798
43.805942,125.225804
43.805942,125.225804
43.805942,125.225804
43.805942,125.225804
43.805942,125.225804
43.805942,125.225804
43.805942,125.225804
43.805942,125.225804
43.805942,125.225804
43.805942,125.225804
43.805942,125.225804
43.805942,125.225804
43.805942,125.225804
43.805942,125.225804
43.805942,125.225804
43.805942,125.225804
43.805942,125.225804
43.805942,125.225804
43.805942,125.225804
43.805942,125.225804
43.805946,125.225813
43.805946,125.225813
43.805946,125.225813
43.805946,125.225813
43.805946,125.225813
43.805946,125.225813
43.805946,125.225813
43.805946,125.225813
43.805946,125.225813
43.805946,125.225813
43.805946,125.225813
43.805946,125.225813
43.805946,125.225813
43.805946,125.225813
43.805946,125.225813
43.805946,125.225813
43.805946,125.225813
43.805946,125.225813
43.805946,125.225813
43.805946,125.225813
43.805956,125.225831
43.805956,125.225831
43.805956,125.225831
43.805956,125.225831
43.805956,125.225831
43.805956,125.225831
43.805956,125.225831
43.805956,125.225831
43.805956,125.225831
43.805956,125.225831
43.805956,125.225831
43.805956,125.225831
43.805956,125.225831
43.805956,125.225831
43.805956,125.225831
43.805956,125.225831
43.805956,125.225831
43.805956,125.225831
43.805956,125.225831
43.805956,125.225831
43.805969,125.225853
43.805969,125.225853
43.805969,125.225853
43.805969,125.225853
43.805969,125.225853
43.805969,125.225853
43.805969,125.225853
43.805969,125.225853
43.805969,125.225853
43.805969,125.225853
43.805969,125.225853
43.805969,125.225853
43.805969,125.225853
43.805969,125.225853
43.805969,125.225853
43.805969,125.225853
43.805969,125.225853
43.805969,125.225853
43.805969,125.225853
43.805969,125.225853
43.805974,125.22586
43.805974,125.22586
43.805974,125.22586
43.805974,125.22586
43.805974,125.22586
43.805974,125.22586
43.805974,125.22586
43.805974,125.22586
43.805974,125.22586
43.805974,125.22586
43.805974,125.22586
43.805974,125.22586
43.805974,125.22586
43.805974,125.22586
43.805974,125.22586
43.805974,125.22586
43.805974,125.22586
43.805974,125.22586
43.805974,125.22586
43.805974,125.22586
43.806,125.225898
43.806,125.225898
43.806,125.225898
43.806,125.225898
43.806,125.225898
43.806,125.225898
43.806,125.225898
43.806,125.225898
43.806,125.225898
43.806,125.225898
43.806,125.225898
43.806,125.225898
43.806,125.225898
43.806,125.225898
43.806,125.225898
43.806,125.225898
43.806,125.225898
43.806,125.225898
43.806,125.225898
43.806,125.225898
43.806028,125.225936
43.806028,125.225936
43.806028,125.225936
43.806028,125.225936
43.806028,125.225936
43.806028,125.225936
43.806028,125.225936
43.806028,125.225936
43.806028,125.225936
43.806028,125.225936
43.806028,125.225936
43.806028,125.225936
43.806028,125.225936
43.806028,125.225936
43.806028,125.225936
43.806028,125.225936
43.806028,125.225936
43.806028,125.225936
43.806028,125.225936
43.806028,125.225936
43.806053,125.225967
43.806053,125.225967
43.806053,125.225967
43.806053,125.225967
43.806053,125.225967
43.806053,125.225967
43.806053,125.225967
43.806053,125.225967
43.806053,125.225967
43.806053,125.225967
43.806053,125.225967
43.806053,125.225967
43.806053,125.225967
43.806053,125.225967
43.806053,125.225967
43.806053,125.225967
43.806053,125.225967
43.806053,125.225967
43.806053,125.225967
43.806053,125.225967
43.806084,125.226002
43.806084,125.226002
43.806084,125.226002
43.806084,125.226002
43.806084,125.226002
43.806084,125.226002
43.806084,125.226002
43.806084,125.226002
43.806084,125.226002
43.806084,125.226002
43.806084,125.226002
43.806084,125.226002
43.806084,125.226002
43.806084,125.226002
43.806084,125.226002
43.806084,125.226002
43.806084,125.226002
43.806084,125.226002
43.806084,125.226002
43.806084,125.226002
43.806106,125.226022
43.806106,125.226022
43.806106,125.226022
43.806106,125.226022
43.806106,125.226022
43.806106,125.226022
43.806106,125.226022
43.806106,125.226022
43.806106,125.226022
43.806106,125.226022
43.806106,125.226022
43.806106,125.226022
43.806106,125.226022
43.806106,125.226022
43.806106,125.226022
43.806106,125.226022
43.806106,125.226022
43.806106,125.226022
43.806106,125.226022
43.806106,125.226022
43.806139,125.226051
43.806139,125.226051
43.806139,125.226051
43.806139,125.226051
43.806139,125.226051
43.806139,125.226051
43.806139,125.226051
43.806139,125.226051
43.806139,125.226051
43.806139,125.226051
43.806139,125.226051
43.806139,125.226051
43.806139,125.226051
43.806139,125.226051
43.806139,125.226051
43.806139,125.226051
43.806139,125.226051
43.806139,125.226051
43.806139,125.226051
43.806139,125.226051
43.806178,125.226082
43.806178,125.226082
43.806178,125.226082
43.806178,125.226082
43.806178,125.226082
43.806178,125.226082
43.806178,125.226082
43.806178,125.226082
43.806178,125.226082
43.806178,125.226082
43.806178,125.226082
43.806178,125.226082
43.806178,125.226082
43.806178,125.226082
43.806178,125.226082
43.806178,125.226082
43.806178,125.226082
43.806178,125.226082
43.806178,125.226082
43.806178,125.226082
43.806182,125.226085
43.806182,125.226085
43.806182,125.226085
43.806182,125.226085
43.806182,125.226085
43.806182,125.226085
43.806182,125.226085
43.806182,125.226085
43.806182,125.226085
43.806182,125.226085
43.806182,125.226085
43.806182,125.226085
43.806182,125.226085
43.806182,125.226085
43.806182,125.226085
43.806182,125.226085
43.806182,125.226085
43.806182,125.226085
43.806182,125.226085
43.806182,125.226085
43.806211,125.2261
43.806211,125.2261
43.806211,125.2261
43.806211,125.2261
43.806211,125.2261
43.806211,125.2261
43.806211,125.2261
43.806211,125.2261
43.806211,125.2261
43.806211,125.2261
43.806211,125.2261
43.806211,125.2261
43.806211,125.2261
43.806211,125.2261
43.806211,125.2261
43.806211,125.2261
43.806211,125.2261
43.806211,125.2261
43.806211,125.2261
43.806211,125.2261
43.806316,125.226159
43.806316,125.226159
43.806316,125.226159
43.806316,125.226159
43.806316,125.226159
43.806316,125.226159
43.806316,125.226159
43.806316,125.226159
43.806316,125.226159
43.806316,125.226159
43.806316,125.226159
43.806316,125.226159
43.806316,125.226159
43.806316,125.226159
43.806316,125.226159
43.806316,125.226159
43.806316,125.226159
43.806316,125.226159
43.806316,125.226159
43.806316,125.226159
43.806348,125.226166
43.806348,125.226166
43.806348,125.226166
43.806348,125.226166
43.806348,125.226166
43.806348,125.226166
43.806348,125.226166
43.806348,125.226166
43.806348,125.226166
43.806348,125.226166
43.806348,125.226166
43.806348,125.226166
43.806348,125.226166
43.806348,125.226166
43.806348,125.226166
43.806348,125.226166
43.806348,125.226166
43.806348,125.226166
43.806348,125.226166
43.806348,125.226166
43.80639,125.226181
43.80639,125.226181
43.80639,125.226181
43.80639,125.226181
43.80639,125.226181
43.80639,125.226181
43.80639,125.226181
43.80639,125.226181
43.80639,125.226181
43.80639,125.226181
43.80639,125.226181
43.80639,125.226181
43.80639,125.226181
43.80639,125.226181
43.80639,125.226181
43.80639,125.226181
43.80639,125.226181
43.80639,125.226181
43.80639,125.226181
43.80639,125.226181
43.806436,125.226198
43.806436,125.226198
43.806436,125.226198
43.806436,125.226198
43.806436,125.226198
43.806436,125.226198
43.806436,125.226198
43.806436,125.226198
43.806436,125.226198
43.806436,125.226198
43.806436,125.226198
43.806436,125.226198
43.806436,125.226198
43.806436,125.226198
43.806436,125.226198
43.806436,125.226198
43.806436,125.226198
43.806436,125.226198
43.806436,125.226198
43.806436,125.226198
43.806476,125.226212
43.806476,125.226212
43.806476,125.226212
43.806476,125.226212
43.806476,125.226212
43.806476,125.226212
43.806476,125.226212
43.806476,125.226212
43.806476,125.226212
43.806476,125.226212
43.806476,125.226212
43.806476,125.226212
43.806476,125.226212
43.806476,125.226212
43.806476,125.226212
43.806476,125.226212
43.806476,125.226212
43.806476,125.226212
43.806476,125.226212
43.806476,125.226212
43.806512,125.226227
43.806512,125.226227
43.806512,125.226227
43.806512,125.226227
43.806512,125.226227
43.806512,125.226227
43.806512,125.226227
43.806512,125.226227
43.806512,125.226227
43.806512,125.226227
43.806512,125.226227
43.806512,125.226227
43.806512,125.226227
43.806512,125.226227
43.806512,125.226227
43.806512,125.226227
43.806512,125.226227
43.806512,125.226227
43.806512,125.226227
43.806512,125.226227
43.80655,125.226244
43.80655,125.226244
43.80655,125.226244
43.80655,125.226244
43.80655,125.226244
43.80655,125.226244
43.80655,125.226244
43.80655,125.226244
43.80655,125.226244
43.80655,125.226244
43.80655,125.226244
43.80655,125.226244
43.80655,125.226244
43.80655,125.226244
43.80655,125.226244
43.80655,125.226244
43.80655,125.226244
43.80655,125.226244
43.80655,125.226244
43.80655,125.226244
43.806583,125.226267
43.806583,125.226267
43.806583,125.226267
43.806583,125.226267
43.806583,125.226267
43.806583,125.226267
43.806583,125.226267
43.806583,125.226267
43.806583,125.226267
43.806583,125.226267
43.806583,125.226267
43.806583,125.226267
43.806583,125.226267
43.806583,125.226267
43.806583,125.226267
43.806583,125.226267
43.806583,125.226267
43.806583,125.226267
43.806583,125.226267
43.806583,125.226267
43.806614,125.226301
43.806614,125.226301
43.806614,125.226301
43.806614,125.226301
43.806614,125.226301
43.806614,125.226301
43.806614,125.226301
43.806614,125.226301
43.806614,125.226301
43.806614,125.226301
43.806614,125.226301
43.806614,125.226301
43.806614,125.226301
43.806614,125.226301
43.806614,125.226301
43.806614,125.226301
43.806614,125.226301
43.806614,125.226301
43.806614,125.226301
43.806614,125.226301
43.80664,125.226355
43.80664,125.226355
43.80664,125.226355
43.80664,125.226355
43.80664,125.226355
43.80664,125.226355
43.80664,125.226355
43.80664,125.226355
43.80664,125.226355
43.80664,125.226355
43.80664,125.226355
43.80664,125.226355
43.80664,125.226355
43.80664,125.226355
43.80664,125.226355
43.80664,125.226355
43.80664,125.226355
43.80664,125.226355
43.80664,125.226355
43.80664,125.226355
43.806658,125.226436
43.806658,125.226436
43.806658,125.226436
43.806658,125.226436
43.806658,125.226436
43.806658,125.226436
43.806658,125.226436
43.806658,125.226436
43.806658,125.226436
43.806658,125.226436
43.806658,125.226436
43.806658,125.226436
43.806658,125.226436
43.806658,125.226436
43.806658,125.226436
43.806658,125.226436
43.806658,125.226436
43.806658,125.226436
43.806658,125.226436
43.806658,125.226436
43.806658,125.226513
43.806658,125.226513
43.806658,125.226513
43.806658,125.226513
43.806658,125.226513
43.806658,125.226513
43.806658,125.226513
43.806658,125.226513
43.806658,125.226513
43.806658,125.226513
43.806658,125.226513
43.806658,125.226513
43.806658,125.226513
43.806658,125.226513
43.806658,125.226513
43.806658,125.226513
43.806658,125.226513
43.806658,125.226513
43.806658,125.226513
43.806658,125.226513
43.806652,125.226626
43.806652,125.226626
43.806652,125.226626
43.806652,125.226626
43.806652,125.226626
43.806652,125.226626
43.806652,125.226626
43.806652,125.226626
43.806652,125.226626
43.806652,125.226626
43.806652,125.226626
43.806652,125.226626
43.806652,125.226626
43.806652,125.226626
43.806652,125.226626
43.806652,125.226626
43.806652,125.226626
43.806652,125.226626
43.806652,125.226626
43.806652,125.226626
43.806646,125.226713
43.806646,125.226713
43.806646,125.226713
43.806646,125.226713
43.806646,125.226713
43.806646,125.226713
43.806646,125.226713
43.806646,125.226713
43.806646,125.226713
43.806646,125.226713
43.806646,125.226713
43.806646,125.226713
43.806646,125.226713
43.806646,125.226713
43.806646,125.226713
43.806646,125.226713
43.806646,125.226713
43.806646,125.226713
43.806646,125.226713
43.806646,125.226713
43.806635,125.226839
43.806635,125.226839
43.806635,125.226839
43.806635,125.226839
43.806635,125.226839
43.806635,125.226839
43.806635,125.226839
43.806635,125.226839
43.806635,125.226839
43.806635,125.226839
43.806635,125.226839
43.806635,125.226839
43.806635,125.226839
43.806635,125.226839
43.806635,125.226839
43.806635,125.226839
43.806635,125.226839
43.806635,125.226839
43.806635,125.226839
43.806635,125.226839
43.806624,125.226961
43.806624,125.226961
43.806624,125.226961
43.806624,125.226961
43.806624,125.226961
43.806624,125.226961
43.806624,125.226961
43.806624,125.226961
43.806624,125.226961
43.806624,125.226961
43.806624,125.226961
43.806624,125.226961
43.806624,125.226961
43.806624,125.226961
43.806624,125.226961
43.806624,125.226961
43.806624,125.226961
43.806624,125.226961
43.806624,125.226961
43.806624,125.226961
43.806608,125.227116
43.806608,125.227116
43.806608,125.227116
43.806608,125.227116
43.806608,125.227116
43.806608,125.227116
43.806608,125.227116
43.806608,125.227116
43.806608,125.227116
43.806608,125.227116
43.806608,125.227116
43.806608,125.227116
43.806608,125.227116
43.806608,125.227116
43.806608,125.227116
43.806608,125.227116
43.806608,125.227116
43.806608,125.227116
43.806608,125.227116
43.806608,125.227116
43.806591,125.227274
43.806591,125.227274
43.806591,125.227274
43.806591,125.227274
43.806591,125.227274
43.806591,125.227274
43.806591,125.227274
43.806591,125.227274
43.806591,125.227274
43.806591,125.227274
43.806591,125.227274
43.806591,125.227274
43.806591,125.227274
43.806591,125.227274
43.806591,125.227274
43.806591,125.227274
43.806591,125.227274
43.806591,125.227274
43.806591,125.227274
43.806591,125.227274
43.806572,125.227449
43.806572,125.227449
43.806572,125.227449
43.806572,125.227449
43.806572,125.227449
43.806572,125.227449
43.806572,125.227449
43.806572,125.227449
43.806572,125.227449
43.806572,125.227449
43.806572,125.227449
43.806572,125.227449
43.806572,125.227449
43.806572,125.227449
43.806572,125.227449
43.806572,125.227449
43.806572,125.227449
43.806572,125.227449
43.806572,125.227449
43.806572,125.227449
43.80655,125.227631
43.80655,125.227631
43.80655,125.227631
43.80655,125.227631
43.80655,125.227631
43.80655,125.227631
43.80655,125.227631
43.80655,125.227631
43.80655,125.227631
43.80655,125.227631
43.80655,125.227631
43.80655,125.227631
43.80655,125.227631
43.80655,125.227631
43.80655,125.227631
43.80655,125.227631
43.80655,125.227631
43.80655,125.227631
43.80655,125.227631
43.80655,125.227631
43.806525,125.227816
43.806525,125.227816
43.806525,125.227816
43.806525,125.227816
43.806525,125.227816
43.806525,125.227816
43.806525,125.227816
43.806525,125.227816
43.806525,125.227816
43.806525,125.227816
43.806525,125.227816
43.806525,125.227816
43.806525,125.227816
43.806525,125.227816
43.806525,125.227816
43.806525,125.227816
43.806525,125.227816
43.806525,125.227816
43.806525,125.227816
43.806525,125.227816
43.806502,125.227982
43.806502,125.227982
43.806502,125.227982
43.806502,125.227982
43.806502,125.227982
43.806502,125.227982
43.806502,125.227982
43.806502,125.227982
43.806502,125.227982
43.806502,125.227982
43.806502,125.227982
43.806502,125.227982
43.806502,125.227982
43.806502,125.227982
43.806502,125.227982
43.806502,125.227982
43.806502,125.227982
43.806502,125.227982
43.806502,125.227982
43.806502,125.227982
43.806476,125.228167
43.806476,125.228167
43.806476,125.228167
43.806476,125.228167
43.806476,125.228167
43.806476,125.228167
43.806476,125.228167
43.806476,125.228167
43.806476,125.228167
43.806476,125.228167
43.806476,125.228167
43.806476,125.228167
43.806476,125.228167
43.806476,125.228167
43.806476,125.228167
43.806476,125.228167
43.806476,125.228167
43.806476,125.228167
43.806476,125.228167
43.806476,125.228167
43.806445,125.228376
43.806445,125.228376
43.806445,125.228376
43.806445,125.228376
43.806445,125.228376
43.806445,125.228376
43.806445,125.228376
43.806445,125.228376
43.806445,125.228376
43.806445,125.228376
43.806445,125.228376
43.806445,125.228376
43.806445,125.228376
43.806445,125.228376
43.806445,125.228376
43.806445,125.228376
43.806445,125.228376
43.806445,125.228376
43.806445,125.228376
43.806445,125.228376
43.80641,125.228615
43.80641,125.228615
43.80641,125.228615
43.80641,125.228615
43.80641,125.228615
43.80641,125.228615
43.80641,125.228615
43.80641,125.228615
43.80641,125.228615
43.80641,125.228615
43.80641,125.228615
43.80641,125.228615
43.80641,125.228615
43.80641,125.228615
43.80641,125.228615
43.80641,125.228615
43.80641,125.228615
43.80641,125.228615
43.80641,125.228615
43.80641,125.228615
43.80639,125.22876
43.80639,125.22876
43.80639,125.22876
43.80639,125.22876
43.80639,125.22876
43.80639,125.22876
43.80639,125.22876
43.80639,125.22876
43.80639,125.22876
43.80639,125.22876
43.80639,125.22876
43.80639,125.22876
43.80639,125.22876
43.80639,125.22876
43.80639,125.22876
43.80639,125.22876
43.80639,125.22876
43.80639,125.22876
43.80639,125.22876
43.80639,125.22876
43.806361,125.228958
43.806361,125.228958
43.806361,125.228958
43.806361,125.228958
43.806361,125.228958
43.806361,125.228958
43.806361,125.228958
43.806361,125.228958
43.806361,125.228958
43.806361,125.228958
43.806361,125.228958
43.806361,125.228958
43.806361,125.228958
43.806361,125.228958
43.806361,125.228958
43.806361,125.228958
43.806361,125.228958
43.806361,125.228958
43.806361,125.228958
43.806361,125.228958
43.80633,125.229176
43.80633,125.229176
43.80633,125.229176
43.80633,125.229176
43.80633,125.229176
43.80633,125.229176
43.80633,125.229176
43.80633,125.229176
43.80633,125.229176
43.80633,125.229176
43.80633,125.229176
43.80633,125.229176
43.80633,125.229176
43.80633,125.229176
43.80633,125.229176
43.80633,125.229176
43.80633,125.229176
43.80633,125.229176
43.80633,125.229176
43.80633,125.229176
43.806299,125.22939
43.806299,125.22939
43.806299,125.22939
43.806299,125.22939
43.806299,125.22939
43.806299,125.22939
43.806299,125.22939
43.806299,125.22939
43.806299,125.22939
43.806299,125.22939
43.806299,125.22939
43.806299,125.22939
43.806299,125.22939
43.806299,125.22939
43.806299,125.22939
43.806299,125.22939
43.806299,125.22939
43.806299,125.22939
43.806299,125.22939
43.806299,125.22939
43.80627,125.229605
43.80627,125.229605
43.80627,125.229605
43.80627,125.229605
43.80627,125.229605
43.80627,125.229605
43.80627,125.229605
43.80627,125.229605
43.80627,125.229605
43.80627,125.229605
43.80627,125.229605
43.80627,125.229605
43.80627,125.229605
43.80627,125.229605
43.80627,125.229605
43.80627,125.229605
43.80627,125.229605
43.80627,125.229605
43.80627,125.229605
43.80627,125.229605
43.806235,125.229857
43.806235,125.229857
43.806235,125.229857
43.806235,125.229857
43.806235,125.229857
43.806235,125.229857
43.806235,125.229857
43.806235,125.229857
43.806235,125.229857
43.806235,125.229857
43.806235,125.229857
43.806235,125.229857
43.806235,125.229857
43.806235,125.229857
43.806235,125.229857
43.806235,125.229857
43.806235,125.229857
43.806235,125.229857
43.806235,125.229857
43.806235,125.229857
43.806203,125.230081
43.806203,125.230081
43.806203,125.230081
43.806203,125.230081
43.806203,125.230081
43.806203,125.230081
43.806203,125.230081
43.806203,125.230081
43.806203,125.230081
43.806203,125.230081
43.806203,125.230081
43.806203,125.230081
43.806203,125.230081
43.806203,125.230081
43.806203,125.230081
43.806203,125.230081
43.806203,125.230081
43.806203,125.230081
43.806203,125.230081
43.806203,125.230081
43.806173,125.230301
43.806173,125.230301
43.806173,125.230301
43.806173,125.230301
43.806173,125.230301
43.806173,125.230301
43.806173,125.230301
43.806173,125.230301
43.806173,125.230301
43.806173,125.230301
43.806173,125.230301
43.806173,125.230301
43.806173,125.230301
43.806173,125.230301
43.806173,125.230301
43.806173,125.230301
43.806173,125.230301
43.806173,125.230301
43.806173,125.230301
43.806173,125.230301
43.806143,125.230506
43.806143,125.230506
43.806143,125.230506
43.806143,125.230506
43.806143,125.230506
43.806143,125.230506
43.806143,125.230506
43.806143,125.230506
43.806143,125.230506
43.806143,125.230506
43.806143,125.230506
43.806143,125.230506
43.806143,125.230506
43.806143,125.230506
43.806143,125.230506
43.806143,125.230506
43.806143,125.230506
43.806143,125.230506
43.806143,125.230506
43.806143,125.230506
43.806111,125.230733
43.806111,125.230733
43.806111,125.230733
43.806111,125.230733
43.806111,125.230733
43.806111,125.230733
43.806111,125.230733
43.806111,125.230733
43.806111,125.230733
43.806111,125.230733
43.806111,125.230733
43.806111,125.230733
43.806111,125.230733
43.806111,125.230733
43.806111,125.230733
43.806111,125.230733
43.806111,125.230733
43.806111,125.230733
43.806111,125.230733
43.806111,125.230733
43.806084,125.23093
43.806084,125.23093
43.806084,125.23093
43.806084,125.23093
43.806084,125.23093
43.806084,125.23093
43.806084,125.23093
43.806084,125.23093
43.806084,125.23093
43.806084,125.23093
43.806084,125.23093
43.806084,125.23093
43.806084,125.23093
43.806084,125.23093
43.806084,125.23093
43.806084,125.23093
43.806084,125.23093
43.806084,125.23093
43.806084,125.23093
43.806084,125.23093
43.806048,125.231194
43.806048,125.231194
43.806048,125.231194
43.806048,125.231194
43.806048,125.231194
43.806048,125.231194
43.806048,125.231194
43.806048,125.231194
43.806048,125.231194
43.806048,125.231194
43.806048,125.231194
43.806048,125.231194
43.806048,125.231194
43.806048,125.231194
43.806048,125.231194
43.806048,125.231194
43.806048,125.231194
43.806048,125.231194
43.806048,125.231194
43.806048,125.231194
43.806019,125.23142
43.806019,125.23142
43.806019,125.23142
43.806019,125.23142
43.806019,125.23142
43.806019,125.23142
43.806019,125.23142
43.806019,125.23142
43.806019,125.23142
43.806019,125.23142
43.806019,125.23142
43.806019,125.23142
43.806019,125.23142
43.806019,125.23142
43.806019,125.23142
43.806019,125.23142
43.806019,125.23142
43.806019,125.23142
43.806019,125.23142
43.806019,125.23142
43.805981,125.23169
43.805981,125.23169
43.805981,125.23169
43.805981,125.23169
43.805981,125.23169
43.805981,125.23169
43.805981,125.23169
43.805981,125.23169
43.805981,125.23169
43.805981,125.23169
43.805981,125.23169
43.805981,125.23169
43.805981,125.23169
43.805981,125.23169
43.805981,125.23169
43.805981,125.23169
43.805981,125.23169
43.805981,125.23169
43.805981,125.23169
43.805981,125.23169
43.805958,125.23186
43.805958,125.23186
43.805958,125.23186
43.805958,125.23186
43.805958,125.23186
43.805958,125.23186
43.805958,125.23186
43.805958,125.23186
43.805958,125.23186
43.805958,125.23186
43.805958,125.23186
43.805958,125.23186
43.805958,125.23186
43.805958,125.23186
43.805958,125.23186
43.805958,125.23186
43.805958,125.23186
43.805958,125.23186
43.805958,125.23186
43.805958,125.23186
43.805924,125.232097
43.805924,125.232097
43.805924,125.232097
43.805924,125.232097
43.805924,125.232097
43.805924,125.232097
43.805924,125.232097
43.805924,125.232097
43.805924,125.232097
43.805924,125.232097
43.805924,125.232097
43.805924,125.232097
43.805924,125.232097
43.805924,125.232097
43.805924,125.232097
43.805924,125.232097
43.805924,125.232097
43.805924,125.232097
43.805924,125.232097
43.805924,125.232097
43.805888,125.232355
43.805888,125.232355
43.805888,125.232355
43.805888,125.232355
43.805888,125.232355
43.805888,125.232355
43.805888,125.232355
43.805888,125.232355
43.805888,125.232355
43.805888,125.232355
43.805888,125.232355
43.805888,125.232355
43.805888,125.232355
43.805888,125.232355
43.805888,125.232355
43.805888,125.232355
43.805888,125.232355
43.805888,125.232355
43.805888,125.232355
43.805888,125.232355
43.805853,125.232603
43.805853,125.232603
43.805853,125.232603
43.805853,125.232603
43.805853,125.232603
43.805853,125.232603
43.805853,125.232603
43.805853,125.232603
43.805853,125.232603
43.805853,125.232603
43.805853,125.232603
43.805853,125.232603
43.805853,125.232603
43.805853,125.232603
43.805853,125.232603
43.805853,125.232603
43.805853,125.232603
43.805853,125.232603
43.805853,125.232603
43.805853,125.232603
43.805822,125.232818
43.805822,125.232818
43.805822,125.232818
43.805822,125.232818
43.805822,125.232818
43.805822,125.232818
43.805822,125.232818
43.805822,125.232818
43.805822,125.232818
43.805822,125.232818
43.805822,125.232818
43.805822,125.232818
43.805822,125.232818
43.805822,125.232818
43.805822,125.232818
43.805822,125.232818
43.805822,125.232818
43.805822,125.232818
43.805822,125.232818
43.805822,125.232818
43.805787,125.233059
43.805787,125.233059
43.805787,125.233059
43.805787,125.233059
43.805787,125.233059
43.805787,125.233059
43.805787,125.233059
43.805787,125.233059
43.805787,125.233059
43.805787,125.233059
43.805787,125.233059
43.805787,125.233059
43.805787,125.233059
43.805787,125.233059
43.805787,125.233059
43.805787,125.233059
43.805787,125.233059
43.805787,125.233059
43.805787,125.233059
43.805787,125.233059
43.805754,125.233284
43.805754,125.233284
43.805754,125.233284
43.805754,125.233284
43.805754,125.233284
43.805754,125.233284
43.805754,125.233284
43.805754,125.233284
43.805754,125.233284
43.805754,125.233284
43.805754,125.233284
43.805754,125.233284
43.805754,125.233284
43.805754,125.233284
43.805754,125.233284
43.805754,125.233284
43.805754,125.233284
43.805754,125.233284
43.805754,125.233284
43.805754,125.233284
43.805721,125.23352
43.805721,125.23352
43.805721,125.23352
43.805721,125.23352
43.805721,125.23352
43.805721,125.23352
43.805721,125.23352
43.805721,125.23352
43.805721,125.23352
43.805721,125.23352
43.805721,125.23352
43.805721,125.23352
43.805721,125.23352
43.805721,125.23352
43.805721,125.23352
43.805721,125.23352
43.805721,125.23352
43.805721,125.23352
43.805721,125.23352
43.805721,125.23352
43.805691,125.233731
43.805691,125.233731
43.805691,125.233731
43.805691,125.233731
43.805691,125.233731
43.805691,125.233731
43.805691,125.233731
43.805691,125.233731
43.805691,125.233731
43.805691,125.233731
43.805691,125.233731
43.805691,125.233731
43.805691,125.233731
43.805691,125.233731
43.805691,125.233731
43.805691,125.233731
43.805691,125.233731
43.805691,125.233731
43.805691,125.233731
43.805691,125.233731
43.805659,125.233965
43.805659,125.233965
43.805659,125.233965
43.805659,125.233965
43.805659,125.233965
43.805659,125.233965
43.805659,125.233965
43.805659,125.233965
43.805659,125.233965
43.805659,125.233965
43.805659,125.233965
43.805659,125.233965
43.805659,125.233965
43.805659,125.233965
43.805659,125.233965
43.805659,125.233965
43.805659,125.233965
43.805659,125.233965
43.805659,125.233965
43.805659,125.233965
43.805621,125.234228
43.805621,125.234228
43.805621,125.234228
43.805621,125.234228
43.805621,125.234228
43.805621,125.234228
43.805621,125.234228
43.805621,125.234228
43.805621,125.234228
43.805621,125.234228
43.805621,125.234228
43.805621,125.234228
43.805621,125.234228
43.805621,125.234228
43.805621,125.234228
43.805621,125.234228
43.805621,125.234228
43.805621,125.234228
43.805621,125.234228
43.805621,125.234228
43.80558,125.23452
43.80558,125.23452
43.80558,125.23452
43.80558,125.23452
43.80558,125.23452
43.80558,125.23452
43.80558,125.23452
43.80558,125.23452
43.80558,125.23452
43.80558,125.23452
43.80558,125.23452
43.80558,125.23452
43.80558,125.23452
43.80558,125.23452
43.80558,125.23452
43.80558,125.23452
43.80558,125.23452
43.80558,125.23452
43.80558,125.23452
43.80558,125.23452
43.805554,125.234706
43.805554,125.234706
43.805554,125.234706
43.805554,125.234706
43.805554,125.234706
43.805554,125.234706
43.805554,125.234706
43.805554,125.234706
43.805554,125.234706
43.805554,125.234706
43.805554,125.234706
43.805554,125.234706
43.805554,125.234706
43.805554,125.234706
43.805554,125.234706
43.805554,125.234706
43.805554,125.234706
43.805554,125.234706
43.805554,125.234706
43.805554,125.234706
43.805519,125.23495
43.805519,125.23495
43.805519,125.23495
43.805519,125.23495
43.805519,125.23495
43.805519,125.23495
43.805519,125.23495
43.805519,125.23495
43.805519,125.23495
43.805519,125.23495
43.805519,125.23495
43.805519,125.23495
43.805519,125.23495
43.805519,125.23495
43.805519,125.23495
43.805519,125.23495
43.805519,125.23495
43.805519,125.23495
43.805519,125.23495
43.805519,125.23495
43.805491,125.235143
43.805491,125.235143
43.805491,125.235143
43.805491,125.235143
43.805491,125.235143
43.805491,125.235143
43.805491,125.235143
43.805491,125.235143
43.805491,125.235143
43.805491,125.235143
43.805491,125.235143
43.805491,125.235143
43.805491,125.235143
43.805491,125.235143
43.805491,125.235143
43.805491,125.235143
43.805491,125.235143
43.805491,125.235143
43.805491,125.235143
43.805491,125.235143
43.805453,125.235405
43.805453,125.235405
43.805453,125.235405
43.805453,125.235405
43.805453,125.235405
43.805453,125.235405
43.805453,125.235405
43.805453,125.235405
43.805453,125.235405
43.805453,125.235405
43.805453,125.235405
43.805453,125.235405
43.805453,125.235405
43.805453,125.235405
43.805453,125.235405
43.805453,125.235405
43.805453,125.235405
43.805453,125.235405
43.805453,125.235405
43.805453,125.235405
43.805419,125.235645
43.805419,125.235645
43.805419,125.235645
43.805419,125.235645
43.805419,125.235645
43.805419,125.235645
43.805419,125.235645
43.805419,125.235645
43.805419,125.235645
43.805419,125.235645
43.805419,125.235645
43.805419,125.235645
43.805419,125.235645
43.805419,125.235645
43.805419,125.235645
43.805419,125.235645
43.805419,125.235645
43.805419,125.235645
43.805419,125.235645
43.805419,125.235645
43.805388,125.235862
43.805388,125.235862
43.805388,125.235862
43.805388,125.235862
43.805388,125.235862
43.805388,125.235862
43.805388,125.235862
43.805388,125.235862
43.805388,125.235862
43.805388,125.235862
43.805388,125.235862
43.805388,125.235862
43.805388,125.235862
43.805388,125.235862
43.805388,125.235862
43.805388,125.235862
43.805388,125.235862
43.805388,125.235862
43.805388,125.235862
43.805388,125.235862
43.805359,125.236064
43.805359,125.236064
43.805359,125.236064
43.805359,125.236064
43.805359,125.236064
43.805359,125.236064
43.805359,125.236064
43.805359,125.236064
43.805359,125.236064
43.805359,125.236064
43.805359,125.236064
43.805359,125.236064
43.805359,125.236064
43.805359,125.236064
43.805359,125.236064
43.805359,125.236064
43.805359,125.236064
43.805359,125.236064
43.805359,125.236064
43.805359,125.236064
43.805325,125.236306
43.805325,125.236306
43.805325,125.236306
43.805325,125.236306
43.805325,125.236306
43.805325,125.236306
43.805325,125.236306
43.805325,125.236306
43.805325,125.236306
43.805325,125.236306
43.805325,125.236306
43.805325,125.236306
43.805325,125.236306
43.805325,125.236306
43.805325,125.236306
43.805325,125.236306
43.805325,125.236306
43.805325,125.236306
43.805325,125.236306
43.805325,125.236306
43.805292,125.236541
43.805292,125.236541
43.805292,125.236541
43.805292,125.236541
43.805292,125.236541
43.805292,125.236541
43.805292,125.236541
43.805292,125.236541
43.805292,125.236541
43.805292,125.236541
43.805292,125.236541
43.805292,125.236541
43.805292,125.236541
43.805292,125.236541
43.805292,125.236541
43.805292,125.236541
43.805292,125.236541
43.805292,125.236541
43.805292,125.236541
43.805292,125.236541
43.805257,125.236788
43.805257,125.236788
43.805257,125.236788
43.805257,125.236788
43.805257,125.236788
43.805257,125.236788
43.805257,125.236788
43.805257,125.236788
43.805257,125.236788
43.805257,125.236788
43.805257,125.236788
43.805257,125.236788
43.805257,125.236788
43.805257,125.236788
43.805257,125.236788
43.805257,125.236788
43.805257,125.236788
43.805257,125.236788
43.805257,125.236788
43.805257,125.236788
43.805223,125.237025
43.805223,125.237025
43.805223,125.237025
43.805223,125.237025
43.805223,125.237025
43.805223,125.237025
43.805223,125.237025
43.805223,125.237025
43.805223,125.237025
43.805223,125.237025
43.805223,125.237025
43.805223,125.237025
43.805223,125.237025
43.805223,125.237025
43.805223,125.237025
43.805223,125.237025
43.805223,125.237025
43.805223,125.237025
43.805223,125.237025
43.805223,125.237025
43.80519,125.237272
43.80519,125.237272
43.80519,125.237272
43.80519,125.237272
43.80519,125.237272
43.80519,125.237272
43.80519,125.237272
43.80519,125.237272
43.80519,125.237272
43.80519,125.237272
43.80519,125.237272
43.80519,125.237272
43.80519,125.237272
43.80519,125.237272
43.80519,125.237272
43.80519,125.237272
43.80519,125.237272
43.80519,125.237272
43.80519,125.237272
43.80519,125.237272
43.805162,125.23749
43.805162,125.23749
43.805162,125.23749
43.805162,125.23749
43.805162,125.23749
43.805162,125.23749
43.805162,125.23749
43.805162,125.23749
43.805162,125.23749
43.805162,125.23749
43.805162,125.23749
43.805162,125.23749
43.805162,125.23749
43.805162,125.23749
43.805162,125.23749
43.805162,125.23749
43.805162,125.23749
43.805162,125.23749
43.805162,125.23749
43.805162,125.23749
43.805133,125.237733
43.805133,125.237733
43.805133,125.237733
43.805133,125.237733
43.805133,125.237733
43.805133,125.237733
43.805133,125.237733
43.805133,125.237733
43.805133,125.237733
43.805133,125.237733
43.805133,125.237733
43.805133,125.237733
43.805133,125.237733
43.805133,125.237733
43.805133,125.237733
43.805133,125.237733
43.805133,125.237733
43.805133,125.237733
43.805133,125.237733
43.805133,125.237733
43.805099,125.238035
43.805099,125.238035
43.805099,125.238035
43.805099,125.238035
43.805099,125.238035
43.805099,125.238035
43.805099,125.238035
43.805099,125.238035
43.805099,125.238035
43.805099,125.238035
43.805099,125.238035
43.805099,125.238035
43.805099,125.238035
43.805099,125.238035
43.805099,125.238035
43.805099,125.238035
43.805099,125.238035
43.805099,125.238035
43.805099,125.238035
43.805099,125.238035
43.805064,125.238344
43.805064,125.238344
43.805064,125.238344
43.805064,125.238344
43.805064,125.238344
43.805064,125.238344
43.805064,125.238344
43.805064,125.238344
43.805064,125.238344
43.805064,125.238344
43.805064,125.238344
43.805064,125.238344
43.805064,125.238344
43.805064,125.238344
43.805064,125.238344
43.805064,125.238344
43.805064,125.238344
43.805064,125.238344
43.805064,125.238344
43.805064,125.238344
43.805045,125.238518
43.805045,125.238518
43.805045,125.238518
43.805045,125.238518
43.805045,125.238518
43.805045,125.238518
43.805045,125.238518
43.805045,125.238518
43.805045,125.238518
43.805045,125.238518
43.805045,125.238518
43.805045,125.238518
43.805045,125.238518
43.805045,125.238518
43.805045,125.238518
43.805045,125.238518
43.805045,125.238518
43.805045,125.238518
43.805045,125.238518
43.805045,125.238518
43.805038,125.238588
43.805038,125.238588
43.805038,125.238588
43.805038,125.238588
43.805038,125.238588
43.805038,125.238588
43.805038,125.238588
43.805038,125.238588
43.805038,125.238588
43.805038,125.238588
43.805038,125.238588
43.805038,125.238588
43.805038,125.238588
43.805038,125.238588
43.805038,125.238588
43.805038,125.238588
43.805038,125.238588
43.805038,125.238588
43.805038,125.238588
43.805038,125.238588
43.80501,125.238844
43.80501,125.238844
43.80501,125.238844
43.80501,125.238844
43.80501,125.238844
43.80501,125.238844
43.80501,125.238844
43.80501,125.238844
43.80501,125.238844
43.80501,125.238844
43.80501,125.238844
43.80501,125.238844
43.80501,125.238844
43.80501,125.238844
43.80501,125.238844
43.80501,125.238844
43.80501,125.238844
43.80501,125.238844
43.80501,125.238844
43.80501,125.238844
43.804978,125.239139
43.804978,125.239139
43.804978,125.239139
43.804978,125.239139
43.804978,125.239139
43.804978,125.239139
43.804978,125.239139
43.804978,125.239139
43.804978,125.239139
43.804978,125.239139
43.804978,125.239139
43.804978,125.239139
43.804978,125.239139
43.804978,125.239139
43.804978,125.239139
43.804978,125.239139
43.804978,125.239139
43.804978,125.239139
43.804978,125.239139
43.804978,125.239139
43.804936,125.239541
43.804936,125.239541
43.804936,125.239541
43.804936,125.239541
43.804936,125.239541
43.804936,125.239541
43.804936,125.239541
43.804936,125.239541
43.804936,125.239541
43.804936,125.239541
43.804936,125.239541
43.804936,125.239541
43.804936,125.239541
43.804936,125.239541
43.804936,125.239541
43.804936,125.239541
43.804936,125.239541
43.804936,125.239541
43.804936,125.239541
43.804936,125.239541
43.804913,125.239765
43.804913,125.239765
43.804913,125.239765
43.804913,125.239765
43.804913,125.239765
43.804913,125.239765
43.804913,125.239765
43.804913,125.239765
43.804913,125.239765
43.804913,125.239765
43.804913,125.239765
43.804913,125.239765
43.804913,125.239765
43.804913,125.239765
43.804913,125.239765
43.804913,125.239765
43.804913,125.239765
43.804913,125.239765
43.804913,125.239765
43.804913,125.239765
43.804889,125.240016
43.804889,125.240016
43.804889,125.240016
43.804889,125.240016
43.804889,125.240016
43.804889,125.240016
43.804889,125.240016
43.804889,125.240016
43.804889,125.240016
43.804889,125.240016
43.804889,125.240016
43.804889,125.240016
43.804889,125.240016
43.804889,125.240016
43.804889,125.240016
43.804889,125.240016
43.804889,125.240016
43.804889,125.240016
43.804889,125.240016
43.804889,125.240016
43.804865,125.240267
43.804865,125.240267
43.804865,125.240267
43.804865,125.240267
43.804865,125.240267
43.804865,125.240267
43.804865,125.240267
43.804865,125.240267
43.804865,125.240267
43.804865,125.240267
43.804865,125.240267
43.804865,125.240267
43.804865,125.240267
43.804865,125.240267
43.804865,125.240267
43.804865,125.240267
43.804865,125.240267
43.804865,125.240267
43.804865,125.240267
43.804865,125.240267
43.804844,125.240519
43.804844,125.240519
43.804844,125.240519
43.804844,125.240519
43.804844,125.240519
43.804844,125.240519
43.804844,125.240519
43.804844,125.240519
43.804844,125.240519
43.804844,125.240519
43.804844,125.240519
43.804844,125.240519
43.804844,125.240519
43.804844,125.240519
43.804844,125.240519
43.804844,125.240519
43.804844,125.240519
43.804844,125.240519
43.804844,125.240519
43.804844,125.240519
43.804826,125.240773
43.804826,125.240773
43.804826,125.240773
43.804826,125.240773
43.804826,125.240773
43.804826,125.240773
43.804826,125.240773
43.804826,125.240773
43.804826,125.240773
43.804826,125.240773
43.804826,125.240773
43.804826,125.240773
43.804826,125.240773
43.804826,125.240773
43.804826,125.240773
43.804826,125.240773
43.804826,125.240773
43.804826,125.240773
43.804826,125.240773
43.804826,125.240773
43.80481,125.241034
43.80481,125.241034
43.80481,125.241034
43.80481,125.241034
43.80481,125.241034
43.80481,125.241034
43.80481,125.241034
43.80481,125.241034
43.80481,125.241034
43.80481,125.241034
43.80481,125.241034
43.80481,125.241034
43.80481,125.241034
43.80481,125.241034
43.80481,125.241034
43.80481,125.241034
43.80481,125.241034
43.80481,125.241034
43.80481,125.241034
43.80481,125.241034
43.804795,125.241299
43.804795,125.241299
43.804795,125.241299
43.804795,125.241299
43.804795,125.241299
43.804795,125.241299
43.804795,125.241299
43.804795,125.241299
43.804795,125.241299
43.804795,125.241299
43.804795,125.241299
43.804795,125.241299
43.804795,125.241299
43.804795,125.241299
43.804795,125.241299
43.804795,125.241299
43.804795,125.241299
43.804795,125.241299
43.804795,125.241299
43.804795,125.241299
43.80478,125.241605
43.80478,125.241605
43.80478,125.241605
43.80478,125.241605
43.80478,125.241605
43.80478,125.241605
43.80478,125.241605
43.80478,125.241605
43.80478,125.241605
43.80478,125.241605
43.80478,125.241605
43.80478,125.241605
43.80478,125.241605
43.80478,125.241605
43.80478,125.241605
43.80478,125.241605
43.80478,125.241605
43.80478,125.241605
43.80478,125.241605
43.80478,125.241605
43.804767,125.241872
43.804767,125.241872
43.804767,125.241872
43.804767,125.241872
43.804767,125.241872
43.804767,125.241872
43.804767,125.241872
43.804767,125.241872
43.804767,125.241872
43.804767,125.241872
43.804767,125.241872
43.804767,125.241872
43.804767,125.241872
43.804767,125.241872
43.804767,125.241872
43.804767,125.241872
43.804767,125.241872
43.804767,125.241872
43.804767,125.241872
43.804767,125.241872
43.804757,125.242086
43.804757,125.242086
43.804757,125.242086
43.804757,125.242086
43.804757,125.242086
43.804757,125.242086
43.804757,125.242086
43.804757,125.242086
43.804757,125.242086
43.804757,125.242086
43.804757,125.242086
43.804757,125.242086
43.804757,125.242086
43.804757,125.242086
43.804757,125.242086
43.804757,125.242086
43.804757,125.242086
43.804757,125.242086
43.804757,125.242086
43.804757,125.242086
43.804746,125.242324
43.804746,125.242324
43.804746,125.242324
43.804746,125.242324
43.804746,125.242324
43.804746,125.242324
43.804746,125.242324
43.804746,125.242324
43.804746,125.242324
43.804746,125.242324
43.804746,125.242324
43.804746,125.242324
43.804746,125.242324
43.804746,125.242324
43.804746,125.242324
43.804746,125.242324
43.804746,125.242324
43.804746,125.242324
43.804746,125.242324
43.804746,125.242324
43.80473,125.242589
43.80473,125.242589
43.80473,125.242589
43.80473,125.242589
43.80473,125.242589
43.80473,125.242589
43.80473,125.242589
43.80473,125.242589
43.80473,125.242589
43.80473,125.242589
43.80473,125.242589
43.80473,125.242589
43.80473,125.242589
43.80473,125.242589
43.80473,125.242589
43.80473,125.242589
43.80473,125.242589
43.80473,125.242589
43.80473,125.242589
43.80473,125.242589
43.804711,125.242853
43.804711,125.242853
43.804711,125.242853
43.804711,125.242853
43.804711,125.242853
43.804711,125.242853
43.804711,125.242853
43.804711,125.242853
43.804711,125.242853
43.804711,125.242853
43.804711,125.242853
43.804711,125.242853
43.804711,125.242853
43.804711,125.242853
43.804711,125.242853
43.804711,125.242853
43.804711,125.242853
43.804711,125.242853
43.804711,125.242853
43.804711,125.242853
43.804697,125.243086
43.804697,125.243086
43.804697,125.243086
43.804697,125.243086
43.804697,125.243086
43.804697,125.243086
43.804697,125.243086
43.804697,125.243086
43.804697,125.243086
43.804697,125.243086
43.804697,125.243086
43.804697,125.243086
43.804697,125.243086
43.804697,125.243086
43.804697,125.243086
43.804697,125.243086
43.804697,125.243086
43.804697,125.243086
43.804697,125.243086
43.804697,125.243086
43.804682,125.24334
43.804682,125.24334
43.804682,125.24334
43.804682,125.24334
43.804682,125.24334
43.804682,125.24334
43.804682,125.24334
43.804682,125.24334
43.804682,125.24334
43.804682,125.24334
43.804682,125.24334
43.804682,125.24334
43.804682,125.24334
43.804682,125.24334
43.804682,125.24334
43.804682,125.24334
43.804682,125.24334
43.804682,125.24334
43.804682,125.24334
43.804682,125.24334
43.804669,125.24358
43.804669,125.24358
43.804669,125.24358
43.804669,125.24358
43.804669,125.24358
43.804669,125.24358
43.804669,125.24358
43.804669,125.24358
43.804669,125.24358
43.804669,125.24358
43.804669,125.24358
43.804669,125.24358
43.804669,125.24358
43.804669,125.24358
43.804669,125.24358
43.804669,125.24358
43.804669,125.24358
43.804669,125.24358
43.804669,125.24358
43.804669,125.24358
43.804656,125.243824
43.804656,125.243824
43.804656,125.243824
43.804656,125.243824
43.804656,125.243824
43.804656,125.243824
43.804656,125.243824
43.804656,125.243824
43.804656,125.243824
43.804656,125.243824
43.804656,125.243824
43.804656,125.243824
43.804656,125.243824
43.804656,125.243824
43.804656,125.243824
43.804656,125.243824
43.804656,125.243824
43.804656,125.243824
43.804656,125.243824
43.804656,125.243824
43.804643,125.244067
43.804643,125.244067
43.804643,125.244067
43.804643,125.244067
43.804643,125.244067
43.804643,125.244067
43.804643,125.244067
43.804643,125.244067
43.804643,125.244067
43.804643,125.244067
43.804643,125.244067
43.804643,125.244067
43.804643,125.244067
43.804643,125.244067
43.804643,125.244067
43.804643,125.244067
43.804643,125.244067
43.804643,125.244067
43.804643,125.244067
43.804643,125.244067
43.804632,125.244313
43.804632,125.244313
43.804632,125.244313
43.804632,125.244313
43.804632,125.244313
43.804632,125.244313
43.804632,125.244313
43.804632,125.244313
43.804632,125.244313
43.804632,125.244313
43.804632,125.244313
43.804632,125.244313
43.804632,125.244313
43.804632,125.244313
43.804632,125.244313
43.804632,125.244313
43.804632,125.244313
43.804632,125.244313
43.804632,125.244313
43.804632,125.244313
43.804623,125.244533
43.804623,125.244533
43.804623,125.244533
43.804623,125.244533
43.804623,125.244533
43.804623,125.244533
43.804623,125.244533
43.804623,125.244533
43.804623,125.244533
43.804623,125.244533
43.804623,125.244533
43.804623,125.244533
43.804623,125.244533
43.804623,125.244533
43.804623,125.244533
43.804623,125.244533
43.804623,125.244533
43.804623,125.244533
43.804623,125.244533
43.804623,125.244533
43.804614,125.244775
43.804614,125.244775
43.804614,125.244775
43.804614,125.244775
43.804614,125.244775
43.804614,125.244775
43.804614,125.244775
43.804614,125.244775
43.804614,125.244775
43.804614,125.244775
43.804614,125.244775
43.804614,125.244775
43.804614,125.244775
43.804614,125.244775
43.804614,125.244775
43.804614,125.244775
43.804614,125.244775
43.804614,125.244775
43.804614,125.244775
43.804614,125.244775
43.804606,125.245014
43.804606,125.245014
43.804606,125.245014
43.804606,125.245014
43.804606,125.245014
43.804606,125.245014
43.804606,125.245014
43.804606,125.245014
43.804606,125.245014
43.804606,125.245014
43.804606,125.245014
43.804606,125.245014
43.804606,125.245014
43.804606,125.245014
43.804606,125.245014
43.804606,125.245014
43.804606,125.245014
43.804606,125.245014
43.804606,125.245014
43.804606,125.245014
43.804598,125.245249
43.804598,125.245249
43.804598,125.245249
43.804598,125.245249
43.804598,125.245249
43.804598,125.245249
43.804598,125.245249
43.804598,125.245249
43.804598,125.245249
43.804598,125.245249
43.804598,125.245249
43.804598,125.245249
43.804598,125.245249
43.804598,125.245249
43.804598,125.245249
43.804598,125.245249
43.804598,125.245249
43.804598,125.245249
43.804598,125.245249
43.804598,125.245249
43.804587,125.245501
43.804587,125.245501
43.804587,125.245501
43.804587,125.245501
43.804587,125.245501
43.804587,125.245501
43.804587,125.245501
43.804587,125.245501
43.804587,125.245501
43.804587,125.245501
43.804587,125.245501
43.804587,125.245501
43.804587,125.245501
43.804587,125.245501
43.804587,125.245501
43.804587,125.245501
43.804587,125.245501
43.804587,125.245501
43.804587,125.245501
43.804587,125.245501
43.804576,125.245744
43.804576,125.245744
43.804576,125.245744
43.804576,125.245744
43.804576,125.245744
43.804576,125.245744
43.804576,125.245744
43.804576,125.245744
43.804576,125.245744
43.804576,125.245744
43.804576,125.245744
43.804576,125.245744
43.804576,125.245744
43.804576,125.245744
43.804576,125.245744
43.804576,125.245744
43.804576,125.245744
43.804576,125.245744
43.804576,125.245744
43.804576,125.245744
43.804566,125.245989
43.804566,125.245989
43.804566,125.245989
43.804566,125.245989
43.804566,125.245989
43.804566,125.245989
43.804566,125.245989
43.804566,125.245989
43.804566,125.245989
43.804566,125.245989
43.804566,125.245989
43.804566,125.245989
43.804566,125.245989
43.804566,125.245989
43.804566,125.245989
43.804566,125.245989
43.804566,125.245989
43.804566,125.245989
43.804566,125.245989
43.804566,125.245989
43.804561,125.24622
43.804561,125.24622
43.804561,125.24622
43.804561,125.24622
43.804561,125.24622
43.804561,125.24622
43.804561,125.24622
43.804561,125.24622
43.804561,125.24622
43.804561,125.24622
43.804561,125.24622
43.804561,125.24622
43.804561,125.24622
43.804561,125.24622
43.804561,125.24622
43.804561,125.24622
43.804561,125.24622
43.804561,125.24622
43.804561,125.24622
43.804561,125.24622
43.80456,125.246415
43.80456,125.246415
43.80456,125.246415
43.80456,125.246415
43.80456,125.246415
43.80456,125.246415
43.80456,125.246415
43.80456,125.246415
43.80456,125.246415
43.80456,125.246415
43.80456,125.246415
43.80456,125.246415
43.80456,125.246415
43.80456,125.246415
43.80456,125.246415
43.80456,125.246415
43.80456,125.246415
43.80456,125.246415
43.80456,125.246415
43.80456,125.246415
43.804559,125.246663
43.804559,125.246663
43.804559,125.246663
43.804559,125.246663
43.804559,125.246663
43.804559,125.246663
43.804559,125.246663
43.804559,125.246663
43.804559,125.246663
43.804559,125.246663
43.804559,125.246663
43.804559,125.246663
43.804559,125.246663
43.804559,125.246663
43.804559,125.246663
43.804559,125.246663
43.804559,125.246663
43.804559,125.246663
43.804559,125.246663
43.804559,125.246663
43.804557,125.246917
43.804557,125.246917
43.804557,125.246917
43.804557,125.246917
43.804557,125.246917
43.804557,125.246917
43.804557,125.246917
43.804557,125.246917
43.804557,125.246917
43.804557,125.246917
43.804557,125.246917
43.804557,125.246917
43.804557,125.246917
43.804557,125.246917
43.804557,125.246917
43.804557,125.246917
43.804557,125.246917
43.804557,125.246917
43.804557,125.246917
43.804557,125.246917
43.804555,125.247159
43.804555,125.247159
43.804555,125.247159
43.804555,125.247159
43.804555,125.247159
43.804555,125.247159
43.804555,125.247159
43.804555,125.247159
43.804555,125.247159
43.804555,125.247159
43.804555,125.247159
43.804555,125.247159
43.804555,125.247159
43.804555,125.247159
43.804555,125.247159
43.804555,125.247159
43.804555,125.247159
43.804555,125.247159
43.804555,125.247159
43.804555,125.247159
43.804553,125.24739
43.804553,125.24739
43.804553,125.24739
43.804553,125.24739
43.804553,125.24739
43.804553,125.24739
43.804553,125.24739
43.804553,125.24739
43.804553,125.24739
43.804553,125.24739
43.804553,125.24739
43.804553,125.24739
43.804553,125.24739
43.804553,125.24739
43.804553,125.24739
43.804553,125.24739
43.804553,125.24739
43.804553,125.24739
43.804553,125.24739
43.804553,125.24739
43.804551,125.247649
43.804551,125.247649
43.804551,125.247649
43.804551,125.247649
43.804551,125.247649
43.804551,125.247649
43.804551,125.247649
43.804551,125.247649
43.804551,125.247649
43.804551,125.247649
43.804551,125.247649
43.804551,125.247649
43.804551,125.247649
43.804551,125.247649
43.804551,125.247649
43.804551,125.247649
43.804551,125.247649
43.804551,125.247649
43.804551,125.247649
43.804551,125.247649
43.80455,125.247922
43.80455,125.247922
43.80455,125.247922
43.80455,125.247922
43.80455,125.247922
43.80455,125.247922
43.80455,125.247922
43.80455,125.247922
43.80455,125.247922
43.80455,125.247922
43.80455,125.247922
43.80455,125.247922
43.80455,125.247922
43.80455,125.247922
43.80455,125.247922
43.80455,125.247922
43.80455,125.247922
43.80455,125.247922
43.80455,125.247922
43.80455,125.247922
43.804549,125.248156
43.804549,125.248156
43.804549,125.248156
43.804549,125.248156
43.804549,125.248156
43.804549,125.248156
43.804549,125.248156
43.804549,125.248156
43.804549,125.248156
43.804549,125.248156
43.804549,125.248156
43.804549,125.248156
43.804549,125.248156
43.804549,125.248156
43.804549,125.248156
43.804549,125.248156
43.804549,125.248156
43.804549,125.248156
43.804549,125.248156
43.804549,125.248156
43.80455,125.248414
43.80455,125.248414
43.80455,125.248414
43.80455,125.248414
43.80455,125.248414
43.80455,125.248414
43.80455,125.248414
43.80455,125.248414
43.80455,125.248414
43.80455,125.248414
43.80455,125.248414
43.80455,125.248414
43.80455,125.248414
43.80455,125.248414
43.80455,125.248414
43.80455,125.248414
43.80455,125.248414
43.80455,125.248414
43.80455,125.248414
43.80455,125.248414
43.804549,125.248685
43.804549,125.248685
43.804549,125.248685
43.804549,125.248685
43.804549,125.248685
43.804549,125.248685
43.804549,125.248685
43.804549,125.248685
43.804549,125.248685
43.804549,125.248685
43.804549,125.248685
43.804549,125.248685
43.804549,125.248685
43.804549,125.248685
43.804549,125.248685
43.804549,125.248685
43.804549,125.248685
43.804549,125.248685
43.804549,125.248685
43.804549,125.248685
43.804547,125.248918
43.804547,125.248918
43.804547,125.248918
43.804547,125.248918
43.804547,125.248918
43.804547,125.248918
43.804547,125.248918
43.804547,125.248918
43.804547,125.248918
43.804547,125.248918
43.804547,125.248918
43.804547,125.248918
43.804547,125.248918
43.804547,125.248918
43.804547,125.248918
43.804547,125.248918
43.804547,125.248918
43.804547,125.248918
43.804547,125.248918
43.804547,125.248918
43.804545,125.249188
43.804545,125.249188
43.804545,125.249188
43.804545,125.249188
43.804545,125.249188
43.804545,125.249188
43.804545,125.249188
43.804545,125.249188
43.804545,125.249188
43.804545,125.249188
43.804545,125.249188
43.804545,125.249188
43.804545,125.249188
43.804545,125.249188
43.804545,125.249188
43.804545,125.249188
43.804545,125.249188
43.804545,125.249188
43.804545,125.249188
43.804545,125.249188
43.804542,125.249437
43.804542,125.249437
43.804542,125.249437
43.804542,125.249437
43.804542,125.249437
43.804542,125.249437
43.804542,125.249437
43.804542,125.249437
43.804542,125.249437
43.804542,125.249437
43.804542,125.249437
43.804542,125.249437
43.804542,125.249437
43.804542,125.249437
43.804542,125.249437
43.804542,125.249437
43.804542,125.249437
43.804542,125.249437
43.804542,125.249437
43.804542,125.249437
43.80454,125.249686
43.80454,125.249686
43.80454,125.249686
43.80454,125.249686
43.80454,125.249686
43.80454,125.249686
43.80454,125.249686
43.80454,125.249686
43.80454,125.249686
43.80454,125.249686
43.80454,125.249686
43.80454,125.249686
43.80454,125.249686
43.80454,125.249686
43.80454,125.249686
43.80454,125.249686
43.80454,125.249686
43.80454,125.249686
43.80454,125.249686
43.80454,125.249686
43.804539,125.24989
43.804539,125.24989
43.804539,125.24989
43.804539,125.24989
43.804539,125.24989
43.804539,125.24989
43.804539,125.24989
43.804539,125.24989
43.804539,125.24989
43.804539,125.24989
43.804539,125.24989
43.804539,125.24989
43.804539,125.24989
43.804539,125.24989
43.804539,125.24989
43.804539,125.24989
43.804539,125.24989
43.804539,125.24989
43.804539,125.24989
43.804539,125.24989
43.804538,125.250158
43.804538,125.250158
43.804538,125.250158
43.804538,125.250158
43.804538,125.250158
43.804538,125.250158
43.804538,125.250158
43.804538,125.250158
43.804538,125.250158
43.804538,125.250158
43.804538,125.250158
43.804538,125.250158
43.804538,125.250158
43.804538,125.250158
43.804538,125.250158
43.804538,125.250158
43.804538,125.250158
43.804538,125.250158
43.804538,125.250158
43.804538,125.250158
43.804536,125.250423
43.804536,125.250423
43.804536,125.250423
43.804536,125.250423
43.804536,125.250423
43.804536,125.250423
43.804536,125.250423
43.804536,125.250423
43.804536,125.250423
43.804536,125.250423
43.804536,125.250423
43.804536,125.250423
43.804536,125.250423
43.804536,125.250423
43.804536,125.250423
43.804536,125.250423
43.804536,125.250423
43.804536,125.250423
43.804536,125.250423
43.804536,125.250423
43.804534,125.250665
43.804534,125.250665
43.804534,125.250665
43.804534,125.250665
43.804534,125.250665
43.804534,125.250665
43.804534,125.250665
43.804534,125.250665
43.804534,125.250665
43.804534,125.250665
43.804534,125.250665
43.804534,125.250665
43.804534,125.250665
43.804534,125.250665
43.804534,125.250665
43.804534,125.250665
43.804534,125.250665
43.804534,125.250665
43.804534,125.250665
43.804534,125.250665
43.804533,125.250887
43.804533,125.250887
43.804533,125.250887
43.804533,125.250887
43.804533,125.250887
43.804533,125.250887
43.804533,125.250887
43.804533,125.250887
43.804533,125.250887
43.804533,125.250887
43.804533,125.250887
43.804533,125.250887
43.804533,125.250887
43.804533,125.250887
43.804533,125.250887
43.804533,125.250887
43.804533,125.250887
43.804533,125.250887
43.804533,125.250887
43.804533,125.250887
43.804532,125.251132
43.804532,125.251132
43.804532,125.251132
43.804532,125.251132
43.804532,125.251132
43.804532,125.251132
43.804532,125.251132
43.804532,125.251132
43.804532,125.251132
43.804532,125.251132
43.804532,125.251132
43.804532,125.251132
43.804532,125.251132
43.804532,125.251132
43.804532,125.251132
43.804532,125.251132
43.804532,125.251132
43.804532,125.251132
43.804532,125.251132
43.804532,125.251132
43.80453,125.251395
43.80453,125.251395
43.80453,125.251395
43.80453,125.251395
43.80453,125.251395
43.80453,125.251395
43.80453,125.251395
43.80453,125.251395
43.80453,125.251395
43.80453,125.251395
43.80453,125.251395
43.80453,125.251395
43.80453,125.251395
43.80453,125.251395
43.80453,125.251395
43.80453,125.251395
43.80453,125.251395
43.80453,125.251395
43.80453,125.251395
43.80453,125.251395
43.804528,125.251625
43.804528,125.251625
43.804528,125.251625
43.804528,125.251625
43.804528,125.251625
43.804528,125.251625
43.804528,125.251625
43.804528,125.251625
43.804528,125.251625
43.804528,125.251625
43.804528,125.251625
43.804528,125.251625
43.804528,125.251625
43.804528,125.251625
43.804528,125.251625
43.804528,125.251625
43.804528,125.251625
43.804528,125.251625
43.804528,125.251625
43.804528,125.251625
43.804526,125.251888
43.804526,125.251888
43.804526,125.251888
43.804526,125.251888
43.804526,125.251888
43.804526,125.251888
43.804526,125.251888
43.804526,125.251888
43.804526,125.251888
43.804526,125.251888
43.804526,125.251888
43.804526,125.251888
43.804526,125.251888
43.804526,125.251888
43.804526,125.251888
43.804526,125.251888
43.804526,125.251888
43.804526,125.251888
43.804526,125.251888
43.804526,125.251888
43.804524,125.25213
43.804524,125.25213
43.804524,125.25213
43.804524,125.25213
43.804524,125.25213
43.804524,125.25213
43.804524,125.25213
43.804524,125.25213
43.804524,125.25213
43.804524,125.25213
43.804524,125.25213
43.804524,125.25213
43.804524,125.25213
43.804524,125.25213
43.804524,125.25213
43.804524,125.25213
43.804524,125.25213
43.804524,125.25213
43.804524,125.25213
43.804524,125.25213
43.804525,125.25236
43.804525,125.25236
43.804525,125.25236
43.804525,125.25236
43.804525,125.25236
43.804525,125.25236
43.804525,125.25236
43.804525,125.25236
43.804525,125.25236
43.804525,125.25236
43.804525,125.25236
43.804525,125.25236
43.804525,125.25236
43.804525,125.25236
43.804525,125.25236
43.804525,125.25236
43.804525,125.25236
43.804525,125.25236
43.804525,125.25236
43.804525,125.25236
43.804526,125.25254
43.804526,125.25254
43.804526,125.25254
43.804526,125.25254
43.804526,125.25254
43.804526,125.25254
43.804526,125.25254
43.804526,125.25254
43.804526,125.25254
43.804526,125.25254
43.804526,125.25254
43.804526,125.25254
43.804526,125.25254
43.804526,125.25254
43.804526,125.25254
43.804526,125.25254
43.804526,125.25254
43.804526,125.25254
43.804526,125.25254
43.804526,125.25254
43.804527,125.252717
43.804527,125.252717
43.804527,125.252717
43.804527,125.252717
43.804527,125.252717
43.804527,125.252717
43.804527,125.252717
43.804527,125.252717
43.804527,125.252717
43.804527,125.252717
43.804527,125.252717
43.804527,125.252717
43.804527,125.252717
43.804527,125.252717
43.804527,125.252717
43.804527,125.252717
43.804527,125.252717
43.804527,125.252717
43.804527,125.252717
43.804527,125.252717
43.804526,125.252843
43.804526,125.252843
43.804526,125.252843
43.804526,125.252843
43.804526,125.252843
43.804526,125.252843
43.804526,125.252843
43.804526,125.252843
43.804526,125.252843
43.804526,125.252843
43.804526,125.252843
43.804526,125.252843
43.804526,125.252843
43.804526,125.252843
43.804526,125.252843
43.804526,125.252843
43.804526,125.252843
43.804526,125.252843
43.804526,125.252843
43.804526,125.252843
43.804524,125.252974
43.804524,125.252974
43.804524,125.252974
43.804524,125.252974
43.804524,125.252974
43.804524,125.252974
43.804524,125.252974
43.804524,125.252974
43.804524,125.252974
43.804524,125.252974
43.804524,125.252974
43.804524,125.252974
43.804524,125.252974
43.804524,125.252974
43.804524,125.252974
43.804524,125.252974
43.804524,125.252974
43.804524,125.252974
43.804524,125.252974
43.804524,125.252974
43.804522,125.253114
43.804522,125.253114
43.804522,125.253114
43.804522,125.253114
43.804522,125.253114
43.804522,125.253114
43.804522,125.253114
43.804522,125.253114
43.804522,125.253114
43.804522,125.253114
43.804522,125.253114
43.804522,125.253114
43.804522,125.253114
43.804522,125.253114
43.804522,125.253114
43.804522,125.253114
43.804522,125.253114
43.804522,125.253114
43.804522,125.253114
43.804522,125.253114
43.804521,125.253215
43.804521,125.253215
43.804521,125.253215
43.804521,125.253215
43.804521,125.253215
43.804521,125.253215
43.804521,125.253215
43.804521,125.253215
43.804521,125.253215
43.804521,125.253215
43.804521,125.253215
43.804521,125.253215
43.804521,125.253215
43.804521,125.253215
43.804521,125.253215
43.804521,125.253215
43.804521,125.253215
43.804521,125.253215
43.804521,125.253215
43.804521,125.253215
43.80452,125.253345
43.80452,125.253345
43.80452,125.253345
43.80452,125.253345
43.80452,125.253345
43.80452,125.253345
43.80452,125.253345
43.80452,125.253345
43.80452,125.253345
43.80452,125.253345
43.80452,125.253345
43.80452,125.253345
43.80452,125.253345
43.80452,125.253345
43.80452,125.253345
43.80452,125.253345
43.80452,125.253345
43.80452,125.253345
43.80452,125.253345
43.80452,125.253345
43.80452,125.253494
43.80452,125.253494
43.80452,125.253494
43.80452,125.253494
43.80452,125.253494
43.80452,125.253494
43.80452,125.253494
43.80452,125.253494
43.80452,125.253494
43.80452,125.253494
43.80452,125.253494
43.80452,125.253494
43.80452,125.253494
43.80452,125.253494
43.80452,125.253494
43.80452,125.253494
43.80452,125.253494
43.80452,125.253494
43.80452,125.253494
43.80452,125.253494
43.80452,125.253633
43.80452,125.253633
43.80452,125.253633
43.80452,125.253633
43.80452,125.253633
43.80452,125.253633
43.80452,125.253633
43.80452,125.253633
43.80452,125.253633
43.80452,125.253633
43.80452,125.253633
43.80452,125.253633
43.80452,125.253633
43.80452,125.253633
43.80452,125.253633
43.80452,125.253633
43.80452,125.253633
43.80452,125.253633
43.80452,125.253633
43.80452,125.253633
43.804518,125.253782
43.804518,125.253782
43.804518,125.253782
43.804518,125.253782
43.804518,125.253782
43.804518,125.253782
43.804518,125.253782
43.804518,125.253782
43.804518,125.253782
43.804518,125.253782
43.804518,125.253782
43.804518,125.253782
43.804518,125.253782
43.804518,125.253782
43.804518,125.253782
43.804518,125.253782
43.804518,125.253782
43.804518,125.253782
43.804518,125.253782
43.804518,125.253782
43.804517,125.253919
43.804517,125.253919
43.804517,125.253919
43.804517,125.253919
43.804517,125.253919
43.804517,125.253919
43.804517,125.253919
43.804517,125.253919
43.804517,125.253919
43.804517,125.253919
43.804517,125.253919
43.804517,125.253919
43.804517,125.253919
43.804517,125.253919
43.804517,125.253919
43.804517,125.253919
43.804517,125.253919
43.804517,125.253919
43.804517,125.253919
43.804517,125.253919
43.804517,125.254026
43.804517,125.254026
43.804517,125.254026
43.804517,125.254026
43.804517,125.254026
43.804517,125.254026
43.804517,125.254026
43.804517,125.254026
43.804517,125.254026
43.804517,125.254026
43.804517,125.254026
43.804517,125.254026
43.804517,125.254026
43.804517,125.254026
43.804517,125.254026
43.804517,125.254026
43.804517,125.254026
43.804517,125.254026
43.804517,125.254026
43.804517,125.254026
43.804518,125.254125
43.804518,125.254125
43.804518,125.254125
43.804518,125.254125
43.804518,125.254125
43.804518,125.254125
43.804518,125.254125
43.804518,125.254125
43.804518,125.254125
43.804518,125.254125
43.804518,125.254125
43.804518,125.254125
43.804518,125.254125
43.804518,125.254125
43.804518,125.254125
43.804518,125.254125
43.804518,125.254125
43.804518,125.254125
43.804518,125.254125
43.804518,125.254125
43.804518,125.254197
43.804518,125.254197
43.804518,125.254197
43.804518,125.254197
43.804518,125.254197
43.804518,125.254197
43.804518,125.254197
43.804518,125.254197
43.804518,125.254197
43.804518,125.254197
43.804518,125.254197
43.804518,125.254197
43.804518,125.254197
43.804518,125.254197
43.804518,125.254197
43.804518,125.254197
43.804518,125.254197
43.804518,125.254197
43.804518,125.254197
43.804518,125.254197
43.804518,125.254272
43.804518,125.254272
43.804518,125.254272
43.804518,125.254272
43.804518,125.254272
43.804518,125.254272
43.804518,125.254272
43.804518,125.254272
43.804518,125.254272
43.804518,125.254272
43.804518,125.254272
43.804518,125.254272
43.804518,125.254272
43.804518,125.254272
43.804518,125.254272
43.804518,125.254272
43.804518,125.254272
43.804518,125.254272
43.804518,125.254272
43.804518,125.254272
43.804517,125.254328
43.804517,125.254328
43.804517,125.254328
43.804517,125.254328
43.804517,125.254328
43.804517,125.254328
43.804517,125.254328
43.804517,125.254328
43.804517,125.254328
43.804517,125.254328
43.804517,125.254328
43.804517,125.254328
43.804517,125.254328
43.804517,125.254328
43.804517,125.254328
43.804517,125.254328
43.804517,125.254328
43.804517,125.254328
43.804517,125.254328
43.804517,125.254328
43.804517,125.254379
43.804517,125.254379
43.804517,125.254379
43.804517,125.254379
43.804517,125.254379
43.804517,125.254379
43.804517,125.254379
43.804517,125.254379
43.804517,125.254379
43.804517,125.254379
43.804517,125.254379
43.804517,125.254379
43.804517,125.254379
43.804517,125.254379
43.804517,125.254379
43.804517,125.254379
43.804517,125.254379
43.804517,125.254379
43.804517,125.254379
43.804517,125.254379
43.804517,125.254413
43.804517,125.254413
43.804517,125.254413
43.804517,125.254413
43.804517,125.254413
43.804517,125.254413
43.804517,125.254413
43.804517,125.254413
43.804517,125.254413
43.804517,125.254413
43.804517,125.254413
43.804517,125.254413
43.804517,125.254413
43.804517,125.254413
43.804517,125.254413
43.804517,125.254413
43.804517,125.254413
43.804517,125.254413
43.804517,125.254413
43.804517,125.254413
43.804517,125.254442
43.804517,125.254442
43.804517,125.254442
43.804517,125.254442
43.804517,125.254442
43.804517,125.254442
43.804517,125.254442
43.804517,125.254442
43.804517,125.254442
43.804517,125.254442
43.804517,125.254442
43.804517,125.254442
43.804517,125.254442
43.804517,125.254442
43.804517,125.254442
43.804517,125.254442
43.804517,125.254442
43.804517,125.254442
43.804517,125.254442
43.804517,125.254442
43.804517,125.254458
43.804517,125.254458
43.804517,125.254458
43.804517,125.254458
43.804517,125.254458
43.804517,125.254458
43.804517,125.254458
43.804517,125.254458
43.804517,125.254458
43.804517,125.254458
43.804517,125.254458
43.804517,125.254458
43.804517,125.254458
43.804517,125.254458
43.804517,125.254458
43.804517,125.254458
43.804517,125.254458
43.804517,125.254458
43.804517,125.254458
43.804517,125.254458
43.804517,125.254473
43.804517,125.254473
43.804517,125.254473
43.804517,125.254473
43.804517,125.254473
43.804517,125.254473
43.804517,125.254473
43.804517,125.254473
43.804517,125.254473
43.804517,125.254473
43.804517,125.254473
43.804517,125.254473
43.804517,125.254473
43.804517,125.254473
43.804517,125.254473
43.804517,125.254473
43.804517,125.254473
43.804517,125.254473
43.804517,125.254473
43.804517,125.254473
43.804517,125.254484
43.804517,125.254484
43.804517,125.254484
43.804517,125.254484
43.804517,125.254484
43.804517,125.254484
43.804517,125.254484
43.804517,125.254484
43.804517,125.254484
43.804517,125.254484
43.804517,125.254484
43.804517,125.254484
43.804517,125.254484
43.804517,125.254484
43.804517,125.254484
43.804517,125.254484
43.804517,125.254484
43.804517,125.254484
43.804517,125.254484
43.804517,125.254484
43.804517,125.2545
43.804517,125.2545
43.804517,125.2545
43.804517,125.2545
43.804517,125.2545
43.804517,125.2545
43.804517,125.2545
43.804517,125.2545
43.804517,125.2545
43.804517,125.2545
43.804517,125.2545
43.804517,125.2545
43.804517,125.2545
43.804517,125.2545
43.804517,125.2545
43.804517,125.2545
43.804517,125.2545
43.804517,125.2545
43.804517,125.2545
43.804517,125.2545
43.804517,125.254517
43.804517,125.254517
43.804517,125.254517
43.804517,125.254517
43.804517,125.254517
43.804517,125.254517
43.804517,125.254517
43.804517,125.254517
43.804517,125.254517
43.804517,125.254517
43.804517,125.254517
43.804517,125.254517
43.804517,125.254517
43.804517,125.254517
43.804517,125.254517
43.804517,125.254517
43.804517,125.254517
43.804517,125.254517
43.804517,125.254517
43.804517,125.254517
43.804517,125.254532
43.804517,125.254532
43.804517,125.254532
43.804517,125.254532
43.804517,125.254532
43.804517,125.254532
43.804517,125.254532
43.804517,125.254532
43.804517,125.254532
43.804517,125.254532
43.804517,125.254532
43.804517,125.254532
43.804517,125.254532
43.804517,125.254532
43.804517,125.254532
43.804517,125.254532
43.804517,125.254532
43.804517,125.254532
43.804517,125.254532
43.804517,125.254532
43.804517,125.254542
43.804517,125.254542
43.804517,125.254542
43.804517,125.254542
43.804517,125.254542
43.804517,125.254542
43.804517,125.254542
43.804517,125.254542
43.804517,125.254542
43.804517,125.254542
43.804517,125.254542
43.804517,125.254542
43.804517,125.254542
43.804517,125.254542
43.804517,125.254542
43.804517,125.254542
43.804517,125.254542
43.804517,125.254542
43.804517,125.254546
43.804517,125.254546
43.804517,125.254546
43.804517,125.254546
43.804517,125.254546
43.804517,125.254546
43.804517,125.254546
43.804517,125.254546
43.804517,125.254546
43.804517,125.254546
43.804517,125.254546
43.804517,125.254546
43.804517,125.254546
43.804517,125.254546
43.804517,125.254546
43.804517,125.254546
43.804517,125.254546
43.804517,125.254546
43.804517,125.254546
43.804517,125.254546
43.804517,125.254546
43.804517,125.254546
43.804517,125.254546
43.804517,125.254546
43.804517,125.254546
43.804517,125.254546
43.804517,125.254546
43.804517,125.254546
43.804517,125.254546
43.804517,125.254546
43.804517,125.254546
43.804517,125.254546
43.804517,125.254546
43.804517,125.254546
43.804517,125.254546
43.804517,125.254546
43.804517,125.254546
43.804517,125.254546
43.804517,125.254546
43.804517,125.254546
43.804517,125.254546
43.804517,125.254546
43.804517,125.254546
43.804517,125.254546
43.804517,125.254546
43.804517,125.254546
43.804517,125.254546
43.804517,125.254546
43.804517,125.254546
43.804517,125.254546
43.804517,125.254546
43.804517,125.254546
43.804517,125.254546
43.804517,125.254546
43.804517,125.254546
43.804517,125.254546
43.804517,125.254546
43.804517,125.254546
43.804517,125.254546
43.804517,125.254546
43.804517,125.254546
43.804517,125.254546
43.804517,125.254546
43.804517,125.254546
43.804517,125.254546
43.804517,125.254546
43.804517,125.254546
43.804517,125.254546
43.804517,125.254546
43.804517,125.254546
43.804517,125.254546
43.804517,125.254546
43.804517,125.254546
43.804517,125.254546
43.804517,125.254546
43.804517,125.254546
43.804517,125.254546
43.804517,125.254546
43.804517,125.254546
43.804517,125.254546
43.804517,125.254546
43.804517,125.254546
43.804517,125.254546
43.804517,125.254546
43.804517,125.254546
43.804517,125.254546
43.804517,125.254546
43.804517,125.254546
43.804517,125.254546
43.804517,125.254546
43.804517,125.254546
43.804517,125.254546
43.804517,125.254546
43.804517,125.254546
43.804517,125.254546
43.804517,125.254546
43.804517,125.254546
43.804517,125.254546
43.804517,125.254546
43.804517,125.254546
43.804517,125.254546
43.804517,125.254546
43.804517,125.254546
43.804517,125.254546
43.804517,125.254546
43.804517,125.254546
43.804517,125.254546
43.804517,125.254546
43.804517,125.254546
43.804517,125.254546
43.804517,125.254546
43.804517,125.254546
43.804517,125.254546
43.804517,125.254546
43.804517,125.254546
43.804517,125.254546
43.804517,125.254546
43.804517,125.254546
43.804517,125.254546
43.804517,125.254546
43.804517,125.254546
43.804517,125.254546
43.804517,125.254546
43.804517,125.254546
43.804517,125.254546
43.804517,125.254546
43.804517,125.254546
43.804517,125.254546
43.804517,125.254546
43.804517,125.254546
43.804517,125.254546
43.804517,125.254546
43.804517,125.254546
43.804517,125.254546
43.804517,125.254546
43.804517,125.254546
43.804517,125.254546
43.804517,125.254546
43.804517,125.254546
43.804517,125.254546
43.804517,125.254546
43.804517,125.254546
43.804517,125.254546
43.804517,125.254546
43.804517,125.254546
43.804517,125.254546
43.804517,125.254546
43.804517,125.254546
43.804517,125.254546
43.804517,125.254546
43.804517,125.254546
43.804517,125.254546
43.804517,125.254546
43.804517,125.254546
43.804517,125.254546
43.804517,125.254546
43.804517,125.254546
43.804517,125.254546
43.804517,125.254546
43.804517,125.254546
43.804517,125.254546
43.804517,125.254546
43.804517,125.254546
43.804517,125.254546
43.804517,125.254546
43.804517,125.254546
43.804517,125.254546
43.804517,125.254546
43.804517,125.254546
43.804517,125.254546
43.804517,125.254546
43.804517,125.254546
43.804517,125.254546
43.804517,125.254546
43.804517,125.254546
43.804517,125.254546
43.804517,125.254546
43.804517,125.254546
43.804517,125.254546
43.804517,125.254546
43.804517,125.254546
43.804517,125.254546
43.804517,125.254546
43.804517,125.254546
43.804517,125.254546
43.804517,125.254546
43.804517,125.254546
43.804517,125.254546
43.804517,125.254546
43.804517,125.254546
43.804517,125.254546
43.804517,125.254546
43.804517,125.254546
43.804517,125.254546
43.804517,125.254546
43.804517,125.254546
43.804517,125.254546
43.804517,125.254546
43.804517,125.254546
43.804517,125.254546
43.804517,125.254546
43.804517,125.254546
43.804517,125.254546
43.804517,125.254546
43.804517,125.254546
43.804517,125.254546
43.804517,125.254546
43.804517,125.254546
43.804517,125.254546
43.804517,125.254546
43.804517,125.254546
43.804517,125.254546
43.804517,125.254546
43.804517,125.254546
43.804517,125.254546
43.804517,125.254546
43.804517,125.254546
43.804517,125.254546
43.804517,125.254546
43.804517,125.254546
43.804517,125.254546
43.804517,125.254546
43.804517,125.254546
43.804517,125.254546
43.804517,125.254546
43.804517,125.254546
43.804517,125.254546
43.804517,125.254546
43.804517,125.254546
43.804517,125.254546
43.804517,125.254546
43.804517,125.254546
43.804517,125.254546
43.804517,125.254546
43.804517,125.254546
43.804517,125.254546
43.804517,125.254546
43.804517,125.254546
43.804517,125.254546
43.804517,125.254546
43.804517,125.254546
43.804517,125.254546
43.804517,125.254546
43.804517,125.254546
43.804517,125.254546
43.804517,125.254546
43.804517,125.254546
43.804517,125.254546
43.804517,125.254546
43.804517,125.254546
43.804517,125.254546
43.804517,125.254546
43.804517,125.254546
43.804517,125.254546
43.804517,125.254546
43.804517,125.254546
43.804517,125.254546
43.804517,125.254546
43.804517,125.254546
43.804517,125.254546
43.804517,125.254546
43.804517,125.254546
43.804517,125.254546
43.804517,125.254546
43.804517,125.254546
43.804517,125.254546
43.804517,125.254546
43.804517,125.254546
43.804517,125.254546
43.804517,125.254546
43.804517,125.254546
43.804517,125.254546
43.804517,125.254546
43.804517,125.254546
43.804517,125.254546
43.804517,125.254546
43.804517,125.254546
43.804517,125.254546
43.804517,125.254546
43.804517,125.254546
43.804517,125.254546
43.804517,125.254546
43.804517,125.254546
43.804517,125.254546
43.804517,125.254546
43.804517,125.254546
43.804517,125.254546
43.804517,125.254546
43.804517,125.254546
43.804517,125.254546
43.804517,125.254546
43.804517,125.254546
43.804517,125.254546
43.804517,125.254546
43.804517,125.254546
43.804517,125.254546
43.804517,125.254546
43.804517,125.254546
43.804517,125.254546
43.804517,125.254546
43.804517,125.254546
43.804517,125.254546
43.804517,125.254546
43.804517,125.254546
43.804517,125.254546
43.804517,125.254546
43.804517,125.254546
43.804517,125.254546
43.804517,125.254546
43.804517,125.254546
43.804517,125.254546
43.804517,125.254546
43.804517,125.254546
43.804517,125.254546
43.804517,125.254546
43.804517,125.254546
43.804517,125.254546
43.804517,125.254546
43.804517,125.254546
43.804517,125.254546
43.804517,125.254546
43.804517,125.254546
43.804517,125.254546
43.804517,125.254546
43.804517,125.254546
43.804517,125.254546
43.804517,125.254546
43.804517,125.254546
43.804517,125.254546
43.804517,125.254546
43.804517,125.254546
43.804517,125.254546
43.804517,125.254546
43.804517,125.254546
43.804517,125.254546
43.804517,125.254546
43.804517,125.254546
43.804517,125.254546
43.804517,125.254546
43.804517,125.254546
43.804517,125.254546
43.804517,125.254546
43.804517,125.254546
43.804517,125.254546
43.804517,125.254546
43.804517,125.254546
43.804517,125.254546
43.804517,125.254546
43.804517,125.254546
43.804517,125.254546
43.804517,125.254546
43.804517,125.254546
43.804517,125.254546
43.804517,125.254546
43.804517,125.254546
43.804517,125.254546
43.804517,125.254546
43.804517,125.254546
43.804517,125.254546
43.804517,125.254546
43.804517,125.254546
43.804517,125.254546
43.804517,125.254546
43.804517,125.254546
43.804517,125.254546
43.804517,125.254546
43.804517,125.254546
43.804517,125.254546
43.804517,125.254546
43.804517,125.254546
43.804517,125.254546
43.804517,125.254546
43.804517,125.254546
43.804517,125.254546
43.804517,125.254546
43.804517,125.254546
43.804517,125.254546
43.804517,125.254546
43.804517,125.254546
43.804517,125.254546
43.804517,125.254546
43.804517,125.254546
43.804517,125.254546
43.804517,125.254546
43.804517,125.254546
43.804517,125.254546
43.804517,125.254546
43.804517,125.254546
43.804517,125.254546
43.804517,125.254546
43.804517,125.254546
43.804517,125.254546
43.804517,125.254546
43.804517,125.254546
43.804517,125.254546
43.804517,125.254546
43.804517,125.254546
43.804517,125.254546
43.804517,125.254546
43.804517,125.254546
43.804517,125.254546
43.804517,125.254546
43.804517,125.254546
43.804517,125.254546
43.804517,125.254546
43.804517,125.254546
43.804517,125.254546
43.804517,125.254546
43.804517,125.254546
43.804517,125.254546
43.804517,125.254546
43.804517,125.254546
43.804517,125.254546
43.804517,125.254546
43.804517,125.254546
43.804517,125.254546
43.804517,125.254546
43.804517,125.254546
43.804517,125.254546
43.804517,125.254546
43.804517,125.254546
43.804517,125.254546
43.804517,125.254546
43.804517,125.254546
43.804517,125.254546
43.804517,125.254546
43.804517,125.254546
43.804517,125.254546
43.804517,125.254546
43.804517,125.254546
43.804517,125.254546
43.804517,125.254546
43.804517,125.254546
43.804517,125.254546
43.804517,125.254546
43.804517,125.254546
43.804517,125.254546
43.804517,125.254546
43.804517,125.254546
43.804517,125.254546
43.804517,125.254546
43.804517,125.254546
43.804517,125.254546
43.804517,125.254546
43.804517,125.254546
43.804517,125.254546
43.804517,125.254546
43.804517,125.254546
43.804517,125.254546
43.804517,125.254546
43.804517,125.254546
43.804517,125.254546
43.804517,125.254546
43.804517,125.254546
43.804517,125.254546
43.804517,125.254546
43.804517,125.254546
43.804517,125.254546
43.804517,125.254546
43.804517,125.254546
43.804517,125.254546
43.804517,125.254546
43.804517,125.254546
43.804517,125.254546
43.804517,125.254546
43.804517,125.254546
43.804517,125.254546
43.804517,125.254546
43.804517,125.254546
43.804517,125.254546
43.804517,125.254546
43.804517,125.254546
43.804517,125.254546
43.804517,125.254546
43.804517,125.254546
43.804517,125.254546
43.804517,125.254546
43.804517,125.254546
43.804517,125.254546
43.804517,125.254546
43.804517,125.254546
43.804517,125.254546
43.804517,125.254546
43.804517,125.254546
43.804517,125.254546
43.804517,125.254546
43.804517,125.254546
43.804517,125.254546
43.804517,125.254546
43.804517,125.254546
43.804517,125.254546
43.804517,125.254546
43.804517,125.254546
43.804517,125.254546
43.804517,125.254546
43.804517,125.254546
43.804517,125.254546
43.804517,125.254546
43.804517,125.254546
43.804517,125.254546
43.804517,125.254546
43.804517,125.254546
43.804517,125.254546
43.804517,125.254546
43.804517,125.254546
43.804517,125.254546
43.804517,125.254546
43.804517,125.254546
43.804517,125.254546
43.804517,125.254546
43.804517,125.254546
43.804517,125.254546
43.804517,125.254546
43.804517,125.254546
43.804517,125.254546
43.804517,125.254546
43.804517,125.254546
43.804517,125.254546
43.804517,125.254546
43.804517,125.254546
43.804517,125.254546
43.804517,125.254546
43.804517,125.254546
43.804517,125.254546
43.804517,125.254546
43.804517,125.254546
43.804517,125.254546
43.804517,125.254546
43.804517,125.254546
43.804517,125.254546
43.804517,125.254546
43.804517,125.254546
43.804517,125.254546
43.804517,125.254546
43.804517,125.254546
43.804517,125.254546
43.804517,125.254546
43.804517,125.254546
43.804517,125.254546
43.804517,125.254546
43.804517,125.254546
43.804517,125.254546
43.804517,125.254546
43.804517,125.254546
43.804517,125.254546
43.804517,125.254546
43.804517,125.254546
43.804517,125.254546
43.804517,125.254546
43.804517,125.254546
43.804517,125.254546
43.804517,125.254546
43.804517,125.254546
43.804517,125.254546
43.804517,125.254546
43.804517,125.254546
43.804517,125.254546
43.804517,125.254546
43.804517,125.254546
43.804517,125.254546
43.804517,125.254546
43.804517,125.254546
43.804517,125.254546
43.804517,125.254546
43.804517,125.254546
43.804517,125.254546
43.804517,125.254546
43.804517,125.254546
43.804517,125.254546
43.804517,125.254546
43.804517,125.254546
43.804517,125.254546
43.804517,125.254546
43.804517,125.254546
43.804517,125.254546
43.804517,125.254546
43.804517,125.254546
43.804517,125.254546
43.804517,125.254546
43.804517,125.254546
43.804517,125.254546
43.804517,125.254546
43.804517,125.254546
43.804517,125.254546
43.804517,125.254546
43.804517,125.254546
43.804517,125.254546
43.804517,125.254546
43.804517,125.254546
43.804517,125.254546
43.804517,125.254546
43.804517,125.254546
43.804517,125.254546
43.804517,125.254546
43.804517,125.254546
43.804517,125.254546
43.804517,125.254546
43.804517,125.254546
43.804517,125.254546
43.804517,125.254546
43.804517,125.254546
43.804517,125.254546
43.804517,125.254546
43.804517,125.254546
43.804517,125.254546
43.804517,125.254546
43.804517,125.254546
43.804517,125.254546
43.804517,125.254546
43.804517,125.254546
43.804517,125.254546
43.804517,125.254546
43.804517,125.254546
43.804517,125.254546
43.804517,125.254546
43.804517,125.254546
43.804517,125.254546
43.804517,125.254546
43.804517,125.254546
43.804517,125.254546
43.804517,125.254546
43.804517,125.254546
43.804517,125.254546
43.804517,125.254546
43.804517,125.254546
43.804517,125.254546
43.804517,125.254546
43.804517,125.254546
43.804517,125.254546
43.804517,125.254546
43.804517,125.254546
43.804517,125.254546
43.804517,125.254546
43.804517,125.254546
43.804517,125.254546
43.804517,125.254546
43.804517,125.254546
43.804517,125.254546
43.804517,125.254546
43.804517,125.254546
43.804517,125.254546
43.804517,125.254546
43.804517,125.254546
43.804517,125.254546
43.804517,125.254546
43.804517,125.254546
43.804517,125.254546
43.804517,125.254546
43.804517,125.254546
43.804517,125.254546
43.804517,125.254546
43.804517,125.254546
43.804517,125.254546
43.804517,125.254546
43.804517,125.254546
43.804517,125.254546
43.804517,125.254545
43.804517,125.254545
43.804517,125.254545
43.804517,125.254545
43.804517,125.254545
43.804517,125.254545
43.804517,125.254545
43.804517,125.254545
43.804517,125.254545
43.804517,125.254545
43.804517,125.254545
43.804517,125.254545
43.804517,125.254545
43.804517,125.254545
43.804517,125.254545
43.804517,125.254545
43.804517,125.254545
43.804517,125.254545
43.804517,125.254545
43.804517,125.254545
43.804517,125.25456
43.804517,125.25456
43.804517,125.25456
43.804517,125.25456
43.804517,125.25456
43.804517,125.25456
43.804517,125.25456
43.804517,125.25456
43.804517,125.25456
43.804517,125.25456
43.804517,125.25456
43.804517,125.25456
43.804517,125.25456
43.804517,125.25456
43.804517,125.25456
43.804517,125.25456
43.804517,125.25456
43.804517,125.25456
43.804517,125.25456
43.804517,125.25456
43.804517,125.254595
43.804517,125.254595
43.804517,125.254595
43.804517,125.254595
43.804517,125.254595
43.804517,125.254595
43.804517,125.254595
43.804517,125.254595
43.804517,125.254595
43.804517,125.254595
43.804517,125.254595
43.804517,125.254595
43.804517,125.254595
43.804517,125.254595
43.804517,125.254595
43.804517,125.254595
43.804517,125.254595
43.804517,125.254595
43.804517,125.254595
43.804517,125.254595
43.804517,125.254644
43.804517,125.254644
43.804517,125.254644
43.804517,125.254644
43.804517,125.254644
43.804517,125.254644
43.804517,125.254644
43.804517,125.254644
43.804517,125.254644
43.804517,125.254644
43.804517,125.254644
43.804517,125.254644
43.804517,125.254644
43.804517,125.254644
43.804517,125.254644
43.804517,125.254644
43.804517,125.254644
43.804517,125.254644
43.804517,125.254644
43.804517,125.254644
43.804517,125.2547
43.804517,125.2547
43.804517,125.2547
43.804517,125.2547
43.804517,125.2547
43.804517,125.2547
43.804517,125.2547
43.804517,125.2547
43.804517,125.2547
43.804517,125.2547
43.804517,125.2547
43.804517,125.2547
43.804517,125.2547
43.804517,125.2547
43.804517,125.2547
43.804517,125.2547
43.804517,125.2547
43.804517,125.2547
43.804517,125.2547
43.804517,125.2547
43.804516,125.254776
43.804516,125.254776
43.804516,125.254776
43.804516,125.254776
43.804516,125.254776
43.804516,125.254776
43.804516,125.254776
43.804516,125.254776
43.804516,125.254776
43.804516,125.254776
43.804516,125.254776
43.804516,125.254776
43.804516,125.254776
43.804516,125.254776
43.804516,125.254776
43.804516,125.254776
43.804516,125.254776
43.804516,125.254776
43.804516,125.254776
43.804516,125.254776
43.804515,125.254859
43.804515,125.254859
43.804515,125.254859
43.804515,125.254859
43.804515,125.254859
43.804515,125.254859
43.804515,125.254859
43.804515,125.254859
43.804515,125.254859
43.804515,125.254859
43.804515,125.254859
43.804515,125.254859
43.804515,125.254859
43.804515,125.254859
43.804515,125.254859
43.804515,125.254859
43.804515,125.254859
43.804515,125.254859
43.804515,125.254859
43.804515,125.254859
43.804514,125.25495
43.804514,125.25495
43.804514,125.25495
43.804514,125.25495
43.804514,125.25495
43.804514,125.25495
43.804514,125.25495
43.804514,125.25495
43.804514,125.25495
43.804514,125.25495
43.804514,125.25495
43.804514,125.25495
43.804514,125.25495
43.804514,125.25495
43.804514,125.25495
43.804514,125.25495
43.804514,125.25495
43.804514,125.25495
43.804514,125.25495
43.804514,125.25495
43.804513,125.25505
43.804513,125.25505
43.804513,125.25505
43.804513,125.25505
43.804513,125.25505
43.804513,125.25505
43.804513,125.25505
43.804513,125.25505
43.804513,125.25505
43.804513,125.25505
43.804513,125.25505
43.804513,125.25505
43.804513,125.25505
43.804513,125.25505
43.804513,125.25505
43.804513,125.25505
43.804513,125.25505
43.804513,125.25505
43.804513,125.25505
43.804513,125.25505
43.804513,125.255161
43.804513,125.255161
43.804513,125.255161
43.804513,125.255161
43.804513,125.255161
43.804513,125.255161
43.804513,125.255161
43.804513,125.255161
43.804513,125.255161
43.804513,125.255161
43.804513,125.255161
43.804513,125.255161
43.804513,125.255161
43.804513,125.255161
43.804513,125.255161
43.804513,125.255161
43.804513,125.255161
43.804513,125.255161
43.804513,125.255161
43.804513,125.255161
43.804513,125.255265
43.804513,125.255265
43.804513,125.255265
43.804513,125.255265
43.804513,125.255265
43.804513,125.255265
43.804513,125.255265
43.804513,125.255265
43.804513,125.255265
43.804513,125.255265
43.804513,125.255265
43.804513,125.255265
43.804513,125.255265
43.804513,125.255265
43.804513,125.255265
43.804513,125.255265
43.804513,125.255265
43.804513,125.255265
43.804513,125.255265
43.804513,125.255265
43.804513,125.255386
43.804513,125.255386
43.804513,125.255386
43.804513,125.255386
43.804513,125.255386
43.804513,125.255386
43.804513,125.255386
43.804513,125.255386
43.804513,125.255386
43.804513,125.255386
43.804513,125.255386
43.804513,125.255386
43.804513,125.255386
43.804513,125.255386
43.804513,125.255386
43.804513,125.255386
43.804513,125.255386
43.804513,125.255386
43.804513,125.255386
43.804513,125.255386
43.804514,125.255518
43.804514,125.255518
43.804514,125.255518
43.804514,125.255518
43.804514,125.255518
43.804514,125.255518
43.804514,125.255518
43.804514,125.255518
43.804514,125.255518
43.804514,125.255518
43.804514,125.255518
43.804514,125.255518
43.804514,125.255518
43.804514,125.255518
43.804514,125.255518
43.804514,125.255518
43.804514,125.255518
43.804514,125.255518
43.804514,125.255518
43.804514,125.255518
43.804515,125.255647
43.804515,125.255647
43.804515,125.255647
43.804515,125.255647
43.804515,125.255647
43.804515,125.255647
43.804515,125.255647
43.804515,125.255647
43.804515,125.255647
43.804515,125.255647
43.804515,125.255647
43.804515,125.255647
43.804515,125.255647
43.804515,125.255647
43.804515,125.255647
43.804515,125.255647
43.804515,125.255647
43.804515,125.255647
43.804515,125.255647
43.804515,125.255647
43.804517,125.25579
43.804517,125.25579
43.804517,125.25579
43.804517,125.25579
43.804517,125.25579
43.804517,125.25579
43.804517,125.25579
43.804517,125.25579
43.804517,125.25579
43.804517,125.25579
43.804517,125.25579
43.804517,125.25579
43.804517,125.25579
43.804517,125.25579
43.804517,125.25579
43.804517,125.25579
43.804517,125.25579
43.804517,125.25579
43.804517,125.25579
43.804517,125.25579
43.804518,125.25594
43.804518,125.25594
43.804518,125.25594
43.804518,125.25594
43.804518,125.25594
43.804518,125.25594
43.804518,125.25594
43.804518,125.25594
43.804518,125.25594
43.804518,125.25594
43.804518,125.25594
43.804518,125.25594
43.804518,125.25594
43.804518,125.25594
43.804518,125.25594
43.804518,125.25594
43.804518,125.25594
43.804518,125.25594
43.804518,125.25594
43.804518,125.25594
43.804517,125.25609
43.804517,125.25609
43.804517,125.25609
43.804517,125.25609
43.804517,125.25609
43.804517,125.25609
43.804517,125.25609
43.804517,125.25609
43.804517,125.25609
43.804517,125.25609
43.804517,125.25609
43.804517,125.25609
43.804517,125.25609
43.804517,125.25609
43.804517,125.25609
43.804517,125.25609
43.804517,125.25609
43.804517,125.25609
43.804517,125.25609
43.804517,125.25609
43.804513,125.256253
43.804513,125.256253
43.804513,125.256253
43.804513,125.256253
43.804513,125.256253
43.804513,125.256253
43.804513,125.256253
43.804513,125.256253
43.804513,125.256253
43.804513,125.256253
43.804513,125.256253
43.804513,125.256253
43.804513,125.256253
43.804513,125.256253
43.804513,125.256253
43.804513,125.256253
43.804513,125.256253
43.804513,125.256253
43.804513,125.256253
43.804513,125.256253
43.80451,125.256424
43.80451,125.256424
43.80451,125.256424
43.80451,125.256424
43.80451,125.256424
43.80451,125.256424
43.80451,125.256424
43.80451,125.256424
43.80451,125.256424
43.80451,125.256424
43.80451,125.256424
43.80451,125.256424
43.80451,125.256424
43.80451,125.256424
43.80451,125.256424
43.80451,125.256424
43.80451,125.256424
43.80451,125.256424
43.80451,125.256424
43.80451,125.256424
43.804508,125.256574
43.804508,125.256574
43.804508,125.256574
43.804508,125.256574
43.804508,125.256574
43.804508,125.256574
43.804508,125.256574
43.804508,125.256574
43.804508,125.256574
43.804508,125.256574
43.804508,125.256574
43.804508,125.256574
43.804508,125.256574
43.804508,125.256574
43.804508,125.256574
43.804508,125.256574
43.804508,125.256574
43.804508,125.256574
43.804508,125.256574
43.804508,125.256574
43.804506,125.256721
43.804506,125.256721
43.804506,125.256721
43.804506,125.256721
43.804506,125.256721
43.804506,125.256721
43.804506,125.256721
43.804506,125.256721
43.804506,125.256721
43.804506,125.256721
43.804506,125.256721
43.804506,125.256721
43.804506,125.256721
43.804506,125.256721
43.804506,125.256721
43.804506,125.256721
43.804506,125.256721
43.804506,125.256721
43.804506,125.256721
43.804506,125.256721
43.804504,125.25687
43.804504,125.25687
43.804504,125.25687
43.804504,125.25687
43.804504,125.25687
43.804504,125.25687
43.804504,125.25687
43.804504,125.25687
43.804504,125.25687
43.804504,125.25687
43.804504,125.25687
43.804504,125.25687
43.804504,125.25687
43.804504,125.25687
43.804504,125.25687
43.804504,125.25687
43.804504,125.25687
43.804504,125.25687
43.804504,125.25687
43.804504,125.25687
43.804501,125.257019
43.804501,125.257019
43.804501,125.257019
43.804501,125.257019
43.804501,125.257019
43.804501,125.257019
43.804501,125.257019
43.804501,125.257019
43.804501,125.257019
43.804501,125.257019
43.804501,125.257019
43.804501,125.257019
43.804501,125.257019
43.804501,125.257019
43.804501,125.257019
43.804501,125.257019
43.804501,125.257019
43.804501,125.257019
43.804501,125.257019
43.804501,125.257019
43.804499,125.257155
43.804499,125.257155
43.804499,125.257155
43.804499,125.257155
43.804499,125.257155
43.804499,125.257155
43.804499,125.257155
43.804499,125.257155
43.804499,125.257155
43.804499,125.257155
43.804499,125.257155
43.804499,125.257155
43.804499,125.257155
43.804499,125.257155
43.804499,125.257155
43.804499,125.257155
43.804499,125.257155
43.804499,125.257155
43.804499,125.257155
43.804499,125.257155
43.804498,125.257287
43.804498,125.257287
43.804498,125.257287
43.804498,125.257287
43.804498,125.257287
43.804498,125.257287
43.804498,125.257287
43.804498,125.257287
43.804498,125.257287
43.804498,125.257287
43.804498,125.257287
43.804498,125.257287
43.804498,125.257287
43.804498,125.257287
43.804498,125.257287
43.804498,125.257287
43.804498,125.257287
43.804498,125.257287
43.804498,125.257287
43.804498,125.257287
43.804498,125.257444
43.804498,125.257444
43.804498,125.257444
43.804498,125.257444
43.804498,125.257444
43.804498,125.257444
43.804498,125.257444
43.804498,125.257444
43.804498,125.257444
43.804498,125.257444
43.804498,125.257444
43.804498,125.257444
43.804498,125.257444
43.804498,125.257444
43.804498,125.257444
43.804498,125.257444
43.804498,125.257444
43.804498,125.257444
43.804498,125.257444
43.804498,125.257444
43.804499,125.257608
43.804499,125.257608
43.804499,125.257608
43.804499,125.257608
43.804499,125.257608
43.804499,125.257608
43.804499,125.257608
43.804499,125.257608
43.804499,125.257608
43.804499,125.257608
43.804499,125.257608
43.804499,125.257608
43.804499,125.257608
43.804499,125.257608
43.804499,125.257608
43.804499,125.257608
43.804499,125.257608
43.804499,125.257608
43.804499,125.257608
43.804499,125.257608
43.8045,125.257777
43.8045,125.257777
43.8045,125.257777
43.8045,125.257777
43.8045,125.257777
43.8045,125.257777
43.8045,125.257777
43.8045,125.257777
43.8045,125.257777
43.8045,125.257777
43.8045,125.257777
43.8045,125.257777
43.8045,125.257777
43.8045,125.257777
43.8045,125.257777
43.8045,125.257777
43.8045,125.257777
43.8045,125.257777
43.8045,125.257777
43.8045,125.257777
43.804498,125.257947
43.804498,125.257947
43.804498,125.257947
43.804498,125.257947
43.804498,125.257947
43.804498,125.257947
43.804498,125.257947
43.804498,125.257947
43.804498,125.257947
43.804498,125.257947
43.804498,125.257947
43.804498,125.257947
43.804498,125.257947
43.804498,125.257947
43.804498,125.257947
43.804498,125.257947
43.804498,125.257947
43.804498,125.257947
43.804498,125.257947
43.804498,125.257947
43.804497,125.258119
43.804497,125.258119
43.804497,125.258119
43.804497,125.258119
43.804497,125.258119
43.804497,125.258119
43.804497,125.258119
43.804497,125.258119
43.804497,125.258119
43.804497,125.258119
43.804497,125.258119
43.804497,125.258119
43.804497,125.258119
43.804497,125.258119
43.804497,125.258119
43.804497,125.258119
43.804497,125.258119
43.804497,125.258119
43.804497,125.258119
43.804497,125.258119
43.804495,125.258291
43.804495,125.258291
43.804495,125.258291
43.804495,125.258291
43.804495,125.258291
43.804495,125.258291
43.804495,125.258291
43.804495,125.258291
43.804495,125.258291
43.804495,125.258291
43.804495,125.258291
43.804495,125.258291
43.804495,125.258291
43.804495,125.258291
43.804495,125.258291
43.804495,125.258291
43.804495,125.258291
43.804495,125.258291
43.804495,125.258291
43.804495,125.258291
43.804493,125.258458
43.804493,125.258458
43.804493,125.258458
43.804493,125.258458
43.804493,125.258458
43.804493,125.258458
43.804493,125.258458
43.804493,125.258458
43.804493,125.258458
43.804493,125.258458
43.804493,125.258458
43.804493,125.258458
43.804493,125.258458
43.804493,125.258458
43.804493,125.258458
43.804493,125.258458
43.804493,125.258458
43.804493,125.258458
43.804493,125.258458
43.804493,125.258458
43.80449,125.258644
43.80449,125.258644
43.80449,125.258644
43.80449,125.258644
43.80449,125.258644
43.80449,125.258644
43.80449,125.258644
43.80449,125.258644
43.80449,125.258644
43.80449,125.258644
43.80449,125.258644
43.80449,125.258644
43.80449,125.258644
43.80449,125.258644
43.80449,125.258644
43.80449,125.258644
43.80449,125.258644
43.80449,125.258644
43.80449,125.258644
43.80449,125.258644
43.80449,125.2588
43.80449,125.2588
43.80449,125.2588
43.80449,125.2588
43.80449,125.2588
43.80449,125.2588
43.80449,125.2588
43.80449,125.2588
43.80449,125.2588
43.80449,125.2588
43.80449,125.2588
43.80449,125.2588
43.80449,125.2588
43.80449,125.2588
43.80449,125.2588
43.80449,125.2588
43.80449,125.2588
43.80449,125.2588
43.80449,125.2588
43.80449,125.2588
43.80449,125.258963
43.80449,125.258963
43.80449,125.258963
43.80449,125.258963
43.80449,125.258963
43.80449,125.258963
43.80449,125.258963
43.80449,125.258963
43.80449,125.258963
43.80449,125.258963
43.80449,125.258963
43.80449,125.258963
43.80449,125.258963
43.80449,125.258963
43.80449,125.258963
43.80449,125.258963
43.80449,125.258963
43.80449,125.258963
43.80449,125.258963
43.80449,125.258963
43.804489,125.259137
43.804489,125.259137
43.804489,125.259137
43.804489,125.259137
43.804489,125.259137
43.804489,125.259137
43.804489,125.259137
43.804489,125.259137
43.804489,125.259137
43.804489,125.259137
43.804489,125.259137
43.804489,125.259137
43.804489,125.259137
43.804489,125.259137
43.804489,125.259137
43.804489,125.259137
43.804489,125.259137
43.804489,125.259137
43.804489,125.259137
43.804489,125.259137
43.804489,125.25931
43.804489,125.25931
43.804489,125.25931
43.804489,125.25931
43.804489,125.25931
43.804489,125.25931
43.804489,125.25931
43.804489,125.25931
43.804489,125.25931
43.804489,125.25931
43.804489,125.25931
43.804489,125.25931
43.804489,125.25931
43.804489,125.25931
43.804489,125.25931
43.804489,125.25931
43.804489,125.25931
43.804489,125.25931
43.804489,125.25931
43.804489,125.25931
43.804487,125.259471
43.804487,125.259471
43.804487,125.259471
43.804487,125.259471
43.804487,125.259471
43.804487,125.259471
43.804487,125.259471
43.804487,125.259471
43.804487,125.259471
43.804487,125.259471
43.804487,125.259471
43.804487,125.259471
43.804487,125.259471
43.804487,125.259471
43.804487,125.259471
43.804487,125.259471
43.804487,125.259471
43.804487,125.259471
43.804487,125.259471
43.804487,125.259471
43.804483,125.259648
43.804483,125.259648
43.804483,125.259648
43.804483,125.259648
43.804483,125.259648
43.804483,125.259648
43.804483,125.259648
43.804483,125.259648
43.804483,125.259648
43.804483,125.259648
43.804483,125.259648
43.804483,125.259648
43.804483,125.259648
43.804483,125.259648
43.804483,125.259648
43.804483,125.259648
43.804483,125.259648
43.804483,125.259648
43.804483,125.259648
43.804483,125.259648
43.804477,125.259792
43.804477,125.259792
43.804477,125.259792
43.804477,125.259792
43.804477,125.259792
43.804477,125.259792
43.804477,125.259792
43.804477,125.259792
43.804477,125.259792
43.804477,125.259792
43.804477,125.259792
43.804477,125.259792
43.804477,125.259792
43.804477,125.259792
43.804477,125.259792
43.804477,125.259792
43.804477,125.259792
43.804477,125.259792
43.804477,125.259792
43.804477,125.259792
43.804475,125.259941
43.804475,125.259941
43.804475,125.259941
43.804475,125.259941
43.804475,125.259941
43.804475,125.259941
43.804475,125.259941
43.804475,125.259941
43.804475,125.259941
43.804475,125.259941
43.804475,125.259941
43.804475,125.259941
43.804475,125.259941
43.804475,125.259941
43.804475,125.259941
43.804475,125.259941
43.804475,125.259941
43.804475,125.259941
43.804475,125.259941
43.804475,125.259941
43.804479,125.26009
43.804479,125.26009
43.804479,125.26009
43.804479,125.26009
43.804479,125.26009
43.804479,125.26009
43.804479,125.26009
43.804479,125.26009
43.804479,125.26009
43.804479,125.26009
43.804479,125.26009
43.804479,125.26009
43.804479,125.26009
43.804479,125.26009
43.804479,125.26009
43.804479,125.26009
43.804479,125.26009
43.804479,125.26009
43.804479,125.26009
43.804479,125.26009
43.804481,125.260227
43.804481,125.260227
43.804481,125.260227
43.804481,125.260227
43.804481,125.260227
43.804481,125.260227
43.804481,125.260227
43.804481,125.260227
43.804481,125.260227
43.804481,125.260227
43.804481,125.260227
43.804481,125.260227
43.804481,125.260227
43.804481,125.260227
43.804481,125.260227
43.804481,125.260227
43.804481,125.260227
43.804481,125.260227
43.804481,125.260227
43.804481,125.260227
43.804482,125.260341
43.804482,125.260341
43.804482,125.260341
43.804482,125.260341
43.804482,125.260341
43.804482,125.260341
43.804482,125.260341
43.804482,125.260341
43.804482,125.260341
43.804482,125.260341
43.804482,125.260341
43.804482,125.260341
43.804482,125.260341
43.804482,125.260341
43.804482,125.260341
43.804482,125.260341
43.804482,125.260341
43.804482,125.260341
43.804482,125.260341
43.804482,125.260341
43.804481,125.260452
43.804481,125.260452
43.804481,125.260452
43.804481,125.260452
43.804481,125.260452
43.804481,125.260452
43.804481,125.260452
43.804481,125.260452
43.804481,125.260452
43.804481,125.260452
43.804481,125.260452
43.804481,125.260452
43.804481,125.260452
43.804481,125.260452
43.804481,125.260452
43.804481,125.260452
43.804481,125.260452
43.804481,125.260452
43.804481,125.260452
43.804481,125.260452
43.80448,125.260575
43.80448,125.260575
43.80448,125.260575
43.80448,125.260575
43.80448,125.260575
43.80448,125.260575
43.80448,125.260575
43.80448,125.260575
43.80448,125.260575
43.80448,125.260575
43.80448,125.260575
43.80448,125.260575
43.80448,125.260575
43.80448,125.260575
43.80448,125.260575
43.80448,125.260575
43.80448,125.260575
43.80448,125.260575
43.80448,125.260575
43.80448,125.260575
43.804478,125.260702
43.804478,125.260702
43.804478,125.260702
43.804478,125.260702
43.804478,125.260702
43.804478,125.260702
43.804478,125.260702
43.804478,125.260702
43.804478,125.260702
43.804478,125.260702
43.804478,125.260702
43.804478,125.260702
43.804478,125.260702
43.804478,125.260702
43.804478,125.260702
43.804478,125.260702
43.804478,125.260702
43.804478,125.260702
43.804478,125.260702
43.804478,125.260702
43.804477,125.260855
43.804477,125.260855
43.804477,125.260855
43.804477,125.260855
43.804477,125.260855
43.804477,125.260855
43.804477,125.260855
43.804477,125.260855
43.804477,125.260855
43.804477,125.260855
43.804477,125.260855
43.804477,125.260855
43.804477,125.260855
43.804477,125.260855
43.804477,125.260855
43.804477,125.260855
43.804477,125.260855
43.804477,125.260855
43.804477,125.260855
43.804477,125.260855
43.804476,125.261009
43.804476,125.261009
43.804476,125.261009
43.804476,125.261009
43.804476,125.261009
43.804476,125.261009
43.804476,125.261009
43.804476,125.261009
43.804476,125.261009
43.804476,125.261009
43.804476,125.261009
43.804476,125.261009
43.804476,125.261009
43.804476,125.261009
43.804476,125.261009
43.804476,125.261009
43.804476,125.261009
43.804476,125.261009
43.804476,125.261009
43.804476,125.261009
43.804476,125.261173
43.804476,125.261173
43.804476,125.261173
43.804476,125.261173
43.804476,125.261173
43.804476,125.261173
43.804476,125.261173
43.804476,125.261173
43.804476,125.261173
43.804476,125.261173
43.804476,125.261173
43.804476,125.261173
43.804476,125.261173
43.804476,125.261173
43.804476,125.261173
43.804476,125.261173
43.804476,125.261173
43.804476,125.261173
43.804476,125.261173
43.804476,125.261173
43.804476,125.261334
43.804476,125.261334
43.804476,125.261334
43.804476,125.261334
43.804476,125.261334
43.804476,125.261334
43.804476,125.261334
43.804476,125.261334
43.804476,125.261334
43.804476,125.261334
43.804476,125.261334
43.804476,125.261334
43.804476,125.261334
43.804476,125.261334
43.804476,125.261334
43.804476,125.261334
43.804476,125.261334
43.804476,125.261334
43.804476,125.261334
43.804476,125.261334
43.804477,125.261451
43.804477,125.261451
43.804477,125.261451
43.804477,125.261451
43.804477,125.261451
43.804477,125.261451
43.804477,125.261451
43.804477,125.261451
43.804477,125.261451
43.804477,125.261451
43.804477,125.261451
43.804477,125.261451
43.804477,125.261451
43.804477,125.261451
43.804477,125.261451
43.804477,125.261451
43.804477,125.261451
43.804477,125.261451
43.804477,125.261451
43.804477,125.261451
43.804477,125.261557
43.804477,125.261557
43.804477,125.261557
43.804477,125.261557
43.804477,125.261557
43.804477,125.261557
43.804477,125.261557
43.804477,125.261557
43.804477,125.261557
43.804477,125.261557
43.804477,125.261557
43.804477,125.261557
43.804477,125.261557
43.804477,125.261557
43.804477,125.261557
43.804477,125.261557
43.804477,125.261557
43.804477,125.261557
43.804477,125.261557
43.804477,125.261557
43.804477,125.261644
43.804477,125.261644
43.804477,125.261644
43.804477,125.261644
43.804477,125.261644
43.804477,125.261644
43.804477,125.261644
43.804477,125.261644
43.804477,125.261644
43.804477,125.261644
43.804477,125.261644
43.804477,125.261644
43.804477,125.261644
43.804477,125.261644
43.804477,125.261644
43.804477,125.261644
43.804477,125.261644
43.804477,125.261644
43.804477,125.261644
43.804477,125.261644
43.804477,125.261696
43.804477,125.261696
43.804477,125.261696
43.804477,125.261696
43.804477,125.261696
43.804477,125.261696
43.804477,125.261696
43.804477,125.261696
43.804477,125.261696
43.804477,125.261696
43.804477,125.261696
43.804477,125.261696
43.804477,125.261696
43.804477,125.261696
43.804477,125.261696
43.804477,125.261696
43.804477,125.261696
43.804477,125.261696
43.804477,125.261696
43.804477,125.261696
43.804477,125.261727
43.804477,125.261727
43.804477,125.261727
43.804477,125.261727
43.804477,125.261727
43.804477,125.261727
43.804477,125.261727
43.804477,125.261727
43.804477,125.261727
43.804477,125.261727
43.804477,125.261727
43.804477,125.261727
43.804477,125.261727
43.804477,125.261727
43.804477,125.261727
43.804477,125.261727
43.804477,125.261727
43.804477,125.261727
43.804477,125.261727
43.804477,125.261727
43.804476,125.261754
43.804476,125.261754
43.804476,125.261754
43.804476,125.261754
43.804476,125.261754
43.804476,125.261754
43.804476,125.261754
43.804476,125.261754
43.804476,125.261754
43.804476,125.261754
43.804476,125.261754
43.804476,125.261754
43.804476,125.261754
43.804476,125.261754
43.804476,125.261754
43.804476,125.261754
43.804476,125.261754
43.804476,125.261754
43.804476,125.261754
43.804476,125.261754
43.804476,125.261772
43.804476,125.261772
43.804476,125.261772
43.804476,125.261772
43.804476,125.261772
43.804476,125.261772
43.804476,125.261772
43.804476,125.261772
43.804476,125.261772
43.804476,125.261772
43.804476,125.261772
43.804476,125.261772
43.804476,125.261772
43.804476,125.261772
43.804476,125.261772
43.804476,125.261772
43.804476,125.261772
43.804476,125.261772
43.804476,125.261772
43.804476,125.261772
43.804475,125.261787
43.804475,125.261787
43.804475,125.261787
43.804475,125.261787
43.804475,125.261787
43.804475,125.261787
43.804475,125.261787
43.804475,125.261787
43.804475,125.261787
43.804475,125.261787
43.804475,125.261787
43.804475,125.261787
43.804475,125.261787
43.804475,125.261787
43.804475,125.261787
43.804475,125.261787
43.804475,125.261787
43.804475,125.261787
43.804475,125.261787
43.804475,125.261787
43.804474,125.261802
43.804474,125.261802
43.804474,125.261802
43.804474,125.261802
43.804474,125.261802
43.804474,125.261802
43.804474,125.261802
43.804474,125.261802
43.804474,125.261802
43.804474,125.261802
43.804474,125.261802
43.804474,125.261802
43.804474,125.261802
43.804474,125.261802
43.804474,125.261802
43.804474,125.261802
43.804474,125.261802
43.804474,125.261802
43.804474,125.261802
43.804474,125.261802
43.804473,125.261812
43.804473,125.261812
43.804473,125.261812
43.804473,125.261812
43.804473,125.261812
43.804473,125.261812
43.804473,125.261812
43.804473,125.261812
43.804473,125.261812
43.804473,125.261812
43.804473,125.261812
43.804473,125.261812
43.804473,125.261816
43.804473,125.261816
43.804473,125.261816
43.804473,125.261816
43.804473,125.261816
43.804473,125.261816
43.804473,125.261816
43.804473,125.261816
43.804473,125.261816
43.804473,125.261816
43.804473,125.261816
43.804473,125.261816
43.804473,125.261816
43.804473,125.261816
43.804473,125.261816
43.804473,125.261816
43.804473,125.261816
43.804473,125.261816
43.804473,125.261816
43.804473,125.261816
43.804473,125.261817
43.804473,125.261817
43.804473,125.261817
43.804473,125.261817
43.804473,125.261817
43.804473,125.261817
43.804473,125.261817
43.804473,125.261817
43.804473,125.261817
43.804473,125.261817
43.804473,125.261817
43.804473,125.261817
43.804473,125.261817
43.804473,125.261817
43.804473,125.261817
43.804473,125.261817
43.804473,125.261817
43.804473,125.261817
43.804473,125.261817
43.804473,125.261817
43.804473,125.261817
43.804473,125.261817
43.804473,125.261817
43.804473,125.261817
43.804473,125.261817
43.804473,125.261817
43.804473,125.261817
43.804473,125.261817
43.804473,125.261817
43.804473,125.261817
43.804473,125.261817
43.804473,125.261817
43.804473,125.261817
43.804473,125.261817
43.804473,125.261817
43.804473,125.261817
43.804473,125.261817
43.804473,125.261817
43.804473,125.261817
43.804473,125.261817
43.804473,125.261817
43.804473,125.261817
43.804473,125.261817
43.804473,125.261817
43.804473,125.261817
43.804473,125.261817
43.804473,125.261817
43.804473,125.261817
43.804473,125.261817
43.804473,125.261817
43.804473,125.261817
43.804473,125.261817
43.804473,125.261817
43.804473,125.261817
43.804473,125.261817
43.804473,125.261817
43.804473,125.261817
43.804473,125.261817
43.804473,125.261817
43.804473,125.261817
43.804473,125.261817
43.804473,125.261817
43.804473,125.261817
43.804473,125.261817
43.804473,125.261817
43.804473,125.261817
43.804473,125.261817
43.804473,125.261817
43.804473,125.261817
43.804473,125.261817
43.804473,125.261817
43.804473,125.261817
43.804473,125.261817
43.804473,125.261817
43.804473,125.261817
43.804473,125.261817
43.804473,125.261817
43.804473,125.261817
43.804473,125.261817
43.804473,125.261817
43.804473,125.261817
43.804473,125.261817
43.804473,125.261817
43.804473,125.261817
43.804473,125.261817
43.804473,125.261817
43.804473,125.261817
43.804473,125.261817
43.804473,125.261817
43.804473,125.261817
43.804473,125.261817
43.804473,125.261817
43.804473,125.261817
43.804473,125.261817
43.804473,125.261817
43.804473,125.261817
43.804473,125.261817
43.804473,125.261817
43.804473,125.261817
43.804473,125.261817
43.804473,125.261817
43.804473,125.261817
43.804473,125.261817
43.804473,125.261817
43.804473,125.261817
43.804473,125.261817
43.804473,125.261817
43.804473,125.261817
43.804473,125.261817
43.804473,125.261817
43.804473,125.261817
43.804473,125.261817
43.804473,125.261817
43.804473,125.261817
43.804473,125.261817
43.804473,125.261817
43.804473,125.261817
43.804473,125.261817
43.804473,125.261817
43.804473,125.261817
43.804473,125.261817
43.804473,125.261817
43.804473,125.261817
43.804473,125.261817
43.804473,125.261817
43.804473,125.261817
43.804473,125.261817
43.804473,125.261817
43.804473,125.261817
43.804473,125.261817
43.804473,125.261817
43.804473,125.261817
43.804473,125.261817
43.804473,125.261817
43.804473,125.261817
43.804473,125.261817
43.804473,125.261817
43.804473,125.261817
43.804473,125.261817
43.804473,125.261817
43.804473,125.261817
43.804473,125.261817
43.804473,125.261817
43.804473,125.261817
43.804473,125.261817
43.804473,125.261817
43.804473,125.261817
43.804473,125.261817
43.804473,125.261817
43.804473,125.261817
43.804473,125.261817
43.804473,125.261817
43.804473,125.261817
43.804473,125.261817
43.804473,125.261817
43.804473,125.261817
43.804473,125.261817
43.804473,125.261817
43.804473,125.261817
43.804473,125.261817
43.804473,125.261817
43.804473,125.261817
43.804473,125.261817
43.804473,125.261817
43.804473,125.261817
43.804473,125.261817
43.804473,125.261817
43.804473,125.261817
43.804473,125.261817
43.804473,125.261817
43.804473,125.261817
43.804473,125.261817
43.804473,125.261817
43.804473,125.261817
43.804473,125.261817
43.804473,125.261817
43.804473,125.261817
43.804473,125.261817
43.804473,125.261817
43.804473,125.261817
43.804473,125.261817
43.804473,125.261817
43.804473,125.261817
43.804473,125.261817
43.804473,125.261817
43.804473,125.261817
43.804473,125.261817
43.804473,125.261817
43.804473,125.261817
43.804473,125.261817
43.804473,125.261817
43.804473,125.261817
43.804473,125.261817
43.804473,125.261817
43.804473,125.261817
43.804473,125.261817
43.804473,125.261817
43.804473,125.261817
43.804473,125.261817
43.804473,125.261817
43.804473,125.261817
43.804473,125.261817
43.804473,125.261817
43.804473,125.261817
43.804473,125.261817
43.804473,125.261817
43.804473,125.261817
43.804473,125.261817
43.804473,125.261817
43.804473,125.261817
43.804473,125.261817
43.804473,125.261817
43.804473,125.261817
43.804473,125.261817
43.804473,125.261817
43.804473,125.261817
43.804473,125.261817
43.804473,125.261817
43.804473,125.261817
43.804473,125.261817
43.804473,125.261817
43.804473,125.261817
43.804473,125.261817
43.804473,125.261817
43.804473,125.261817
43.804473,125.261817
43.804473,125.261817
43.804473,125.261817
43.804473,125.261817
43.804473,125.261817
43.804473,125.261817
43.804473,125.261817
43.804473,125.261817
43.804473,125.261817
43.804473,125.261817
43.804473,125.261817
43.804473,125.261817
43.804473,125.261817
43.804473,125.261817
43.804473,125.261817
43.804473,125.261817
43.804473,125.261817
43.804473,125.261817
43.804473,125.261817
43.804473,125.261817
43.804473,125.261817
43.804473,125.261817
43.804473,125.261817
43.804473,125.261817
43.804473,125.261817
43.804473,125.261817
43.804473,125.261817
43.804473,125.261817
43.804473,125.261817
43.804473,125.261817
43.804473,125.261817
43.804473,125.261817
43.804473,125.261817
43.804473,125.261817
43.804473,125.261817
43.804473,125.261817
43.804473,125.261817
43.804473,125.261817
43.804473,125.261817
43.804473,125.261817
43.804473,125.261817
43.804473,125.261817
43.804473,125.261817
43.804473,125.261817
43.804473,125.261817
43.804473,125.261817
43.804473,125.261817
43.804473,125.261817
43.804473,125.261817
43.804473,125.261817
43.804473,125.261817
43.804473,125.261817
43.804473,125.261817
43.804473,125.261817
43.804473,125.261817
43.804473,125.261817
43.804473,125.261817
43.804473,125.261817
43.804473,125.261817
43.804473,125.261817
43.804473,125.261817
43.804473,125.261817
43.804473,125.261817
43.804473,125.261817
43.804473,125.261817
43.804473,125.261817
43.804473,125.261817
43.804473,125.261817
43.804473,125.261817
43.804473,125.261817
43.804473,125.261817
43.804473,125.261817
43.804473,125.261817
43.804473,125.261817
43.804473,125.261817
43.804473,125.261817
43.804473,125.261817
43.804473,125.261817
43.804473,125.261817
43.804473,125.261817
43.804473,125.261817
43.804473,125.261817
43.804473,125.261817
43.804473,125.261817
43.804473,125.261817
43.804473,125.261817
43.804473,125.261817
43.804473,125.261817
43.804473,125.261817
43.804473,125.261817
43.804473,125.261817
43.804473,125.261817
43.804473,125.261817
43.804473,125.261817
43.804473,125.261817
43.804473,125.261817
43.804473,125.261817
43.804473,125.261817
43.804473,125.261817
43.804473,125.261817
43.804473,125.261817
43.804473,125.261817
43.804473,125.261817
43.804473,125.261817
43.804473,125.261817
43.804473,125.261817
43.804473,125.261817
43.804473,125.261817
43.804473,125.261817
43.804473,125.261817
43.804473,125.261817
43.804473,125.261817
43.804473,125.261817
43.804473,125.261817
43.804473,125.261817
43.804473,125.261817
43.804473,125.261817
43.804473,125.261817
43.804473,125.261817
43.804473,125.261817
43.804473,125.261817
43.804473,125.261817
43.804473,125.261817
43.804473,125.261817
43.804473,125.261817
43.804473,125.261817
43.804473,125.261817
43.804473,125.261817
43.804473,125.261817
43.804473,125.261817
43.804473,125.261817
43.804473,125.261817
43.804473,125.261817
43.804473,125.261817
43.804473,125.261817
43.804473,125.261817
43.804473,125.261817
43.804473,125.261817
43.804473,125.261817
43.804473,125.261817
43.804473,125.261817
43.804473,125.261817
43.804473,125.261817
43.804473,125.261817
43.804473,125.261817
43.804473,125.261817
43.804473,125.261817
43.804473,125.261817
43.804473,125.261817
43.804473,125.261817
43.804473,125.261817
43.804473,125.261817
43.804473,125.261817
43.804473,125.261817
43.804473,125.261817
43.804473,125.261817
43.804473,125.261817
43.804473,125.261817
43.804473,125.261817
43.804473,125.261817
43.804473,125.261817
43.804473,125.261817
43.804473,125.261817
43.804473,125.261817
43.804473,125.261817
43.804473,125.261817
43.804473,125.261817
43.804473,125.261817
43.804473,125.261817
43.804473,125.261817
43.804473,125.261817
43.804473,125.261817
43.804473,125.261817
43.804473,125.261817
43.804473,125.261817
43.804473,125.261817
43.804473,125.261817
43.804473,125.261817
43.804473,125.261817
43.804473,125.261817
43.804473,125.261817
43.804473,125.261817
43.804473,125.261817
43.804473,125.261817
43.804473,125.261817
43.804473,125.261817
43.804473,125.261817
43.804473,125.261817
43.804473,125.261817
43.804473,125.261817
43.804473,125.261817
43.804473,125.261817
43.804473,125.261817
43.804473,125.261817
43.804473,125.261817
43.804473,125.261817
43.804473,125.261817
43.804473,125.261817
43.804473,125.261817
43.804473,125.261817
43.804473,125.261817
43.804473,125.261817
43.804473,125.261817
43.804473,125.261817
43.804473,125.261817
43.804473,125.261817
43.804473,125.261817
43.804473,125.261817
43.804473,125.261817
43.804473,125.261817
43.804473,125.261817
43.804473,125.261817
43.804473,125.261817
43.804473,125.261817
43.804473,125.261817
43.804473,125.261817
43.804473,125.261817
43.804473,125.261817
43.804473,125.261817
43.804473,125.261817
43.804473,125.261817
43.804473,125.261817
43.804473,125.261817
43.804473,125.261817
43.804473,125.261817
43.804473,125.261817
43.804473,125.261817
43.804473,125.261817
43.804473,125.261817
43.804473,125.261817
43.804473,125.261817
43.804473,125.261817
43.804473,125.261817
43.804473,125.261817
43.804473,125.261817
43.804473,125.261817
43.804473,125.261817
43.804473,125.261817
43.804473,125.261817
43.804473,125.261817
43.804473,125.261817
43.804473,125.261817
43.804473,125.261817
43.804473,125.261817
43.804473,125.261817
43.804473,125.261817
43.804473,125.261817
43.804473,125.261817
43.804473,125.261817
43.804473,125.261817
43.804473,125.261817
43.804473,125.261817
43.804473,125.261817
43.804473,125.261817
43.804473,125.261817
43.804473,125.261817
43.804473,125.261817
43.804473,125.261817
43.804473,125.261817
43.804473,125.261817
43.804473,125.261817
43.804473,125.261817
43.804473,125.261817
43.804473,125.261817
43.804473,125.261817
43.804473,125.261817
43.804473,125.261817
43.804473,125.261817
43.804473,125.261817
43.804473,125.261817
43.804473,125.261817
43.804473,125.261817
43.804473,125.261817
43.804473,125.261817
43.804473,125.261817
43.804473,125.261821
43.804473,125.261821
43.804473,125.261821
43.804473,125.261821
43.804473,125.261821
43.804473,125.261821
43.804473,125.261821
43.804473,125.261821
43.804473,125.261821
43.804473,125.261821
43.804473,125.261821
43.804473,125.261821
43.804473,125.261821
43.804473,125.261821
43.804473,125.261821
43.804473,125.261821
43.804473,125.261821
43.804473,125.261821
43.804473,125.261821
43.804473,125.261821
43.804472,125.261846
43.804472,125.261846
43.804472,125.261846
43.804472,125.261846
43.804472,125.261846
43.804472,125.261846
43.804472,125.261846
43.804472,125.261846
43.804472,125.261846
43.804472,125.261846
43.804472,125.261846
43.804472,125.261846
43.804472,125.261846
43.804472,125.261846
43.804472,125.261846
43.804472,125.261846
43.804472,125.261846
43.804472,125.261846
43.804472,125.261846
43.804472,125.261846
43.804472,125.261876
43.804472,125.261876
43.804472,125.261876
43.804472,125.261876
43.804472,125.261876
43.804472,125.261876
43.804472,125.261876
43.804472,125.261876
43.804472,125.261876
43.804472,125.261876
43.804472,125.261876
43.804472,125.261876
43.804472,125.261876
43.804472,125.261876
43.804472,125.261876
43.804472,125.261876
43.804472,125.261876
43.804472,125.261876
43.804472,125.261876
43.804472,125.261876
43.804472,125.261918
43.804472,125.261918
43.804472,125.261918
43.804472,125.261918
43.804472,125.261918
43.804472,125.261918
43.804472,125.261918
43.804472,125.261918
43.804472,125.261918
43.804472,125.261918
43.804472,125.261918
43.804472,125.261918
43.804472,125.261918
43.804472,125.261918
43.804472,125.261918
43.804472,125.261918
43.804472,125.261918
43.804472,125.261918
43.804472,125.261918
43.804472,125.261918
43.804472,125.261964
43.804472,125.261964
43.804472,125.261964
43.804472,125.261964
43.804472,125.261964
43.804472,125.261964
43.804472,125.261964
43.804472,125.261964
43.804472,125.261964
43.804472,125.261964
43.804472,125.261964
43.804472,125.261964
43.804472,125.261964
43.804472,125.261964
43.804472,125.261964
43.804472,125.261964
43.804472,125.261964
43.804472,125.261964
43.804472,125.261964
43.804472,125.261964
43.804472,125.262025
43.804472,125.262025
43.804472,125.262025
43.804472,125.262025
43.804472,125.262025
43.804472,125.262025
43.804472,125.262025
43.804472,125.262025
43.804472,125.262025
43.804472,125.262025
43.804472,125.262025
43.804472,125.262025
43.804472,125.262025
43.804472,125.262025
43.804472,125.262025
43.804472,125.262025
43.804472,125.262025
43.804472,125.262025
43.804472,125.262025
43.804472,125.262025
43.804471,125.262098
43.804471,125.262098
43.804471,125.262098
43.804471,125.262098
43.804471,125.262098
43.804471,125.262098
43.804471,125.262098
43.804471,125.262098
43.804471,125.262098
43.804471,125.262098
43.804471,125.262098
43.804471,125.262098
43.804471,125.262098
43.804471,125.262098
43.804471,125.262098
43.804471,125.262098
43.804471,125.262098
43.804471,125.262098
43.804471,125.262098
43.804471,125.262098
43.80447,125.262172
43.80447,125.262172
43.80447,125.262172
43.80447,125.262172
43.80447,125.262172
43.80447,125.262172
43.80447,125.262172
43.80447,125.262172
43.80447,125.262172
43.80447,125.262172
43.80447,125.262172
43.80447,125.262172
43.80447,125.262172
43.80447,125.262172
43.80447,125.262172
43.80447,125.262172
43.80447,125.262172
43.80447,125.262172
43.80447,125.262172
43.80447,125.262172
43.804469,125.262257
43.804469,125.262257
43.804469,125.262257
43.804469,125.262257
43.804469,125.262257
43.804469,125.262257
43.804469,125.262257
43.804469,125.262257
43.804469,125.262257
43.804469,125.262257
43.804469,125.262257
43.804469,125.262257
43.804469,125.262257
43.804469,125.262257
43.804469,125.262257
43.804469,125.262257
43.804469,125.262257
43.804469,125.262257
43.804469,125.262257
43.804469,125.262257
43.804468,125.26235
43.804468,125.26235
43.804468,125.26235
43.804468,125.26235
43.804468,125.26235
43.804468,125.26235
43.804468,125.26235
43.804468,125.26235
43.804468,125.26235
43.804468,125.26235
43.804468,125.26235
43.804468,125.26235
43.804468,125.26235
43.804468,125.26235
43.804468,125.26235
43.804468,125.26235
43.804468,125.26235
43.804468,125.26235
43.804468,125.26235
43.804468,125.26235
43.804467,125.262452
43.804467,125.262452
43.804467,125.262452
43.804467,125.262452
43.804467,125.262452
43.804467,125.262452
43.804467,125.262452
43.804467,125.262452
43.804467,125.262452
43.804467,125.262452
43.804467,125.262452
43.804467,125.262452
43.804467,125.262452
43.804467,125.262452
43.804467,125.262452
43.804467,125.262452
43.804467,125.262452
43.804467,125.262452
43.804467,125.262452
43.804467,125.262452
43.804466,125.262547
43.804466,125.262547
43.804466,125.262547
43.804466,125.262547
43.804466,125.262547
43.804466,125.262547
43.804466,125.262547
43.804466,125.262547
43.804466,125.262547
43.804466,125.262547
43.804466,125.262547
43.804466,125.262547
43.804466,125.262547
43.804466,125.262547
43.804466,125.262547
43.804466,125.262547
43.804466,125.262547
43.804466,125.262547
43.804466,125.262547
43.804466,125.262547
43.804464,125.262648
43.804464,125.262648
43.804464,125.262648
43.804464,125.262648
43.804464,125.262648
43.804464,125.262648
43.804464,125.262648
43.804464,125.262648
43.804464,125.262648
43.804464,125.262648
43.804464,125.262648
43.804464,125.262648
43.804464,125.262648
43.804464,125.262648
43.804464,125.262648
43.804464,125.262648
43.804464,125.262648
43.804464,125.262648
43.804464,125.262648
43.804464,125.262648
43.804463,125.262744
43.804463,125.262744
43.804463,125.262744
43.804463,125.262744
43.804463,125.262744
43.804463,125.262744
43.804463,125.262744
43.804463,125.262744
43.804463,125.262744
43.804463,125.262744
43.804463,125.262744
43.804463,125.262744
43.804463,125.262744
43.804463,125.262744
43.804463,125.262744
43.804463,125.262744
43.804463,125.262744
43.804463,125.262744
43.804463,125.262744
43.804463,125.262744
43.804463,125.262855
43.804463,125.262855
43.804463,125.262855
43.804463,125.262855
43.804463,125.262855
43.804463,125.262855
43.804463,125.262855
43.804463,125.262855
43.804463,125.262855
43.804463,125.262855
43.804463,125.262855
43.804463,125.262855
43.804463,125.262855
43.804463,125.262855
43.804463,125.262855
43.804463,125.262855
43.804463,125.262855
43.804463,125.262855
43.804463,125.262855
43.804463,125.262855
43.804462,125.262974
43.804462,125.262974
43.804462,125.262974
43.804462,125.262974
43.804462,125.262974
43.804462,125.262974
43.804462,125.262974
43.804462,125.262974
43.804462,125.262974
43.804462,125.262974
43.804462,125.262974
43.804462,125.262974
43.804462,125.262974
43.804462,125.262974
43.804462,125.262974
43.804462,125.262974
43.804462,125.262974
43.804462,125.262974
43.804462,125.262974
43.804462,125.262974
43.804461,125.263085
43.804461,125.263085
43.804461,125.263085
43.804461,125.263085
43.804461,125.263085
43.804461,125.263085
43.804461,125.263085
43.804461,125.263085
43.804461,125.263085
43.804461,125.263085
43.804461,125.263085
43.804461,125.263085
43.804461,125.263085
43.804461,125.263085
43.804461,125.263085
43.804461,125.263085
43.804461,125.263085
43.804461,125.263085
43.804461,125.263085
43.804461,125.263085
43.804461,125.263226
43.804461,125.263226
43.804461,125.263226
43.804461,125.263226
43.804461,125.263226
43.804461,125.263226
43.804461,125.263226
43.804461,125.263226
43.804461,125.263226
43.804461,125.263226
43.804461,125.263226
43.804461,125.263226
43.804461,125.263226
43.804461,125.263226
43.804461,125.263226
43.804461,125.263226
43.804461,125.263226
43.804461,125.263226
43.804461,125.263226
43.804461,125.263226
43.804459,125.263367
43.804459,125.263367
43.804459,125.263367
43.804459,125.263367
43.804459,125.263367
43.804459,125.263367
43.804459,125.263367
43.804459,125.263367
43.804459,125.263367
43.804459,125.263367
43.804459,125.263367
43.804459,125.263367
43.804459,125.263367
43.804459,125.263367
43.804459,125.263367
43.804459,125.263367
43.804459,125.263367
43.804459,125.263367
43.804459,125.263367
43.804459,125.263367
43.804458,125.263517
43.804458,125.263517
43.804458,125.263517
43.804458,125.263517
43.804458,125.263517
43.804458,125.263517
43.804458,125.263517
43.804458,125.263517
43.804458,125.263517
43.804458,125.263517
43.804458,125.263517
43.804458,125.263517
43.804458,125.263517
43.804458,125.263517
43.804458,125.263517
43.804458,125.263517
43.804458,125.263517
43.804458,125.263517
43.804458,125.263517
43.804458,125.263517
43.804458,125.263659
43.804458,125.263659
43.804458,125.263659
43.804458,125.263659
43.804458,125.263659
43.804458,125.263659
43.804458,125.263659
43.804458,125.263659
43.804458,125.263659
43.804458,125.263659
43.804458,125.263659
43.804458,125.263659
43.804458,125.263659
43.804458,125.263659
43.804458,125.263659
43.804458,125.263659
43.804458,125.263659
43.804458,125.263659
43.804458,125.263659
43.804458,125.263659
43.804458,125.263813
43.804458,125.263813
43.804458,125.263813
43.804458,125.263813
43.804458,125.263813
43.804458,125.263813
43.804458,125.263813
43.804458,125.263813
43.804458,125.263813
43.804458,125.263813
43.804458,125.263813
43.804458,125.263813
43.804458,125.263813
43.804458,125.263813
43.804458,125.263813
43.804458,125.263813
43.804458,125.263813
43.804458,125.263813
43.804458,125.263813
43.804458,125.263813
43.804457,125.263979
43.804457,125.263979
43.804457,125.263979
43.804457,125.263979
43.804457,125.263979
43.804457,125.263979
43.804457,125.263979
43.804457,125.263979
43.804457,125.263979
43.804457,125.263979
43.804457,125.263979
43.804457,125.263979
43.804457,125.263979
43.804457,125.263979
43.804457,125.263979
43.804457,125.263979
43.804457,125.263979
43.804457,125.263979
43.804457,125.263979
43.804457,125.263979
43.804455,125.264133
43.804455,125.264133
43.804455,125.264133
43.804455,125.264133
43.804455,125.264133
43.804455,125.264133
43.804455,125.264133
43.804455,125.264133
43.804455,125.264133
43.804455,125.264133
43.804455,125.264133
43.804455,125.264133
43.804455,125.264133
43.804455,125.264133
43.804455,125.264133
43.804455,125.264133
43.804455,125.264133
43.804455,125.264133
43.804455,125.264133
43.804455,125.264133
43.804454,125.264305
43.804454,125.264305
43.804454,125.264305
43.804454,125.264305
43.804454,125.264305
43.804454,125.264305
43.804454,125.264305
43.804454,125.264305
43.804454,125.264305
43.804454,125.264305
43.804454,125.264305
43.804454,125.264305
43.804454,125.264305
43.804454,125.264305
43.804454,125.264305
43.804454,125.264305
43.804454,125.264305
43.804454,125.264305
43.804454,125.264305
43.804454,125.264305
43.804453,125.264486
43.804453,125.264486
43.804453,125.264486
43.804453,125.264486
43.804453,125.264486
43.804453,125.264486
43.804453,125.264486
43.804453,125.264486
43.804453,125.264486
43.804453,125.264486
43.804453,125.264486
43.804453,125.264486
43.804453,125.264486
43.804453,125.264486
43.804453,125.264486
43.804453,125.264486
43.804453,125.264486
43.804453,125.264486
43.804453,125.264486
43.804453,125.264486
43.804452,125.264666
43.804452,125.264666
43.804452,125.264666
43.804452,125.264666
43.804452,125.264666
43.804452,125.264666
43.804452,125.264666
43.804452,125.264666
43.804452,125.264666
43.804452,125.264666
43.804452,125.264666
43.804452,125.264666
43.804452,125.264666
43.804452,125.264666
43.804452,125.264666
43.804452,125.264666
43.804452,125.264666
43.804452,125.264666
43.804452,125.264666
43.804452,125.264666
43.804451,125.264815
43.804451,125.264815
43.804451,125.264815
43.804451,125.264815
43.804451,125.264815
43.804451,125.264815
43.804451,125.264815
43.804451,125.264815
43.804451,125.264815
43.804451,125.264815
43.804451,125.264815
43.804451,125.264815
43.804451,125.264815
43.804451,125.264815
43.804451,125.264815
43.804451,125.264815
43.804451,125.264815
43.804451,125.264815
43.804451,125.264815
43.804451,125.264815
43.804452,125.264931
43.804452,125.264931
43.804452,125.264931
43.804452,125.264931
43.804452,125.264931
43.804452,125.264931
43.804452,125.264931
43.804452,125.264931
43.804452,125.264931
43.804452,125.264931
43.804452,125.264931
43.804452,125.264931
43.804452,125.264931
43.804452,125.264931
43.804452,125.264931
43.804452,125.264931
43.804452,125.264931
43.804452,125.264931
43.804452,125.264931
43.804452,125.264931
43.804452,125.265051
43.804452,125.265051
43.804452,125.265051
43.804452,125.265051
43.804452,125.265051
43.804452,125.265051
43.804452,125.265051
43.804452,125.265051
43.804452,125.265051
43.804452,125.265051
43.804452,125.265051
43.804452,125.265051
43.804452,125.265051
43.804452,125.265051
43.804452,125.265051
43.804452,125.265051
43.804452,125.265051
43.804452,125.265051
43.804452,125.265051
43.804452,125.265051
43.804452,125.265161
43.804452,125.265161
43.804452,125.265161
43.804452,125.265161
43.804452,125.265161
43.804452,125.265161
43.804452,125.265161
43.804452,125.265161
43.804452,125.265161
43.804452,125.265161
43.804452,125.265161
43.804452,125.265161
43.804452,125.265161
43.804452,125.265161
43.804452,125.265161
43.804452,125.265161
43.804452,125.265161
43.804452,125.265161
43.804452,125.265161
43.804452,125.265161
43.804452,125.26528
43.804452,125.26528
43.804452,125.26528
43.804452,125.26528
43.804452,125.26528
43.804452,125.26528
43.804452,125.26528
43.804452,125.26528
43.804452,125.26528
43.804452,125.26528
43.804452,125.26528
43.804452,125.26528
43.804452,125.26528
43.804452,125.26528
43.804452,125.26528
43.804452,125.26528
43.804452,125.26528
43.804452,125.26528
43.804452,125.26528
43.804452,125.26528
43.804452,125.265395
43.804452,125.265395
43.804452,125.265395
43.804452,125.265395
43.804452,125.265395
43.804452,125.265395
43.804452,125.265395
43.804452,125.265395
43.804452,125.265395
43.804452,125.265395
43.804452,125.265395
43.804452,125.265395
43.804452,125.265395
43.804452,125.265395
43.804452,125.265395
43.804452,125.265395
43.804452,125.265395
43.804452,125.265395
43.804452,125.265395
43.804452,125.265395
43.804451,125.265511
43.804451,125.265511
43.804451,125.265511
43.804451,125.265511
43.804451,125.265511
43.804451,125.265511
43.804451,125.265511
43.804451,125.265511
43.804451,125.265511
43.804451,125.265511
43.804451,125.265511
43.804451,125.265511
43.804451,125.265511
43.804451,125.265511
43.804451,125.265511
43.804451,125.265511
43.804451,125.265511
43.804451,125.265511
43.804451,125.265511
43.804451,125.265511
43.80445,125.265623
43.80445,125.265623
43.80445,125.265623
43.80445,125.265623
43.80445,125.265623
43.80445,125.265623
43.80445,125.265623
43.80445,125.265623
43.80445,125.265623
43.80445,125.265623
43.80445,125.265623
43.80445,125.265623
43.80445,125.265623
43.80445,125.265623
43.80445,125.265623
43.80445,125.265623
43.80445,125.265623
43.80445,125.265623
43.80445,125.265623
43.80445,125.265623
43.804449,125.265739
43.804449,125.265739
43.804449,125.265739
43.804449,125.265739
43.804449,125.265739
43.804449,125.265739
43.804449,125.265739
43.804449,125.265739
43.804449,125.265739
43.804449,125.265739
43.804449,125.265739
43.804449,125.265739
43.804449,125.265739
43.804449,125.265739
43.804449,125.265739
43.804449,125.265739
43.804449,125.265739
43.804449,125.265739
43.804449,125.265739
43.804449,125.265739
43.804449,125.265849
43.804449,125.265849
43.804449,125.265849
43.804449,125.265849
43.804449,125.265849
43.804449,125.265849
43.804449,125.265849
43.804449,125.265849
43.804449,125.265849
43.804449,125.265849
43.804449,125.265849
43.804449,125.265849
43.804449,125.265849
43.804449,125.265849
43.804449,125.265849
43.804449,125.265849
43.804449,125.265849
43.804449,125.265849
43.804449,125.265849
43.804449,125.265849
43.804449,125.265952
43.804449,125.265952
43.804449,125.265952
43.804449,125.265952
43.804449,125.265952
43.804449,125.265952
43.804449,125.265952
43.804449,125.265952
43.804449,125.265952
43.804449,125.265952
43.804449,125.265952
43.804449,125.265952
43.804449,125.265952
43.804449,125.265952
43.804449,125.265952
43.804449,125.265952
43.804449,125.265952
43.804449,125.265952
43.804449,125.265952
43.804449,125.265952
43.804448,125.266068
43.804448,125.266068
43.804448,125.266068
43.804448,125.266068
43.804448,125.266068
43.804448,125.266068
43.804448,125.266068
43.804448,125.266068
43.804448,125.266068
43.804448,125.266068
43.804448,125.266068
43.804448,125.266068
43.804448,125.266068
43.804448,125.266068
43.804448,125.266068
43.804448,125.266068
43.804448,125.266068
43.804448,125.266068
43.804448,125.266068
43.804448,125.266068
43.804448,125.266173
43.804448,125.266173
43.804448,125.266173
43.804448,125.266173
43.804448,125.266173
43.804448,125.266173
43.804448,125.266173
43.804448,125.266173
43.804448,125.266173
43.804448,125.266173
43.804448,125.266173
43.804448,125.266173
43.804448,125.266173
43.804448,125.266173
43.804448,125.266173
43.804448,125.266173
43.804448,125.266173
43.804448,125.266173
43.804448,125.266173
43.804448,125.266173
43.804448,125.26629
43.804448,125.26629
43.804448,125.26629
43.804448,125.26629
43.804448,125.26629
43.804448,125.26629
43.804448,125.26629
43.804448,125.26629
43.804448,125.26629
43.804448,125.26629
43.804448,125.26629
43.804448,125.26629
43.804448,125.26629
43.804448,125.26629
43.804448,125.26629
43.804448,125.26629
43.804448,125.26629
43.804448,125.26629
43.804448,125.26629
43.804448,125.26629
43.804448,125.266404
43.804448,125.266404
43.804448,125.266404
43.804448,125.266404
43.804448,125.266404
43.804448,125.266404
43.804448,125.266404
43.804448,125.266404
43.804448,125.266404
43.804448,125.266404
43.804448,125.266404
43.804448,125.266404
43.804448,125.266404
43.804448,125.266404
43.804448,125.266404
43.804448,125.266404
43.804448,125.266404
43.804448,125.266404
43.804448,125.266404
43.804448,125.266404
43.804446,125.26651
43.804446,125.26651
43.804446,125.26651
43.804446,125.26651
43.804446,125.26651
43.804446,125.26651
43.804446,125.26651
43.804446,125.26651
43.804446,125.26651
43.804446,125.26651
43.804446,125.26651
43.804446,125.26651
43.804446,125.26651
43.804446,125.26651
43.804446,125.26651
43.804446,125.26651
43.804446,125.26651
43.804446,125.26651
43.804446,125.26651
43.804446,125.26651
43.804445,125.266612
43.804445,125.266612
43.804445,125.266612
43.804445,125.266612
43.804445,125.266612
43.804445,125.266612
43.804445,125.266612
43.804445,125.266612
43.804445,125.266612
43.804445,125.266612
43.804445,125.266612
43.804445,125.266612
43.804445,125.266612
43.804445,125.266612
43.804445,125.266612
43.804445,125.266612
43.804445,125.266612
43.804445,125.266612
43.804445,125.266612
43.804445,125.266612
43.804444,125.266704
43.804444,125.266704
43.804444,125.266704
43.804444,125.266704
43.804444,125.266704
43.804444,125.266704
43.804444,125.266704
43.804444,125.266704
43.804444,125.266704
43.804444,125.266704
43.804444,125.266704
43.804444,125.266704
43.804444,125.266704
43.804444,125.266704
43.804444,125.266704
43.804444,125.266704
43.804444,125.266704
43.804444,125.266704
43.804444,125.266704
43.804444,125.266704
43.804444,125.266796
43.804444,125.266796
43.804444,125.266796
43.804444,125.266796
43.804444,125.266796
43.804444,125.266796
43.804444,125.266796
43.804444,125.266796
43.804444,125.266796
43.804444,125.266796
43.804444,125.266796
43.804444,125.266796
43.804444,125.266796
43.804444,125.266796
43.804444,125.266796
43.804444,125.266796
43.804444,125.266796
43.804444,125.266796
43.804444,125.266796
43.804444,125.266796
43.804444,125.26689
43.804444,125.26689
43.804444,125.26689
43.804444,125.26689
43.804444,125.26689
43.804444,125.26689
43.804444,125.26689
43.804444,125.26689
43.804444,125.26689
43.804444,125.26689
43.804444,125.26689
43.804444,125.26689
43.804444,125.26689
43.804444,125.26689
43.804444,125.26689
43.804444,125.26689
43.804444,125.26689
43.804444,125.26689
43.804444,125.26689
43.804444,125.26689
43.804443,125.266975
43.804443,125.266975
43.804443,125.266975
43.804443,125.266975
43.804443,125.266975
43.804443,125.266975
43.804443,125.266975
43.804443,125.266975
43.804443,125.266975
43.804443,125.266975
43.804443,125.266975
43.804443,125.266975
43.804443,125.266975
43.804443,125.266975
43.804443,125.266975
43.804443,125.266975
43.804443,125.266975
43.804443,125.266975
43.804443,125.266975
43.804443,125.266975
43.804442,125.267048
43.804442,125.267048
43.804442,125.267048
43.804442,125.267048
43.804442,125.267048
43.804442,125.267048
43.804442,125.267048
43.804442,125.267048
43.804442,125.267048
43.804442,125.267048
43.804442,125.267048
43.804442,125.267048
43.804442,125.267048
43.804442,125.267048
43.804442,125.267048
43.804442,125.267048
43.804442,125.267048
43.804442,125.267048
43.804442,125.267048
43.804442,125.267048
43.804442,125.26711
43.804442,125.26711
43.804442,125.26711
43.804442,125.26711
43.804442,125.26711
43.804442,125.26711
43.804442,125.26711
43.804442,125.26711
43.804442,125.26711
43.804442,125.26711
43.804442,125.26711
43.804442,125.26711
43.804442,125.26711
43.804442,125.26711
43.804442,125.26711
43.804442,125.26711
43.804442,125.26711
43.804442,125.26711
43.804442,125.26711
43.804442,125.26711
43.804442,125.267169
43.804442,125.267169
43.804442,125.267169
43.804442,125.267169
43.804442,125.267169
43.804442,125.267169
43.804442,125.267169
43.804442,125.267169
43.804442,125.267169
43.804442,125.267169
43.804442,125.267169
43.804442,125.267169
43.804442,125.267169
43.804442,125.267169
43.804442,125.267169
43.804442,125.267169
43.804442,125.267169
43.804442,125.267169
43.804442,125.267169
43.804442,125.267169
43.804442,125.267217
43.804442,125.267217
43.804442,125.267217
43.804442,125.267217
43.804442,125.267217
43.804442,125.267217
43.804442,125.267217
43.804442,125.267217
43.804442,125.267217
43.804442,125.267217
43.804442,125.267217
43.804442,125.267217
43.804442,125.267217
43.804442,125.267217
43.804442,125.267217
43.804442,125.267217
43.804442,125.267217
43.804442,125.267217
43.804442,125.267217
43.804442,125.267217
43.804442,125.267261
43.804442,125.267261
43.804442,125.267261
43.804442,125.267261
43.804442,125.267261
43.804442,125.267261
43.804442,125.267261
43.804442,125.267261
43.804442,125.267261
43.804442,125.267261
43.804442,125.267261
43.804442,125.267261
43.804442,125.267261
43.804442,125.267261
43.804442,125.267261
43.804442,125.267261
43.804442,125.267261
43.804442,125.267261
43.804442,125.267261
43.804442,125.267261
43.804442,125.267298
43.804442,125.267298
43.804442,125.267298
43.804442,125.267298
43.804442,125.267298
43.804442,125.267298
43.804442,125.267298
43.804442,125.267298
43.804442,125.267298
43.804442,125.267298
43.804442,125.267298
43.804442,125.267298
43.804442,125.267298
43.804442,125.267298
43.804442,125.267298
43.804442,125.267298
43.804442,125.267298
43.804442,125.267298
43.804442,125.267298
43.804442,125.267298
43.804442,125.267338
43.804442,125.267338
43.804442,125.267338
43.804442,125.267338
43.804442,125.267338
43.804442,125.267338
43.804442,125.267338
43.804442,125.267338
43.804442,125.267338
43.804442,125.267338
43.804442,125.267338
43.804442,125.267338
43.804442,125.267338
43.804442,125.267338
43.804442,125.267338
43.804442,125.267338
43.804442,125.267338
43.804442,125.267338
43.804442,125.267338
43.804442,125.267338
43.804441,125.267369
43.804441,125.267369
43.804441,125.267369
43.804441,125.267369
43.804441,125.267369
43.804441,125.267369
43.804441,125.267369
43.804441,125.267369
43.804441,125.267369
43.804441,125.267369
43.804441,125.267369
43.804441,125.267369
43.804441,125.267369
43.804441,125.267369
43.804441,125.267369
43.804441,125.267369
43.804441,125.267369
43.804441,125.267369
43.804441,125.267369
43.804441,125.267369
43.804441,125.267399
43.804441,125.267399
43.804441,125.267399
43.804441,125.267399
43.804441,125.267399
43.804441,125.267399
43.804441,125.267399
43.804441,125.267399
43.804441,125.267399
43.804441,125.267399
43.804441,125.267399
43.804441,125.267399
43.804441,125.267399
43.804441,125.267399
43.804441,125.267399
43.804441,125.267399
43.804441,125.267399
43.804441,125.267399
43.804441,125.267399
43.804441,125.267399
43.804441,125.267425
43.804441,125.267425
43.804441,125.267425
43.804441,125.267425
43.804441,125.267425
43.804441,125.267425
43.804441,125.267425
43.804441,125.267425
43.804441,125.267425
43.804441,125.267425
43.804441,125.267425
43.804441,125.267425
43.804441,125.267425
43.804441,125.267425
43.804441,125.267425
43.804441,125.267425
43.804441,125.267425
43.804441,125.267425
43.804441,125.267425
43.804441,125.267425
43.80444,125.267443
43.80444,125.267443
43.80444,125.267443
43.80444,125.267443
43.80444,125.267443
43.80444,125.267443
43.80444,125.267443
43.80444,125.267443
43.80444,125.267443
43.80444,125.267443
43.80444,125.267443
43.80444,125.267443
43.80444,125.267443
43.80444,125.267443
43.80444,125.267443
43.80444,125.267443
43.80444,125.267443
43.80444,125.267443
43.80444,125.267443
43.80444,125.267443
43.80444,125.267455
43.80444,125.267455
43.80444,125.267455
43.80444,125.267455
43.80444,125.267455
43.80444,125.267455
43.80444,125.267455
43.80444,125.267455
43.80444,125.267455
43.80444,125.267455
43.80444,125.267455
43.80444,125.267455
43.80444,125.267455
43.80444,125.267455
43.80444,125.267455
43.80444,125.267455
43.80444,125.267455
43.80444,125.267455
43.80444,125.267455
43.80444,125.267455
43.80444,125.267461
43.80444,125.267461
43.80444,125.267461
43.80444,125.267461
43.80444,125.267461
43.80444,125.267461
43.80444,125.267461
43.80444,125.267461
43.80444,125.267461
43.80444,125.267461
43.80444,125.267461
43.80444,125.267461
43.80444,125.267461
43.80444,125.267461
43.80444,125.267461
43.80444,125.267461
43.80444,125.267456
43.80444,125.267456
43.80444,125.267456
43.80444,125.267456
43.80444,125.267456
43.80444,125.267456
43.80444,125.267456
43.80444,125.267456
43.80444,125.267456
43.80444,125.267456
43.80444,125.267456
43.80444,125.267457
43.80444,125.267457
43.80444,125.267457
43.80444,125.267457
43.80444,125.267457
43.80444,125.267457
43.80444,125.267457
43.80444,125.267457
43.80444,125.267457
43.80444,125.267457
43.80444,125.267457
43.80444,125.267457
43.80444,125.267457
43.80444,125.267457
43.80444,125.267457
43.80444,125.267457
43.80444,125.267457
43.80444,125.267457
43.80444,125.267457
43.80444,125.267457
43.80444,125.267457
43.80444,125.267457
43.80444,125.267457
43.80444,125.267457
43.80444,125.267457
43.80444,125.267457
43.80444,125.267457
43.80444,125.267457
43.80444,125.267457
43.80444,125.267457
43.80444,125.267457
43.80444,125.267457
43.80444,125.267457
43.80444,125.267457
43.80444,125.267457
43.80444,125.267457
43.80444,125.267457
43.80444,125.267457
43.80444,125.267457
43.80444,125.267457
43.80444,125.267457
43.80444,125.267457
43.80444,125.267457
43.80444,125.267457
43.80444,125.267457
43.80444,125.267457
43.80444,125.267457
43.80444,125.267457
43.80444,125.267457
43.80444,125.267457
43.80444,125.267457
43.80444,125.267457
43.80444,125.267457
43.80444,125.267457
43.80444,125.267457
43.80444,125.267457
43.80444,125.267457
43.80444,125.267457
43.80444,125.267457
43.80444,125.267457
43.80444,125.267457
43.80444,125.267457
43.80444,125.267457
43.80444,125.267457
43.80444,125.267457
43.80444,125.267457
43.80444,125.267457
43.80444,125.267457
43.80444,125.267457
43.80444,125.267457
43.80444,125.267457
43.80444,125.267457
43.80444,125.267457
43.80444,125.267457
43.80444,125.267457
43.80444,125.267457
43.80444,125.267457
43.80444,125.267457
43.80444,125.267457
43.80444,125.267457
43.80444,125.267457
43.80444,125.267457
43.80444,125.267457
43.80444,125.267457
43.80444,125.267457
43.80444,125.267457
43.80444,125.267457
43.80444,125.267457
43.80444,125.267457
43.80444,125.267457
43.80444,125.267457
43.80444,125.267457
43.80444,125.267457
43.80444,125.267457
43.80444,125.267457
43.80444,125.267457
43.80444,125.267457
43.80444,125.267457
43.80444,125.267457
43.80444,125.267457
43.80444,125.267457
43.80444,125.267457
43.80444,125.267457
43.80444,125.267457
43.80444,125.267457
43.80444,125.267457
43.80444,125.267457
43.80444,125.267457
43.80444,125.267457
43.80444,125.267457
43.80444,125.267457
43.80444,125.267457
43.80444,125.267457
43.80444,125.267457
43.80444,125.267457
43.80444,125.267457
43.80444,125.267457
43.80444,125.267457
43.80444,125.267457
43.80444,125.267457
43.80444,125.267457
43.80444,125.267457
43.80444,125.267457
43.80444,125.267457
43.80444,125.267457
43.80444,125.267457
43.80444,125.267457
43.80444,125.267457
43.80444,125.267457
43.80444,125.267457
43.80444,125.267457
43.80444,125.267457
43.80444,125.267457
43.80444,125.267457
43.80444,125.267457
43.80444,125.267457
43.80444,125.267457
43.80444,125.267457
43.80444,125.267457
43.80444,125.267457
43.80444,125.267457
43.80444,125.267457
43.80444,125.267457
43.80444,125.267457
43.80444,125.267457
43.80444,125.267457
43.80444,125.267457
43.80444,125.267457
43.80444,125.267457
43.80444,125.267457
43.80444,125.267457
43.80444,125.267457
43.80444,125.267457
43.80444,125.267457
43.80444,125.267457
43.80444,125.267457
43.80444,125.267457
43.80444,125.267457
43.80444,125.267457
43.80444,125.267457
43.80444,125.267457
43.80444,125.267457
43.80444,125.267457
43.80444,125.267457
43.80444,125.267457
43.80444,125.267457
43.80444,125.267457
43.80444,125.267457
43.80444,125.267457
43.80444,125.267457
43.80444,125.267457
43.80444,125.267457
43.80444,125.267457
43.80444,125.267457
43.80444,125.267457
43.80444,125.267457
43.80444,125.267457
43.80444,125.267457
43.80444,125.267457
43.80444,125.267457
43.80444,125.267457
43.80444,125.267457
43.80444,125.267457
43.80444,125.267457
43.80444,125.267457
43.80444,125.267457
43.80444,125.267457
43.80444,125.267457
43.80444,125.267457
43.80444,125.267457
43.80444,125.267457
43.80444,125.267457
43.80444,125.267457
43.80444,125.267457
43.80444,125.267457
43.80444,125.267457
43.80444,125.267457
43.80444,125.267457
43.80444,125.267457
43.80444,125.267457
43.80444,125.267457
43.80444,125.267457
43.80444,125.267457
43.80444,125.267457
43.80444,125.267457
43.80444,125.267457
43.80444,125.267457
43.80444,125.267457
43.80444,125.267457
43.80444,125.267457
43.80444,125.267457
43.80444,125.267457
43.80444,125.267457
43.80444,125.267457
43.80444,125.267457
43.80444,125.267457
43.80444,125.267457
43.80444,125.267457
43.80444,125.267457
43.80444,125.267457
43.80444,125.267457
43.80444,125.267457
43.80444,125.267457
43.80444,125.267457
43.80444,125.267457
43.80444,125.267457
43.80444,125.267457
43.80444,125.267457
43.80444,125.267457
43.80444,125.267457
43.80444,125.267457
43.80444,125.267457
43.80444,125.267457
43.80444,125.267457
43.80444,125.267457
43.80444,125.267457
43.80444,125.267457
43.80444,125.267457
43.80444,125.267457
43.80444,125.267457
43.80444,125.267457
43.80444,125.267457
43.80444,125.267457
43.80444,125.267457
43.80444,125.267457
43.80444,125.267457
43.80444,125.267457
43.80444,125.267457
43.80444,125.267457
43.80444,125.267457
43.80444,125.267457
43.80444,125.267457
43.80444,125.267457
43.80444,125.267457
43.80444,125.267457
43.80444,125.267457
43.80444,125.267457
43.80444,125.267457
43.80444,125.267457
43.80444,125.267457
43.80444,125.267457
43.80444,125.267457
43.80444,125.267457
43.80444,125.267457
43.80444,125.267457
43.80444,125.267457
43.80444,125.267457
43.80444,125.267457
43.80444,125.267457
43.80444,125.267457
43.80444,125.267457
43.80444,125.267457
43.80444,125.267457
43.80444,125.267457
43.80444,125.267457
43.80444,125.267457
43.80444,125.267457
43.80444,125.267457
43.80444,125.267457
43.80444,125.267457
43.80444,125.267457
43.80444,125.267457
43.80444,125.267457
43.80444,125.267457
43.80444,125.267457
43.80444,125.267457
43.80444,125.267457
43.80444,125.267457
43.80444,125.267457
43.80444,125.267457
43.80444,125.267457
43.80444,125.267457
43.80444,125.267457
43.80444,125.267457
43.80444,125.267457
43.80444,125.267457
43.80444,125.267457
43.80444,125.267457
43.80444,125.267457
43.80444,125.267457
43.80444,125.267457
43.80444,125.267457
43.80444,125.267457
43.80444,125.267457
43.80444,125.267457
43.80444,125.267457
43.80444,125.267457
43.80444,125.267457
43.80444,125.267457
43.80444,125.267457
43.80444,125.267457
43.80444,125.267457
43.80444,125.267457
43.80444,125.267457
43.80444,125.267457
43.80444,125.267457
43.80444,125.267457
43.80444,125.267457
43.80444,125.267457
43.80444,125.267457
43.80444,125.267457
43.80444,125.267457
43.80444,125.267457
43.80444,125.267457
43.80444,125.267457
43.80444,125.267457
43.80444,125.267457
43.80444,125.267457
43.80444,125.267457
43.80444,125.267457
43.80444,125.267457
43.80444,125.267457
43.80444,125.267457
43.80444,125.267457
43.80444,125.267457
43.80444,125.267457
43.80444,125.267457
43.80444,125.267457
43.80444,125.267457
43.80444,125.267457
43.80444,125.267457
43.80444,125.267457
43.80444,125.267457
43.80444,125.267457
43.80444,125.267457
43.80444,125.267457
43.80444,125.267457
43.80444,125.267457
43.80444,125.267457
43.80444,125.267457
43.80444,125.267457
43.80444,125.267457
43.80444,125.267457
43.80444,125.267457
43.80444,125.267457
43.80444,125.267457
43.80444,125.267457
43.80444,125.267457
43.80444,125.267457
43.80444,125.267457
43.80444,125.267457
43.80444,125.267457
43.80444,125.267457
43.80444,125.267457
43.80444,125.267457
43.80444,125.267457
43.80444,125.267457
43.80444,125.267457
43.80444,125.267457
43.80444,125.267457
43.80444,125.267457
43.80444,125.267457
43.80444,125.267457
43.80444,125.267457
43.80444,125.267457
43.80444,125.267457
43.80444,125.267457
43.80444,125.267457
43.80444,125.267457
43.80444,125.267457
43.80444,125.267457
43.80444,125.267457
43.80444,125.267457
43.80444,125.267457
43.80444,125.267457
43.80444,125.267457
43.80444,125.267457
43.80444,125.267457
43.80444,125.267457
43.80444,125.267457
43.80444,125.267457
43.80444,125.267457
43.80444,125.267457
43.80444,125.267457
43.80444,125.267457
43.80444,125.267457
43.80444,125.267457
43.80444,125.267457
43.80444,125.267457
43.80444,125.267457
43.80444,125.267457
43.80444,125.267457
43.80444,125.267457
43.80444,125.267457
43.80444,125.267457
43.80444,125.267457
43.80444,125.267457
43.80444,125.267457
43.80444,125.267457
43.80444,125.267457
43.80444,125.267457
43.80444,125.267457
43.80444,125.267457
43.80444,125.267457
43.80444,125.267457
43.80444,125.267457
43.80444,125.267457
43.80444,125.267457
43.80444,125.267457
43.80444,125.267457
43.80444,125.267457
43.80444,125.267457
43.80444,125.267457
43.80444,125.267457
43.80444,125.267457
43.80444,125.267457
43.80444,125.267457
43.80444,125.267457
43.80444,125.267457
43.80444,125.267457
43.80444,125.267457
43.80444,125.267457
43.80444,125.267457
43.80444,125.267457
43.80444,125.267457
43.80444,125.267457
43.80444,125.267457
43.80444,125.267457
43.80444,125.267457
43.80444,125.267457
43.80444,125.267457
43.80444,125.267457
43.80444,125.267457
43.80444,125.267457
43.80444,125.267457
43.80444,125.267457
43.80444,125.267457
43.80444,125.267457
43.80444,125.267457
43.80444,125.267457
43.80444,125.267457
43.80444,125.267457
43.80444,125.267457
43.80444,125.267457
43.80444,125.267457
43.80444,125.267457
43.80444,125.267457
43.80444,125.267457
43.80444,125.267457
43.80444,125.267457
43.80444,125.267457
43.80444,125.267457
43.80444,125.267457
43.80444,125.267457
43.80444,125.267457
43.80444,125.267457
43.80444,125.267457
43.80444,125.267457
43.80444,125.267457
43.80444,125.267457
43.80444,125.267457
43.80444,125.267457
43.80444,125.267457
43.80444,125.267457
43.80444,125.267457
43.80444,125.267457
43.80444,125.267457
43.80444,125.267457
43.80444,125.267457
43.80444,125.267457
43.80444,125.267457
43.80444,125.267457
43.80444,125.267457
43.80444,125.267457
43.80444,125.267457
43.80444,125.267457
43.80444,125.267457
43.80444,125.267457
43.80444,125.267457
43.80444,125.267457
43.80444,125.267457
43.80444,125.267457
43.80444,125.267457
43.80444,125.267457
43.80444,125.267457
43.80444,125.267457
43.80444,125.267457
43.80444,125.267457
43.80444,125.267457
43.80444,125.267457
43.80444,125.267457
43.80444,125.267457
43.80444,125.267457
43.80444,125.267457
43.80444,125.267457
43.80444,125.267457
43.80444,125.267457
43.80444,125.267457
43.80444,125.267457
43.80444,125.267457
43.80444,125.267457
43.80444,125.267457
43.80444,125.267457
43.80444,125.267457
43.80444,125.267457
43.80444,125.267457
43.80444,125.267457
43.80444,125.267457
43.80444,125.267457
43.80444,125.267457
43.80444,125.267457
43.80444,125.267457
43.80444,125.267457
43.80444,125.267457
43.80444,125.267457
43.80444,125.267457
43.80444,125.267457
43.80444,125.267457
43.80444,125.267457
43.80444,125.267457
43.80444,125.267457
43.80444,125.267457
43.80444,125.267457
43.80444,125.267457
43.80444,125.267457
43.80444,125.267457
43.80444,125.267457
43.80444,125.267457
43.80444,125.267457
43.80444,125.267457
43.80444,125.267457
43.80444,125.267457
43.80444,125.267457
43.80444,125.267457
43.80444,125.267457
43.80444,125.267457
43.80444,125.267457
43.80444,125.267457
43.80444,125.267457
43.80444,125.267457
43.80444,125.267457
43.80444,125.267457
43.80444,125.267457
43.80444,125.267457
43.80444,125.267457
43.80444,125.267457
43.80444,125.267457
43.80444,125.267457
43.80444,125.267457
43.80444,125.267457
43.80444,125.267457
43.80444,125.267457
43.80444,125.267457
43.80444,125.267457
43.80444,125.267457
43.80444,125.267457
43.80444,125.267457
43.80444,125.267457
43.80444,125.267457
43.80444,125.267457
43.80444,125.267457
43.80444,125.267457
43.80444,125.267457
43.80444,125.267457
43.80444,125.267457
43.80444,125.267457
43.80444,125.267457
43.80444,125.267457
43.80444,125.267457
43.80444,125.267457
43.80444,125.267457
43.80444,125.267457
43.80444,125.267457
43.80444,125.267457
43.80444,125.267457
43.80444,125.267457
43.80444,125.267457
43.80444,125.267457
43.80444,125.267457
43.80444,125.267457
43.80444,125.267457
43.80444,125.267457
43.80444,125.267457
43.80444,125.267457
43.80444,125.267457
43.80444,125.267457
43.80444,125.267457
43.80444,125.267457
43.80444,125.267457
43.80444,125.267457
43.80444,125.267457
43.80444,125.267457
43.80444,125.267457
43.80444,125.267457
43.80444,125.267457
43.80444,125.267457
43.80444,125.267457
43.80444,125.267457
43.80444,125.267457
43.80444,125.267457
43.80444,125.267457
43.80444,125.267457
43.80444,125.267457
43.80444,125.267457
43.80444,125.267457
43.80444,125.267457
43.80444,125.267457
43.80444,125.267457
43.80444,125.267457
43.80444,125.267457
43.80444,125.267457
43.80444,125.267457
43.80444,125.267457
43.80444,125.267457
43.80444,125.267457
43.80444,125.267457
43.80444,125.267457
43.80444,125.267457
43.80444,125.267457
43.80444,125.267457
43.80444,125.267457
43.80444,125.267457
43.80444,125.267457
43.80444,125.267457
43.80444,125.267457
43.80444,125.267457
43.80444,125.267457
43.80444,125.267457
43.80444,125.267457
43.80444,125.267457
43.80444,125.267457
43.80444,125.267457
43.80444,125.267457
43.80444,125.267457
43.80444,125.267457
43.80444,125.267457
43.80444,125.267457
43.80444,125.267457
43.80444,125.267457
43.80444,125.267457
43.80444,125.267457
43.80444,125.267457
43.80444,125.267457
43.80444,125.267457
43.80444,125.267457
43.80444,125.267457
43.80444,125.267457
43.80444,125.267457
43.80444,125.267457
43.80444,125.267457
43.80444,125.267457
43.80444,125.267457
43.80444,125.267457
43.80444,125.267457
43.80444,125.267457
43.80444,125.267457
43.80444,125.267457
43.80444,125.267457
43.80444,125.267457
43.80444,125.267457
43.80444,125.267457
43.80444,125.267457
43.80444,125.267457
43.80444,125.267457
43.80444,125.267457
43.80444,125.267457
43.80444,125.267457
43.80444,125.267457
43.80444,125.267457
43.80444,125.267457
43.80444,125.267457
43.80444,125.267457
43.80444,125.267457
43.80444,125.267457
43.80444,125.267457
43.80444,125.267457
43.80444,125.267457
43.80444,125.267457
43.80444,125.267457
43.80444,125.267457
43.80444,125.267457
43.80444,125.267457
43.80444,125.267457
43.80444,125.267457
43.80444,125.267457
43.80444,125.267457
43.80444,125.267457
43.80444,125.267457
43.80444,125.267457
43.80444,125.267457
43.80444,125.267457
43.80444,125.267457
43.80444,125.267457
43.80444,125.267457
43.80444,125.267457
43.80444,125.267457
43.80444,125.267457
43.80444,125.267457
43.80444,125.267457
43.80444,125.267457
43.80444,125.267457
43.80444,125.267457
43.80444,125.267457
43.80444,125.267457
43.80444,125.267457
43.80444,125.267457
43.80444,125.267457
43.80444,125.267457
43.80444,125.267457
43.80444,125.267457
43.80444,125.26746
43.80444,125.26746
43.80444,125.26746
43.80444,125.26746
43.80444,125.26746
43.80444,125.26746
43.80444,125.26746
43.80444,125.26746
43.80444,125.26746
43.80444,125.26746
43.80444,125.26746
43.80444,125.26746
43.80444,125.26746
43.80444,125.26746
43.80444,125.26746
43.80444,125.26746
43.80444,125.26746
43.80444,125.26746
43.80444,125.26746
43.80444,125.26746
43.804439,125.267482
43.804439,125.267482
43.804439,125.267482
43.804439,125.267482
43.804439,125.267482
43.804439,125.267482
43.804439,125.267482
43.804439,125.267482
43.804439,125.267482
43.804439,125.267482
43.804439,125.267482
43.804439,125.267482
43.804439,125.267482
43.804439,125.267482
43.804439,125.267482
43.804439,125.267482
43.804439,125.267482
43.804439,125.267482
43.804439,125.267482
43.804439,125.267482
43.804439,125.267512
43.804439,125.267512
43.804439,125.267512
43.804439,125.267512
43.804439,125.267512
43.804439,125.267512
43.804439,125.267512
43.804439,125.267512
43.804439,125.267512
43.804439,125.267512
43.804439,125.267512
43.804439,125.267512
43.804439,125.267512
43.804439,125.267512
43.804439,125.267512
43.804439,125.267512
43.804439,125.267512
43.804439,125.267512
43.804439,125.267512
43.804439,125.267512
43.804438,125.267557
43.804438,125.267557
43.804438,125.267557
43.804438,125.267557
43.804438,125.267557
43.804438,125.267557
43.804438,125.267557
43.804438,125.267557
43.804438,125.267557
43.804438,125.267557
43.804438,125.267557
43.804438,125.267557
43.804438,125.267557
43.804438,125.267557
43.804438,125.267557
43.804438,125.267557
43.804438,125.267557
43.804438,125.267557
43.804438,125.267557
43.804438,125.267557
43.804437,125.267608
43.804437,125.267608
43.804437,125.267608
43.804437,125.267608
43.804437,125.267608
43.804437,125.267608
43.804437,125.267608
43.804437,125.267608
43.804437,125.267608
43.804437,125.267608
43.804437,125.267608
43.804437,125.267608
43.804437,125.267608
43.804437,125.267608
43.804437,125.267608
43.804437,125.267608
43.804437,125.267608
43.804437,125.267608
43.804437,125.267608
43.804437,125.267608
43.804437,125.267662
43.804437,125.267662
43.804437,125.267662
43.804437,125.267662
43.804437,125.267662
43.804437,125.267662
43.804437,125.267662
43.804437,125.267662
43.804437,125.267662
43.804437,125.267662
43.804437,125.267662
43.804437,125.267662
43.804437,125.267662
43.804437,125.267662
43.804437,125.267662
43.804437,125.267662
43.804437,125.267662
43.804437,125.267662
43.804437,125.267662
43.804437,125.267662
43.804436,125.267721
43.804436,125.267721
43.804436,125.267721
43.804436,125.267721
43.804436,125.267721
43.804436,125.267721
43.804436,125.267721
43.804436,125.267721
43.804436,125.267721
43.804436,125.267721
43.804436,125.267721
43.804436,125.267721
43.804436,125.267721
43.804436,125.267721
43.804436,125.267721
43.804436,125.267721
43.804436,125.267721
43.804436,125.267721
43.804436,125.267721
43.804436,125.267721
43.804436,125.267789
43.804436,125.267789
43.804436,125.267789
43.804436,125.267789
43.804436,125.267789
43.804436,125.267789
43.804436,125.267789
43.804436,125.267789
43.804436,125.267789
43.804436,125.267789
43.804436,125.267789
43.804436,125.267789
43.804436,125.267789
43.804436,125.267789
43.804436,125.267789
43.804436,125.267789
43.804436,125.267789
43.804436,125.267789
43.804436,125.267789
43.804436,125.267789
43.804436,125.267856
43.804436,125.267856
43.804436,125.267856
43.804436,125.267856
43.804436,125.267856
43.804436,125.267856
43.804436,125.267856
43.804436,125.267856
43.804436,125.267856
43.804436,125.267856
43.804436,125.267856
43.804436,125.267856
43.804436,125.267856
43.804436,125.267856
43.804436,125.267856
43.804436,125.267856
43.804436,125.267856
43.804436,125.267856
43.804436,125.267856
43.804436,125.267856
43.804436,125.267921
43.804436,125.267921
43.804436,125.267921
43.804436,125.267921
43.804436,125.267921
43.804436,125.267921
43.804436,125.267921
43.804436,125.267921
43.804436,125.267921
43.804436,125.267921
43.804436,125.267921
43.804436,125.267921
43.804436,125.267921
43.804436,125.267921
43.804436,125.267921
43.804436,125.267921
43.804436,125.267921
43.804436,125.267921
43.804436,125.267921
43.804436,125.267921
43.804436,125.26799
43.804436,125.26799
43.804436,125.26799
43.804436,125.26799
43.804436,125.26799
43.804436,125.26799
43.804436,125.26799
43.804436,125.26799
43.804436,125.26799
43.804436,125.26799
43.804436,125.26799
43.804436,125.26799
43.804436,125.26799
43.804436,125.26799
43.804436,125.26799
43.804436,125.26799
43.804436,125.26799
43.804436,125.26799
43.804436,125.26799
43.804436,125.26799
43.804435,125.268077
43.804435,125.268077
43.804435,125.268077
43.804435,125.268077
43.804435,125.268077
43.804435,125.268077
43.804435,125.268077
43.804435,125.268077
43.804435,125.268077
43.804435,125.268077
43.804435,125.268077
43.804435,125.268077
43.804435,125.268077
43.804435,125.268077
43.804435,125.268077
43.804435,125.268077
43.804435,125.268077
43.804435,125.268077
43.804435,125.268077
43.804435,125.268077
43.804435,125.268153
43.804435,125.268153
43.804435,125.268153
43.804435,125.268153
43.804435,125.268153
43.804435,125.268153
43.804435,125.268153
43.804435,125.268153
43.804435,125.268153
43.804435,125.268153
43.804435,125.268153
43.804435,125.268153
43.804435,125.268153
43.804435,125.268153
43.804435,125.268153
43.804435,125.268153
43.804435,125.268153
43.804435,125.268153
43.804435,125.268153
43.804435,125.268153
43.804434,125.268209
43.804434,125.268209
43.804434,125.268209
43.804434,125.268209
43.804434,125.268209
43.804434,125.268209
43.804434,125.268209
43.804434,125.268209
43.804434,125.268209
43.804434,125.268209
43.804434,125.268209
43.804434,125.268209
43.804434,125.268209
43.804434,125.268209
43.804434,125.268209
43.804434,125.268209
43.804434,125.268209
43.804434,125.268209
43.804434,125.268209
43.804434,125.268209
43.804432,125.268371
43.804432,125.268371
43.804432,125.268371
43.804432,125.268371
43.804432,125.268371
43.804432,125.268371
43.804432,125.268371
43.804432,125.268371
43.804432,125.268371
43.804432,125.268371
43.804432,125.268371
43.804432,125.268371
43.804432,125.268371
43.804432,125.268371
43.804432,125.268371
43.804432,125.268371
43.804432,125.268371
43.804432,125.268371
43.804432,125.268371
43.804432,125.268371
43.804432,125.268471
43.804432,125.268471
43.804432,125.268471
43.804432,125.268471
43.804432,125.268471
43.804432,125.268471
43.804432,125.268471
43.804432,125.268471
43.804432,125.268471
43.804432,125.268471
43.804432,125.268471
43.804432,125.268471
43.804432,125.268471
43.804432,125.268471
43.804432,125.268471
43.804432,125.268471
43.804432,125.268471
43.804432,125.268471
43.804432,125.268471
43.804432,125.268471
43.804431,125.268588
43.804431,125.268588
43.804431,125.268588
43.804431,125.268588
43.804431,125.268588
43.804431,125.268588
43.804431,125.268588
43.804431,125.268588
43.804431,125.268588
43.804431,125.268588
43.804431,125.268588
43.804431,125.268588
43.804431,125.268588
43.804431,125.268588
43.804431,125.268588
43.804431,125.268588
43.804431,125.268588
43.804431,125.268588
43.804431,125.268588
43.804431,125.268588
43.804429,125.268712
43.804429,125.268712
43.804429,125.268712
43.804429,125.268712
43.804429,125.268712
43.804429,125.268712
43.804429,125.268712
43.804429,125.268712
43.804429,125.268712
43.804429,125.268712
43.804429,125.268712
43.804429,125.268712
43.804429,125.268712
43.804429,125.268712
43.804429,125.268712
43.804429,125.268712
43.804429,125.268712
43.804429,125.268712
43.804429,125.268712
43.804429,125.268712
43.804427,125.26884
43.804427,125.26884
43.804427,125.26884
43.804427,125.26884
43.804427,125.26884
43.804427,125.26884
43.804427,125.26884
43.804427,125.26884
43.804427,125.26884
43.804427,125.26884
43.804427,125.26884
43.804427,125.26884
43.804427,125.26884
43.804427,125.26884
43.804427,125.26884
43.804427,125.26884
43.804427,125.26884
43.804427,125.26884
43.804427,125.26884
43.804427,125.26884
43.804427,125.268976
43.804427,125.268976
43.804427,125.268976
43.804427,125.268976
43.804427,125.268976
43.804427,125.268976
43.804427,125.268976
43.804427,125.268976
43.804427,125.268976
43.804427,125.268976
43.804427,125.268976
43.804427,125.268976
43.804427,125.268976
43.804427,125.268976
43.804427,125.268976
43.804427,125.268976
43.804427,125.268976
43.804427,125.268976
43.804427,125.268976
43.804427,125.268976
43.804426,125.269118
43.804426,125.269118
43.804426,125.269118
43.804426,125.269118
43.804426,125.269118
43.804426,125.269118
43.804426,125.269118
43.804426,125.269118
43.804426,125.269118
43.804426,125.269118
43.804426,125.269118
43.804426,125.269118
43.804426,125.269118
43.804426,125.269118
43.804426,125.269118
43.804426,125.269118
43.804426,125.269118
43.804426,125.269118
43.804426,125.269118
43.804426,125.269118
43.804426,125.269268
43.804426,125.269268
43.804426,125.269268
43.804426,125.269268
43.804426,125.269268
43.804426,125.269268
43.804426,125.269268
43.804426,125.269268
43.804426,125.269268
43.804426,125.269268
43.804426,125.269268
43.804426,125.269268
43.804426,125.269268
43.804426,125.269268
43.804426,125.269268
43.804426,125.269268
43.804426,125.269268
43.804426,125.269268
43.804426,125.269268
43.804426,125.269268
43.804425,125.26942
43.804425,125.26942
43.804425,125.26942
43.804425,125.26942
43.804425,125.26942
43.804425,125.26942
43.804425,125.26942
43.804425,125.26942
43.804425,125.26942
43.804425,125.26942
43.804425,125.26942
43.804425,125.26942
43.804425,125.26942
43.804425,125.26942
43.804425,125.26942
43.804425,125.26942
43.804425,125.26942
43.804425,125.26942
43.804425,125.26942
43.804425,125.26942
43.804426,125.269577
43.804426,125.269577
43.804426,125.269577
43.804426,125.269577
43.804426,125.269577
43.804426,125.269577
43.804426,125.269577
43.804426,125.269577
43.804426,125.269577
43.804426,125.269577
43.804426,125.269577
43.804426,125.269577
43.804426,125.269577
43.804426,125.269577
43.804426,125.269577
43.804426,125.269577
43.804426,125.269577
43.804426,125.269577
43.804426,125.269577
43.804426,125.269577
43.804432,125.269742
43.804432,125.269742
43.804432,125.269742
43.804432,125.269742
43.804432,125.269742
43.804432,125.269742
43.804432,125.269742
43.804432,125.269742
43.804432,125.269742
43.804432,125.269742
43.804432,125.269742
43.804432,125.269742
43.804432,125.269742
43.804432,125.269742
43.804432,125.269742
43.804432,125.269742
43.804432,125.269742
43.804432,125.269742
43.804432,125.269742
43.804432,125.269742
43.804437,125.269931
43.804437,125.269931
43.804437,125.269931
43.804437,125.269931
43.804437,125.269931
43.804437,125.269931
43.804437,125.269931
43.804437,125.269931
43.804437,125.269931
43.804437,125.269931
43.804437,125.269931
43.804437,125.269931
43.804437,125.269931
43.804437,125.269931
43.804437,125.269931
43.804437,125.269931
43.804437,125.269931
43.804437,125.269931
43.804437,125.269931
43.804437,125.269931
43.804442,125.270128
43.804442,125.270128
43.804442,125.270128
43.804442,125.270128
43.804442,125.270128
43.804442,125.270128
43.804442,125.270128
43.804442,125.270128
43.804442,125.270128
43.804442,125.270128
43.804442,125.270128
43.804442,125.270128
43.804442,125.270128
43.804442,125.270128
43.804442,125.270128
43.804442,125.270128
43.804442,125.270128
43.804442,125.270128
43.804442,125.270128
43.804442,125.270128
43.804437,125.270323
43.804437,125.270323
43.804437,125.270323
43.804437,125.270323
43.804437,125.270323
43.804437,125.270323
43.804437,125.270323
43.804437,125.270323
43.804437,125.270323
43.804437,125.270323
43.804437,125.270323
43.804437,125.270323
43.804437,125.270323
43.804437,125.270323
43.804437,125.270323
43.804437,125.270323
43.804437,125.270323
43.804437,125.270323
43.804437,125.270323
43.804437,125.270323
43.80443,125.270501
43.80443,125.270501
43.80443,125.270501
43.80443,125.270501
43.80443,125.270501
43.80443,125.270501
43.80443,125.270501
43.80443,125.270501
43.80443,125.270501
43.80443,125.270501
43.80443,125.270501
43.80443,125.270501
43.80443,125.270501
43.80443,125.270501
43.80443,125.270501
43.80443,125.270501
43.80443,125.270501
43.80443,125.270501
43.80443,125.270501
43.80443,125.270501
43.804424,125.270691
43.804424,125.270691
43.804424,125.270691
43.804424,125.270691
43.804424,125.270691
43.804424,125.270691
43.804424,125.270691
43.804424,125.270691
43.804424,125.270691
43.804424,125.270691
43.804424,125.270691
43.804424,125.270691
43.804424,125.270691
43.804424,125.270691
43.804424,125.270691
43.804424,125.270691
43.804424,125.270691
43.804424,125.270691
43.804424,125.270691
43.804424,125.270691
43.804416,125.270877
43.804416,125.270877
43.804416,125.270877
43.804416,125.270877
43.804416,125.270877
43.804416,125.270877
43.804416,125.270877
43.804416,125.270877
43.804416,125.270877
43.804416,125.270877
43.804416,125.270877
43.804416,125.270877
43.804416,125.270877
43.804416,125.270877
43.804416,125.270877
43.804416,125.270877
43.804416,125.270877
43.804416,125.270877
43.804416,125.270877
43.804416,125.270877
43.804412,125.27108
43.804412,125.27108
43.804412,125.27108
43.804412,125.27108
43.804412,125.27108
43.804412,125.27108
43.804412,125.27108
43.804412,125.27108
43.804412,125.27108
43.804412,125.27108
43.804412,125.27108
43.804412,125.27108
43.804412,125.27108
43.804412,125.27108
43.804412,125.27108
43.804412,125.27108
43.804412,125.27108
43.804412,125.27108
43.804412,125.27108
43.804412,125.27108
43.804409,125.271233
43.804409,125.271233
43.804409,125.271233
43.804409,125.271233
43.804409,125.271233
43.804409,125.271233
43.804409,125.271233
43.804409,125.271233
43.804409,125.271233
43.804409,125.271233
43.804409,125.271233
43.804409,125.271233
43.804409,125.271233
43.804409,125.271233
43.804409,125.271233
43.804409,125.271233
43.804409,125.271233
43.804409,125.271233
43.804409,125.271233
43.804409,125.271233
43.804408,125.271433
43.804408,125.271433
43.804408,125.271433
43.804408,125.271433
43.804408,125.271433
43.804408,125.271433
43.804408,125.271433
43.804408,125.271433
43.804408,125.271433
43.804408,125.271433
43.804408,125.271433
43.804408,125.271433
43.804408,125.271433
43.804408,125.271433
43.804408,125.271433
43.804408,125.271433
43.804408,125.271433
43.804408,125.271433
43.804408,125.271433
43.804408,125.271433
43.804407,125.271605
43.804407,125.271605
43.804407,125.271605
43.804407,125.271605
43.804407,125.271605
43.804407,125.271605
43.804407,125.271605
43.804407,125.271605
43.804407,125.271605
43.804407,125.271605
43.804407,125.271605
43.804407,125.271605
43.804407,125.271605
43.804407,125.271605
43.804407,125.271605
43.804407,125.271605
43.804407,125.271605
43.804407,125.271605
43.804407,125.271605
43.804407,125.271605
43.804407,125.271766
43.804407,125.271766
43.804407,125.271766
43.804407,125.271766
43.804407,125.271766
43.804407,125.271766
43.804407,125.271766
43.804407,125.271766
43.804407,125.271766
43.804407,125.271766
43.804407,125.271766
43.804407,125.271766
43.804407,125.271766
43.804407,125.271766
43.804407,125.271766
43.804407,125.271766
43.804407,125.271766
43.804407,125.271766
43.804407,125.271766
43.804407,125.271766
43.804407,125.271907
43.804407,125.271907
43.804407,125.271907
43.804407,125.271907
43.804407,125.271907
43.804407,125.271907
43.804407,125.271907
43.804407,125.271907
43.804407,125.271907
43.804407,125.271907
43.804407,125.271907
43.804407,125.271907
43.804407,125.271907
43.804407,125.271907
43.804407,125.271907
43.804407,125.271907
43.804407,125.271907
43.804407,125.271907
43.804407,125.271907
43.804407,125.271907
43.804406,125.272055
43.804406,125.272055
43.804406,125.272055
43.804406,125.272055
43.804406,125.272055
43.804406,125.272055
43.804406,125.272055
43.804406,125.272055
43.804406,125.272055
43.804406,125.272055
43.804406,125.272055
43.804406,125.272055
43.804406,125.272055
43.804406,125.272055
43.804406,125.272055
43.804406,125.272055
43.804406,125.272055
43.804406,125.272055
43.804406,125.272055
43.804406,125.272055
43.804405,125.272191
43.804405,125.272191
43.804405,125.272191
43.804405,125.272191
43.804405,125.272191
43.804405,125.272191
43.804405,125.272191
43.804405,125.272191
43.804405,125.272191
43.804405,125.272191
43.804405,125.272191
43.804405,125.272191
43.804405,125.272191
43.804405,125.272191
43.804405,125.272191
43.804405,125.272191
43.804405,125.272191
43.804405,125.272191
43.804405,125.272191
43.804405,125.272191
43.804405,125.27232
43.804405,125.27232
43.804405,125.27232
43.804405,125.27232
43.804405,125.27232
43.804405,125.27232
43.804405,125.27232
43.804405,125.27232
43.804405,125.27232
43.804405,125.27232
43.804405,125.27232
43.804405,125.27232
43.804405,125.27232
43.804405,125.27232
43.804405,125.27232
43.804405,125.27232
43.804405,125.27232
43.804405,125.27232
43.804405,125.27232
43.804405,125.27232
43.804404,125.272424
43.804404,125.272424
43.804404,125.272424
43.804404,125.272424
43.804404,125.272424
43.804404,125.272424
43.804404,125.272424
43.804404,125.272424
43.804404,125.272424
43.804404,125.272424
43.804404,125.272424
43.804404,125.272424
43.804404,125.272424
43.804404,125.272424
43.804404,125.272424
43.804404,125.272424
43.804404,125.272424
43.804404,125.272424
43.804404,125.272424
43.804404,125.272424
43.804402,125.272543
43.804402,125.272543
43.804402,125.272543
43.804402,125.272543
43.804402,125.272543
43.804402,125.272543
43.804402,125.272543
43.804402,125.272543
43.804402,125.272543
43.804402,125.272543
43.804402,125.272543
43.804402,125.272543
43.804402,125.272543
43.804402,125.272543
43.804402,125.272543
43.804402,125.272543
43.804402,125.272543
43.804402,125.272543
43.804402,125.272543
43.804402,125.272543
43.804397,125.272656
43.804397,125.272656
43.804397,125.272656
43.804397,125.272656
43.804397,125.272656
43.804397,125.272656
43.804397,125.272656
43.804397,125.272656
43.804397,125.272656
43.804397,125.272656
43.804397,125.272656
43.804397,125.272656
43.804397,125.272656
43.804397,125.272656
43.804397,125.272656
43.804397,125.272656
43.804397,125.272656
43.804397,125.272656
43.804397,125.272656
43.804397,125.272656
43.804388,125.272765
43.804388,125.272765
43.804388,125.272765
43.804388,125.272765
43.804388,125.272765
43.804388,125.272765
43.804388,125.272765
43.804388,125.272765
43.804388,125.272765
43.804388,125.272765
43.804388,125.272765
43.804388,125.272765
43.804388,125.272765
43.804388,125.272765
43.804388,125.272765
43.804388,125.272765
43.804388,125.272765
43.804388,125.272765
43.804388,125.272765
43.804388,125.272765
43.804375,125.272876
43.804375,125.272876
43.804375,125.272876
43.804375,125.272876
43.804375,125.272876
43.804375,125.272876
43.804375,125.272876
43.804375,125.272876
43.804375,125.272876
43.804375,125.272876
43.804375,125.272876
43.804375,125.272876
43.804375,125.272876
43.804375,125.272876
43.804375,125.272876
43.804375,125.272876
43.804375,125.272876
43.804375,125.272876
43.804375,125.272876
43.804375,125.272876
43.80437,125.272973
43.80437,125.272973
43.80437,125.272973
43.80437,125.272973
43.80437,125.272973
43.80437,125.272973
43.80437,125.272973
43.80437,125.272973
43.80437,125.272973
43.80437,125.272973
43.80437,125.272973
43.80437,125.272973
43.80437,125.272973
43.80437,125.272973
43.80437,125.272973
43.80437,125.272973
43.80437,125.272973
43.80437,125.272973
43.80437,125.272973
43.80437,125.272973
43.804369,125.273058
43.804369,125.273058
43.804369,125.273058
43.804369,125.273058
43.804369,125.273058
43.804369,125.273058
43.804369,125.273058
43.804369,125.273058
43.804369,125.273058
43.804369,125.273058
43.804369,125.273058
43.804369,125.273058
43.804369,125.273058
43.804369,125.273058
43.804369,125.273058
43.804369,125.273058
43.804369,125.273058
43.804369,125.273058
43.804369,125.273058
43.804369,125.273058
43.80437,125.273128
43.80437,125.273128
43.80437,125.273128
43.80437,125.273128
43.80437,125.273128
43.80437,125.273128
43.80437,125.273128
43.80437,125.273128
43.80437,125.273128
43.80437,125.273128
43.80437,125.273128
43.80437,125.273128
43.80437,125.273128
43.80437,125.273128
43.80437,125.273128
43.80437,125.273128
43.80437,125.273128
43.80437,125.273128
43.80437,125.273128
43.80437,125.273128
43.80437,125.273186
43.80437,125.273186
43.80437,125.273186
43.80437,125.273186
43.80437,125.273186
43.80437,125.273186
43.80437,125.273186
43.80437,125.273186
43.80437,125.273186
43.80437,125.273186
43.80437,125.273186
43.80437,125.273186
43.80437,125.273186
43.80437,125.273186
43.80437,125.273186
43.80437,125.273186
43.80437,125.273186
43.80437,125.273186
43.80437,125.273186
43.80437,125.273186
43.804369,125.273227
43.804369,125.273227
43.804369,125.273227
43.804369,125.273227
43.804369,125.273227
43.804369,125.273227
43.804369,125.273227
43.804369,125.273227
43.804369,125.273227
43.804369,125.273227
43.804369,125.273227
43.804369,125.273227
43.804369,125.273227
43.804369,125.273227
43.804369,125.273227
43.804369,125.273227
43.804369,125.273227
43.804369,125.273227
43.804369,125.273227
43.804369,125.273227
43.804369,125.27321
43.804369,125.27321
43.804369,125.27321
43.804369,125.27321
43.804369,125.27321
43.804369,125.27321
43.804369,125.27321
43.804369,125.27321
43.804369,125.27321
43.804369,125.27321
43.804369,125.27321
43.804369,125.27321
43.804369,125.27321
43.804369,125.27321
43.804369,125.27321
43.804369,125.27321
43.804369,125.27321
43.804369,125.27321
43.804369,125.27321
43.804369,125.27321
43.804368,125.273232
43.804368,125.273232
43.804368,125.273232
43.804368,125.273232
43.804368,125.273232
43.804368,125.273232
43.804368,125.273232
43.804368,125.273232
43.804368,125.273232
43.804368,125.273232
43.804368,125.273232
43.804368,125.273232
43.804368,125.273232
43.804368,125.273232
43.804368,125.273232
43.804368,125.273232
43.804368,125.273232
43.804368,125.273232
43.804368,125.273232
43.804368,125.273232
43.804369,125.273291
43.804369,125.273291
43.804369,125.273291
43.804369,125.273291
43.804369,125.273291
43.804369,125.273291
43.804369,125.273291
43.804369,125.273291
43.804369,125.273291
43.804369,125.273291
43.804369,125.273291
43.804369,125.273291
43.804369,125.273291
43.804369,125.273291
43.804369,125.273291
43.804369,125.273291
43.804369,125.273291
43.804369,125.273291
43.804369,125.273291
43.804369,125.273291
43.804369,125.273307
43.804369,125.273307
43.804369,125.273307
43.804369,125.273307
43.804369,125.273307
43.804369,125.273307
43.804369,125.273307
43.804369,125.273307
43.804369,125.273307
43.804369,125.273307
43.804369,125.273307
43.804369,125.273307
43.804369,125.273307
43.804369,125.273307
43.804369,125.273307
43.804369,125.273307
43.804369,125.273307
43.804369,125.273307
43.804369,125.273307
43.804369,125.273307
43.804369,125.273317
43.804369,125.273317
43.804369,125.273317
43.804369,125.273317
43.804369,125.273317
43.804369,125.273317
43.804369,125.273317
43.804369,125.273317
43.804369,125.273317
43.804369,125.273317
43.804369,125.273317
43.804369,125.273317
43.804369,125.273317
43.804369,125.273317
43.804369,125.273317
43.804369,125.273317
43.804369,125.273317
43.804369,125.273317
43.804369,125.273317
43.804369,125.273317
43.804368,125.273327
43.804368,125.273327
43.804368,125.273327
43.804368,125.273327
43.804368,125.273327
43.804368,125.273327
43.804368,125.273327
43.804368,125.273327
43.804368,125.273327
43.804368,125.273327
43.804368,125.273327
43.804368,125.273327
43.804368,125.273327
43.804368,125.273327
43.804368,125.273327
43.804368,125.273328
43.804368,125.273328
43.804368,125.273328
43.804368,125.273328
43.804368,125.273328
43.804368,125.273328
43.804368,125.273328
43.804368,125.273328
43.804368,125.273328
43.804368,125.273328
43.804368,125.273328
43.804368,125.273328
43.804368,125.273328
43.804368,125.273328
43.804368,125.273328
43.804368,125.273328
43.804368,125.273328
43.804368,125.273328
43.804368,125.273328
43.804368,125.273328
43.804368,125.273328
43.804368,125.273328
43.804368,125.273328
43.804368,125.273328
43.804368,125.273328
43.804368,125.273328
43.804368,125.273328
43.804368,125.273328
43.804368,125.273328
43.804368,125.273328
43.804368,125.273328
43.804368,125.273328
43.804368,125.273328
43.804368,125.273328
43.804368,125.273328
43.804368,125.273328
43.804368,125.273328
43.804368,125.273328
43.804368,125.273328
43.804368,125.273328
43.804368,125.273328
43.804368,125.273328
43.804368,125.273328
43.804368,125.273328
43.804368,125.273328
43.804368,125.273328
43.804368,125.273328
43.804368,125.273328
43.804368,125.273328
43.804368,125.273328
43.804368,125.273328
43.804368,125.273328
43.804368,125.273328
43.804368,125.273328
43.804368,125.273328
43.804368,125.273328
43.804368,125.273328
43.804368,125.273328
43.804368,125.273328
43.804368,125.273328
43.804368,125.273328
43.804368,125.273328
43.804368,125.273328
43.804368,125.273328
43.804368,125.273328
43.804368,125.273328
43.804368,125.273328
43.804368,125.273328
43.804368,125.273328
43.804368,125.273328
43.804368,125.273328
43.804368,125.273328
43.804368,125.273328
43.804368,125.273328
43.804368,125.273328
43.804368,125.273328
43.804368,125.273328
43.804368,125.273328
43.804368,125.273328
43.804368,125.273328
43.804368,125.273328
43.804368,125.273328
43.804368,125.273328
43.804368,125.273328
43.804368,125.273328
43.804368,125.273328
43.804368,125.273328
43.804368,125.273328
43.804368,125.273328
43.804368,125.273328
43.804368,125.273328
43.804368,125.273328
43.804368,125.273328
43.804368,125.273328
43.804368,125.273328
43.804368,125.273328
43.804368,125.273328
43.804368,125.273328
43.804368,125.273328
43.804368,125.273328
43.804368,125.273328
43.804368,125.273328
43.804368,125.273328
43.804368,125.273328
43.804368,125.273328
43.804368,125.273328
43.804368,125.273328
43.804368,125.273328
43.804368,125.273328
43.804368,125.273328
43.804368,125.273328
43.804368,125.273328
43.804368,125.273328
43.804368,125.273328
43.804368,125.273328
43.804368,125.273328
43.804368,125.273328
43.804368,125.273328
43.804368,125.273328
43.804368,125.273328
43.804368,125.273328
43.804368,125.273328
43.804368,125.273328
43.804368,125.273328
43.804368,125.273328
43.804368,125.273328
43.804368,125.273328
43.804368,125.273328
43.804368,125.273328
43.804368,125.273328
43.804368,125.273328
43.804368,125.273328
43.804368,125.273328
43.804368,125.273328
43.804368,125.273328
43.804368,125.273328
43.804368,125.273328
43.804368,125.273328
43.804368,125.273328
43.804368,125.273328
43.804368,125.273328
43.804368,125.273328
43.804368,125.273328
43.804368,125.273328
43.804368,125.273328
43.804368,125.273328
43.804368,125.273328
43.804368,125.273328
43.804368,125.273328
43.804368,125.273328
43.804368,125.273328
43.804368,125.273328
43.804368,125.273328
43.804368,125.273328
43.804368,125.273328
43.804368,125.273328
43.804368,125.273328
43.804368,125.273328
43.804368,125.273328
43.804368,125.273328
43.804368,125.273328
43.804368,125.273328
43.804368,125.273328
43.804368,125.273328
43.804368,125.273328
43.804368,125.273328
43.804368,125.273328
43.804368,125.273328
43.804368,125.273328
43.804368,125.273328
43.804368,125.273328
43.804368,125.273328
43.804368,125.273328
43.804368,125.273328
43.804368,125.273328
43.804368,125.273328
43.804368,125.273328
43.804368,125.273328
43.804368,125.273328
43.804368,125.273328
43.804368,125.273328
43.804368,125.273328
43.804368,125.273328
43.804368,125.273328
43.804368,125.273328
43.804368,125.273328
43.804368,125.273328
43.804368,125.273328
43.804368,125.273328
43.804368,125.273328
43.804368,125.273328
43.804368,125.273328
43.804368,125.273328
43.804368,125.273328
43.804368,125.273328
43.804368,125.273328
43.804368,125.273328
43.804368,125.273328
43.804368,125.273328
43.804368,125.273328
43.804368,125.273328
43.804368,125.273328
43.804368,125.273328
43.804368,125.273328
43.804368,125.273328
43.804368,125.273328
43.804368,125.273328
43.804368,125.273328
43.804368,125.273328
43.804368,125.273328
43.804368,125.273328
43.804368,125.273328
43.804368,125.273328
43.804368,125.273328
43.804368,125.273328
43.804368,125.273328
43.804368,125.273328
43.804368,125.273328
43.804368,125.273328
43.804368,125.273328
43.804368,125.273328
43.804368,125.273328
43.804368,125.273328
43.804368,125.273328
43.804368,125.273328
43.804368,125.273328
43.804368,125.273328
43.804368,125.273328
43.804368,125.273328
43.804368,125.273328
43.804368,125.273328
43.804368,125.273328
43.804368,125.273328
43.804368,125.273328
43.804368,125.273328
43.804368,125.273328
43.804368,125.273328
43.804368,125.273328
43.804368,125.273328
43.804368,125.273328
43.804368,125.273328
43.804368,125.273328
43.804368,125.273328
43.804368,125.273328
43.804368,125.273328
43.804368,125.273328
43.804368,125.273328
43.804368,125.273328
43.804368,125.273328
43.804368,125.273328
43.804368,125.273328
43.804368,125.273328
43.804368,125.273328
43.804368,125.273328
43.804368,125.273328
43.804368,125.273328
43.804368,125.273328
43.804368,125.273328
43.804368,125.273328
43.804368,125.273328
43.804368,125.273328
43.804368,125.273328
43.804368,125.273328
43.804368,125.273328
43.804368,125.273328
43.804368,125.273328
43.804368,125.273328
43.804368,125.273328
43.804368,125.273328
43.804368,125.273328
43.804368,125.273328
43.804368,125.273328
43.804368,125.273328
43.804368,125.273328
43.804368,125.273328
43.804368,125.273328
43.804368,125.273328
43.804368,125.273328
43.804368,125.273328
43.804368,125.273328
43.804368,125.273328
43.804368,125.273328
43.804368,125.273328
43.804368,125.273328
43.804368,125.273328
43.804368,125.273328
43.804368,125.273328
43.804368,125.273328
43.804368,125.273328
43.804368,125.273328
43.804368,125.273328
43.804368,125.273328
43.804368,125.273328
43.804368,125.273328
43.804368,125.273328
43.804368,125.273328
43.804368,125.273328
43.804368,125.273328
43.804368,125.273328
43.804368,125.273328
43.804368,125.273328
43.804368,125.273328
43.804368,125.273328
43.804368,125.273328
43.804368,125.273328
43.804368,125.273328
43.804368,125.273328
43.804368,125.273328
43.804368,125.273328
43.804368,125.273328
43.804368,125.273328
43.804368,125.273328
43.804368,125.273328
43.804368,125.273328
43.804368,125.273328
43.804368,125.273328
43.804368,125.273328
43.804368,125.273328
43.804368,125.273328
43.804368,125.273328
43.804368,125.273328
43.804368,125.273328
43.804368,125.273328
43.804368,125.273328
43.804368,125.273328
43.804368,125.273328
43.804368,125.273328
43.804368,125.273328
43.804368,125.273328
43.804368,125.273328
43.804368,125.273328
43.804368,125.273328
43.804368,125.273328
43.804368,125.273328
43.804368,125.273328
43.804368,125.273328
43.804368,125.273328
43.804368,125.273328
43.804368,125.273328
43.804368,125.273328
43.804368,125.273328
43.804368,125.273328
43.804368,125.273328
43.804368,125.273328
43.804368,125.273328
43.804368,125.273328
43.804368,125.273328
43.804368,125.273328
43.804368,125.273328
43.804368,125.273328
43.804368,125.273328
43.804368,125.273328
43.804368,125.273328
43.804368,125.273328
43.804368,125.273328
43.804368,125.273328
43.804368,125.273328
43.804368,125.273328
43.804368,125.273328
43.804368,125.273328
43.804368,125.273328
43.804368,125.273328
43.804368,125.273328
43.804368,125.273328
43.804368,125.273328
43.804368,125.273328
43.804368,125.273328
43.804368,125.273328
43.804368,125.273328
43.804368,125.273328
43.804368,125.273328
43.804368,125.273328
43.804368,125.273328
43.804368,125.273328
43.804368,125.273328
43.804368,125.273328
43.804368,125.273328
43.804368,125.273328
43.804368,125.273328
43.804368,125.273328
43.804368,125.273328
43.804368,125.273328
43.804368,125.273328
43.804368,125.273328
43.804368,125.273328
43.804368,125.273328
43.804368,125.273328
43.804368,125.273328
43.804368,125.273328
43.804368,125.273328
43.804368,125.273328
43.804368,125.273328
43.804368,125.273328
43.804368,125.273328
43.804368,125.273328
43.804368,125.273328
43.804368,125.273328
43.804368,125.273328
43.804368,125.273328
43.804368,125.273328
43.804368,125.273328
43.804368,125.273328
43.804368,125.273328
43.804368,125.273328
43.804368,125.273328
43.804368,125.273328
43.804368,125.273328
43.804368,125.273328
43.804368,125.273328
43.804368,125.273328
43.804368,125.273328
43.804368,125.273328
43.804368,125.273328
43.804368,125.273328
43.804368,125.273328
43.804368,125.273328
43.804368,125.273328
43.804368,125.273328
43.804368,125.273328
43.804368,125.273328
43.804368,125.273328
43.804368,125.273328
43.804368,125.273328
43.804368,125.273328
43.804368,125.273328
43.804368,125.273328
43.804368,125.273328
43.804368,125.273328
43.804368,125.273328
43.804368,125.273328
43.804368,125.273328
43.804368,125.273328
43.804368,125.273328
43.804368,125.273328
43.804368,125.273328
43.804368,125.273328
43.804368,125.273328
43.804368,125.273328
43.804368,125.273328
43.804368,125.273328
43.804368,125.273328
43.804368,125.273328
43.804368,125.273328
43.804368,125.273328
43.804368,125.273328
43.804368,125.273328
43.804368,125.273328
43.804368,125.273328
43.804368,125.273328
43.804368,125.273328
43.804368,125.273328
43.804368,125.273328
43.804368,125.273328
43.804368,125.273328
43.804368,125.273328
43.804368,125.273328
43.804368,125.273328
43.804368,125.273328
43.804368,125.273328
43.804368,125.273328
43.804368,125.273328
43.804368,125.273328
43.804368,125.273328
43.804368,125.273328
43.804368,125.273328
43.804368,125.273328
43.804368,125.273328
43.804368,125.273328
43.804368,125.273328
43.804368,125.273328
43.804368,125.273328
43.804368,125.273328
43.804368,125.273328
43.804368,125.273328
43.804368,125.273328
43.804368,125.273328
43.804368,125.273328
43.804368,125.273328
43.804368,125.273328
43.804368,125.273328
43.804368,125.273328
43.804368,125.273328
43.804368,125.273328
43.804368,125.273328
43.804368,125.273328
43.804368,125.273328
43.804368,125.273328
43.804368,125.273328
43.804368,125.273328
43.804368,125.273328
43.804368,125.273328
43.804368,125.273328
43.804368,125.273328
43.804368,125.273328
43.804368,125.273328
43.804368,125.273328
43.804368,125.273328
43.804368,125.273328
43.804368,125.273328
43.804368,125.273328
43.804368,125.273328
43.804368,125.273328
43.804368,125.273328
43.804368,125.273328
43.804368,125.273328
43.804368,125.273328
43.804368,125.273328
43.804368,125.273328
43.804368,125.273328
43.804368,125.273328
43.804368,125.273328
43.804368,125.273328
43.804368,125.273328
43.804368,125.273328
43.804368,125.273328
43.804368,125.273328
43.804368,125.273328
43.804368,125.273328
43.804368,125.273328
43.804368,125.273328
43.804368,125.273333
43.804368,125.273333
43.804368,125.273333
43.804368,125.273333
43.804368,125.273333
43.804368,125.273333
43.804368,125.273333
43.804368,125.273333
43.804368,125.273333
43.804368,125.273333
43.804368,125.273333
43.804368,125.273333
43.804368,125.273333
43.804368,125.273333
43.804368,125.273333
43.804368,125.273333
43.804368,125.273333
43.804368,125.273333
43.804368,125.273333
43.804368,125.273333
43.804368,125.273354
43.804368,125.273354
43.804368,125.273354
43.804368,125.273354
43.804368,125.273354
43.804368,125.273354
43.804368,125.273354
43.804368,125.273354
43.804368,125.273354
43.804368,125.273354
43.804368,125.273354
43.804368,125.273354
43.804368,125.273354
43.804368,125.273354
43.804368,125.273354
43.804368,125.273354
43.804368,125.273354
43.804368,125.273354
43.804368,125.273354
43.804368,125.273354
43.804368,125.273392
43.804368,125.273392
43.804368,125.273392
43.804368,125.273392
43.804368,125.273392
43.804368,125.273392
43.804368,125.273392
43.804368,125.273392
43.804368,125.273392
43.804368,125.273392
43.804368,125.273392
43.804368,125.273392
43.804368,125.273392
43.804368,125.273392
43.804368,125.273392
43.804368,125.273392
43.804368,125.273392
43.804368,125.273392
43.804368,125.273392
43.804368,125.273392
43.804368,125.273437
43.804368,125.273437
43.804368,125.273437
43.804368,125.273437
43.804368,125.273437
43.804368,125.273437
43.804368,125.273437
43.804368,125.273437
43.804368,125.273437
43.804368,125.273437
43.804368,125.273437
43.804368,125.273437
43.804368,125.273437
43.804368,125.273437
43.804368,125.273437
43.804368,125.273437
43.804368,125.273437
43.804368,125.273437
43.804368,125.273437
43.804368,125.273437
43.804367,125.273479
43.804367,125.273479
43.804367,125.273479
43.804367,125.273479
43.804367,125.273479
43.804367,125.273479
43.804367,125.273479
43.804367,125.273479
43.804367,125.273479
43.804367,125.273479
43.804367,125.273479
43.804367,125.273479
43.804367,125.273479
43.804367,125.273479
43.804367,125.273479
43.804367,125.273479
43.804367,125.273479
43.804367,125.273479
43.804367,125.273479
43.804367,125.273479
43.804366,125.27353
43.804366,125.27353
43.804366,125.27353
43.804366,125.27353
43.804366,125.27353
43.804366,125.27353
43.804366,125.27353
43.804366,125.27353
43.804366,125.27353
43.804366,125.27353
43.804366,125.27353
43.804366,125.27353
43.804366,125.27353
43.804366,125.27353
43.804366,125.27353
43.804366,125.27353
43.804366,125.27353
43.804366,125.27353
43.804366,125.27353
43.804366,125.27353
43.804366,125.273585
43.804366,125.273585
43.804366,125.273585
43.804366,125.273585
43.804366,125.273585
43.804366,125.273585
43.804366,125.273585
43.804366,125.273585
43.804366,125.273585
43.804366,125.273585
43.804366,125.273585
43.804366,125.273585
43.804366,125.273585
43.804366,125.273585
43.804366,125.273585
43.804366,125.273585
43.804366,125.273585
43.804366,125.273585
43.804366,125.273585
43.804366,125.273585
43.804365,125.27364
43.804365,125.27364
43.804365,125.27364
43.804365,125.27364
43.804365,125.27364
43.804365,125.27364
43.804365,125.27364
43.804365,125.27364
43.804365,125.27364
43.804365,125.27364
43.804365,125.27364
43.804365,125.27364
43.804365,125.27364
43.804365,125.27364
43.804365,125.27364
43.804365,125.27364
43.804365,125.27364
43.804365,125.27364
43.804365,125.27364
43.804365,125.27364
43.804364,125.273699
43.804364,125.273699
43.804364,125.273699
43.804364,125.273699
43.804364,125.273699
43.804364,125.273699
43.804364,125.273699
43.804364,125.273699
43.804364,125.273699
43.804364,125.273699
43.804364,125.273699
43.804364,125.273699
43.804364,125.273699
43.804364,125.273699
43.804364,125.273699
43.804364,125.273699
43.804364,125.273699
43.804364,125.273699
43.804364,125.273699
43.804364,125.273699
43.804363,125.27376
43.804363,125.27376
43.804363,125.27376
43.804363,125.27376
43.804363,125.27376
43.804363,125.27376
43.804363,125.27376
43.804363,125.27376
43.804363,125.27376
43.804363,125.27376
43.804363,125.27376
43.804363,125.27376
43.804363,125.27376
43.804363,125.27376
43.804363,125.27376
43.804363,125.27376
43.804363,125.27376
43.804363,125.27376
43.804363,125.27376
43.804363,125.27376
43.804363,125.273826
43.804363,125.273826
43.804363,125.273826
43.804363,125.273826
43.804363,125.273826
43.804363,125.273826
43.804363,125.273826
43.804363,125.273826
43.804363,125.273826
43.804363,125.273826
43.804363,125.273826
43.804363,125.273826
43.804363,125.273826
43.804363,125.273826
43.804363,125.273826
43.804363,125.273826
43.804363,125.273826
43.804363,125.273826
43.804363,125.273826
43.804363,125.273826
43.804363,125.273889
43.804363,125.273889
43.804363,125.273889
43.804363,125.273889
43.804363,125.273889
43.804363,125.273889
43.804363,125.273889
43.804363,125.273889
43.804363,125.273889
43.804363,125.273889
43.804363,125.273889
43.804363,125.273889
43.804363,125.273889
43.804363,125.273889
43.804363,125.273889
43.804363,125.273889
43.804363,125.273889
43.804363,125.273889
43.804363,125.273889
43.804363,125.273889
43.804362,125.273955
43.804362,125.273955
43.804362,125.273955
43.804362,125.273955
43.804362,125.273955
43.804362,125.273955
43.804362,125.273955
43.804362,125.273955
43.804362,125.273955
43.804362,125.273955
43.804362,125.273955
43.804362,125.273955
43.804362,125.273955
43.804362,125.273955
43.804362,125.273955
43.804362,125.273955
43.804362,125.273955
43.804362,125.273955
43.804362,125.273955
43.804362,125.273955
43.804362,125.274021
43.804362,125.274021
43.804362,125.274021
43.804362,125.274021
43.804362,125.274021
43.804362,125.274021
43.804362,125.274021
43.804362,125.274021
43.804362,125.274021
43.804362,125.274021
43.804362,125.274021
43.804362,125.274021
43.804362,125.274021
43.804362,125.274021
43.804362,125.274021
43.804362,125.274021
43.804362,125.274021
43.804362,125.274021
43.804362,125.274021
43.804362,125.274021
43.804362,125.27409
43.804362,125.27409
43.804362,125.27409
43.804362,125.27409
43.804362,125.27409
43.804362,125.27409
43.804362,125.27409
43.804362,125.27409
43.804362,125.27409
43.804362,125.27409
43.804362,125.27409
43.804362,125.27409
43.804362,125.27409
43.804362,125.27409
43.804362,125.27409
43.804362,125.27409
43.804362,125.27409
43.804362,125.27409
43.804362,125.27409
43.804362,125.27409
43.804362,125.274158
43.804362,125.274158
43.804362,125.274158
43.804362,125.274158
43.804362,125.274158
43.804362,125.274158
43.804362,125.274158
43.804362,125.274158
43.804362,125.274158
43.804362,125.274158
43.804362,125.274158
43.804362,125.274158
43.804362,125.274158
43.804362,125.274158
43.804362,125.274158
43.804362,125.274158
43.804362,125.274158
43.804362,125.274158
43.804362,125.274158
43.804362,125.274158
43.804362,125.274228
43.804362,125.274228
43.804362,125.274228
43.804362,125.274228
43.804362,125.274228
43.804362,125.274228
43.804362,125.274228
43.804362,125.274228
43.804362,125.274228
43.804362,125.274228
43.804362,125.274228
43.804362,125.274228
43.804362,125.274228
43.804362,125.274228
43.804362,125.274228
43.804362,125.274228
43.804362,125.274228
43.804362,125.274228
43.804362,125.274228
43.804362,125.274228
43.804362,125.274288
43.804362,125.274288
43.804362,125.274288
43.804362,125.274288
43.804362,125.274288
43.804362,125.274288
43.804362,125.274288
43.804362,125.274288
43.804362,125.274288
43.804362,125.274288
43.804362,125.274288
43.804362,125.274288
43.804362,125.274288
43.804362,125.274288
43.804362,125.274288
43.804362,125.274288
43.804362,125.274288
43.804362,125.274288
43.804362,125.274288
43.804362,125.274288
43.804362,125.274357
43.804362,125.274357
43.804362,125.274357
43.804362,125.274357
43.804362,125.274357
43.804362,125.274357
43.804362,125.274357
43.804362,125.274357
43.804362,125.274357
43.804362,125.274357
43.804362,125.274357
43.804362,125.274357
43.804362,125.274357
43.804362,125.274357
43.804362,125.274357
43.804362,125.274357
43.804362,125.274357
43.804362,125.274357
43.804362,125.274357
43.804362,125.274357
43.804362,125.274432
43.804362,125.274432
43.804362,125.274432
43.804362,125.274432
43.804362,125.274432
43.804362,125.274432
43.804362,125.274432
43.804362,125.274432
43.804362,125.274432
43.804362,125.274432
43.804362,125.274432
43.804362,125.274432
43.804362,125.274432
43.804362,125.274432
43.804362,125.274432
43.804362,125.274432
43.804362,125.274432
43.804362,125.274432
43.804362,125.274432
43.804362,125.274432
43.804362,125.274507
43.804362,125.274507
43.804362,125.274507
43.804362,125.274507
43.804362,125.274507
43.804362,125.274507
43.804362,125.274507
43.804362,125.274507
43.804362,125.274507
43.804362,125.274507
43.804362,125.274507
43.804362,125.274507
43.804362,125.274507
43.804362,125.274507
43.804362,125.274507
43.804362,125.274507
43.804362,125.274507
43.804362,125.274507
43.804362,125.274507
43.804362,125.274507
43.804362,125.274586
43.804362,125.274586
43.804362,125.274586
43.804362,125.274586
43.804362,125.274586
43.804362,125.274586
43.804362,125.274586
43.804362,125.274586
43.804362,125.274586
43.804362,125.274586
43.804362,125.274586
43.804362,125.274586
43.804362,125.274586
43.804362,125.274586
43.804362,125.274586
43.804362,125.274586
43.804362,125.274586
43.804362,125.274586
43.804362,125.274586
43.804362,125.274586
43.804362,125.274656
43.804362,125.274656
43.804362,125.274656
43.804362,125.274656
43.804362,125.274656
43.804362,125.274656
43.804362,125.274656
43.804362,125.274656
43.804362,125.274656
43.804362,125.274656
43.804362,125.274656
43.804362,125.274656
43.804362,125.274656
43.804362,125.274656
43.804362,125.274656
43.804362,125.274656
43.804362,125.274656
43.804362,125.274656
43.804362,125.274656
43.804362,125.274656
43.804362,125.274729
43.804362,125.274729
43.804362,125.274729
43.804362,125.274729
43.804362,125.274729
43.804362,125.274729
43.804362,125.274729
43.804362,125.274729
43.804362,125.274729
43.804362,125.274729
43.804362,125.274729
43.804362,125.274729
43.804362,125.274729
43.804362,125.274729
43.804362,125.274729
43.804362,125.274729
43.804362,125.274729
43.804362,125.274729
43.804362,125.274729
43.804362,125.274729
43.804362,125.274796
43.804362,125.274796
43.804362,125.274796
43.804362,125.274796
43.804362,125.274796
43.804362,125.274796
43.804362,125.274796
43.804362,125.274796
43.804362,125.274796
43.804362,125.274796
43.804362,125.274796
43.804362,125.274796
43.804362,125.274796
43.804362,125.274796
43.804362,125.274796
43.804362,125.274796
43.804362,125.274796
43.804362,125.274796
43.804362,125.274796
43.804362,125.274796
43.804362,125.274865
43.804362,125.274865
43.804362,125.274865
43.804362,125.274865
43.804362,125.274865
43.804362,125.274865
43.804362,125.274865
43.804362,125.274865
43.804362,125.274865
43.804362,125.274865
43.804362,125.274865
43.804362,125.274865
43.804362,125.274865
43.804362,125.274865
43.804362,125.274865
43.804362,125.274865
43.804362,125.274865
43.804362,125.274865
43.804362,125.274865
43.804362,125.274865
43.804362,125.274928
43.804362,125.274928
43.804362,125.274928
43.804362,125.274928
43.804362,125.274928
43.804362,125.274928
43.804362,125.274928
43.804362,125.274928
43.804362,125.274928
43.804362,125.274928
43.804362,125.274928
43.804362,125.274928
43.804362,125.274928
43.804362,125.274928
43.804362,125.274928
43.804362,125.274928
43.804362,125.274928
43.804362,125.274928
43.804362,125.274928
43.804362,125.274928
43.804361,125.274996
43.804361,125.274996
43.804361,125.274996
43.804361,125.274996
43.804361,125.274996
43.804361,125.274996
43.804361,125.274996
43.804361,125.274996
43.804361,125.274996
43.804361,125.274996
43.804361,125.274996
43.804361,125.274996
43.804361,125.274996
43.804361,125.274996
43.804361,125.274996
43.804361,125.274996
43.804361,125.274996
43.804361,125.274996
43.804361,125.274996
43.804361,125.274996
43.804361,125.275061
43.804361,125.275061
43.804361,125.275061
43.804361,125.275061
43.804361,125.275061
43.804361,125.275061
43.804361,125.275061
43.804361,125.275061
43.804361,125.275061
43.804361,125.275061
43.804361,125.275061
43.804361,125.275061
43.804361,125.275061
43.804361,125.275061
43.804361,125.275061
43.804361,125.275061
43.804361,125.275061
43.804361,125.275061
43.804361,125.275061
43.804361,125.275061
43.804361,125.275115
43.804361,125.275115
43.804361,125.275115
43.804361,125.275115
43.804361,125.275115
43.804361,125.275115
43.804361,125.275115
43.804361,125.275115
43.804361,125.275115
43.804361,125.275115
43.804361,125.275115
43.804361,125.275115
43.804361,125.275115
43.804361,125.275115
43.804361,125.275115
43.804361,125.275115
43.804361,125.275115
43.804361,125.275115
43.804361,125.275115
43.804361,125.275115
43.80436,125.275163
43.80436,125.275163
43.80436,125.275163
43.80436,125.275163
43.80436,125.275163
43.80436,125.275163
43.80436,125.275163
43.80436,125.275163
43.80436,125.275163
43.80436,125.275163
43.80436,125.275163
43.80436,125.275163
43.80436,125.275163
43.80436,125.275163
43.80436,125.275163
43.80436,125.275163
43.80436,125.275163
43.80436,125.275163
43.80436,125.275163
43.80436,125.275163
43.804361,125.275203
43.804361,125.275203
43.804361,125.275203
43.804361,125.275203
43.804361,125.275203
43.804361,125.275203
43.804361,125.275203
43.804361,125.275203
43.804361,125.275203
43.804361,125.275203
43.804361,125.275203
43.804361,125.275203
43.804361,125.275203
43.804361,125.275203
43.804361,125.275203
43.804361,125.275203
43.804361,125.275203
43.804361,125.275203
43.804361,125.275203
43.804361,125.275203
43.804361,125.275236
43.804361,125.275236
43.804361,125.275236
43.804361,125.275236
43.804361,125.275236
43.804361,125.275236
43.804361,125.275236
43.804361,125.275236
43.804361,125.275236
43.804361,125.275236
43.804361,125.275236
43.804361,125.275236
43.804361,125.275236
43.804361,125.275236
43.804361,125.275236
43.804361,125.275236
43.804361,125.275236
43.804361,125.275236
43.804361,125.275236
43.804361,125.275236
43.804361,125.275263
43.804361,125.275263
43.804361,125.275263
43.804361,125.275263
43.804361,125.275263
43.804361,125.275263
43.804361,125.275263
43.804361,125.275263
43.804361,125.275263
43.804361,125.275263
43.804361,125.275263
43.804361,125.275263
43.804361,125.275263
43.804361,125.275263
43.804361,125.275263
43.804361,125.275263
43.804361,125.275263
43.804361,125.275263
43.804361,125.275263
43.804361,125.275263
43.80436,125.275286
43.80436,125.275286
43.80436,125.275286
43.80436,125.275286
43.80436,125.275286
43.80436,125.275286
43.80436,125.275286
43.80436,125.275286
43.80436,125.275286
43.80436,125.275286
43.80436,125.275286
43.80436,125.275286
43.80436,125.275286
43.80436,125.275286
43.80436,125.275286
43.80436,125.275286
43.80436,125.275286
43.80436,125.275286
43.80436,125.275286
43.80436,125.275286
43.80436,125.275303
43.80436,125.275303
43.80436,125.275303
43.80436,125.275303
43.80436,125.275303
43.80436,125.275303
43.80436,125.275303
43.80436,125.275303
43.80436,125.275303
43.80436,125.275303
43.80436,125.275303
43.80436,125.275303
43.80436,125.275303
43.80436,125.275303
43.80436,125.275303
43.80436,125.275303
43.80436,125.275303
43.80436,125.275303
43.80436,125.275303
43.80436,125.275303
43.80436,125.275319
43.80436,125.275319
43.80436,125.275319
43.80436,125.275319
43.80436,125.275319
43.80436,125.275319
43.80436,125.275319
43.80436,125.275319
43.80436,125.275319
43.80436,125.275319
43.80436,125.275319
43.80436,125.275319
43.80436,125.275319
43.80436,125.275319
43.80436,125.275319
43.80436,125.275319
43.80436,125.275319
43.80436,125.275319
43.80436,125.275319
43.80436,125.275319
43.80436,125.275329
43.80436,125.275329
43.80436,125.275329
43.80436,125.275329
43.80436,125.275329
43.80436,125.275329
43.80436,125.275329
43.80436,125.275329
43.80436,125.275329
43.80436,125.275329
43.80436,125.275328
43.80436,125.275328
43.80436,125.275328
43.80436,125.275328
43.80436,125.275328
43.80436,125.275328
43.80436,125.275328
43.80436,125.275328
43.80436,125.275328
43.80436,125.275328
43.80436,125.275328
43.80436,125.275328
43.80436,125.275328
43.80436,125.275328
43.80436,125.275328
43.80436,125.275328
43.80436,125.275328
43.80436,125.275328
43.80436,125.275328
43.80436,125.275328
43.80436,125.275328
43.80436,125.275328
43.80436,125.275328
43.80436,125.275328
43.80436,125.275328
43.80436,125.275328
43.80436,125.275328
43.80436,125.275328
43.80436,125.275328
43.80436,125.275328
43.80436,125.275328
43.80436,125.275328
43.80436,125.275328
43.80436,125.275328
43.80436,125.275328
43.80436,125.275328
43.80436,125.275328
43.80436,125.275328
43.80436,125.275328
43.80436,125.275328
43.80436,125.275328
43.80436,125.275328
43.80436,125.275328
43.80436,125.275328
43.80436,125.275328
43.80436,125.275328
43.80436,125.275328
43.80436,125.275328
43.80436,125.275328
43.80436,125.275328
43.80436,125.275328
43.80436,125.275328
43.80436,125.275328
43.80436,125.275328
43.80436,125.275328
43.80436,125.275328
43.80436,125.275328
43.80436,125.275328
43.80436,125.275328
43.80436,125.275328
43.80436,125.275328
43.80436,125.275328
43.80436,125.275328
43.80436,125.275328
43.80436,125.275328
43.80436,125.275328
43.80436,125.275328
43.80436,125.275328
43.80436,125.275328
43.80436,125.275328
43.80436,125.275328
43.80436,125.275328
43.80436,125.275328
43.80436,125.275328
43.80436,125.275328
43.80436,125.275328
43.80436,125.275328
43.80436,125.275328
43.80436,125.275328
43.80436,125.275328
43.80436,125.275328
43.80436,125.275328
43.80436,125.275328
43.80436,125.275328
43.80436,125.275328
43.80436,125.275328
43.80436,125.275328
43.80436,125.275328
43.80436,125.275328
43.80436,125.275328
43.80436,125.275328
43.80436,125.275328
43.80436,125.275328
43.80436,125.275328
43.80436,125.275328
43.80436,125.275328
43.80436,125.275328
43.80436,125.275328
43.80436,125.275328
43.80436,125.275328
43.80436,125.275328
43.80436,125.275328
43.80436,125.275328
43.80436,125.275328
43.80436,125.275328
43.80436,125.275328
43.80436,125.275328
43.80436,125.275328
43.80436,125.275328
43.80436,125.275328
43.80436,125.275328
43.80436,125.275328
43.80436,125.275328
43.80436,125.275328
43.80436,125.275328
43.80436,125.275328
43.80436,125.275328
43.80436,125.275328
43.80436,125.275328
43.80436,125.275328
43.80436,125.275328
43.80436,125.275328
43.80436,125.275328
43.80436,125.275328
43.80436,125.275328
43.80436,125.275328
43.80436,125.275328
43.80436,125.275328
43.80436,125.275328
43.80436,125.275328
43.80436,125.275328
43.80436,125.275328
43.80436,125.275328
43.80436,125.275328
43.80436,125.275328
43.80436,125.275328
43.80436,125.275328
43.80436,125.275328
43.80436,125.275328
43.80436,125.275328
43.80436,125.275328
43.80436,125.275328
43.80436,125.275328
43.80436,125.275328
43.80436,125.275328
43.80436,125.275328
43.80436,125.275328
43.80436,125.275328
43.80436,125.275328
43.80436,125.275328
43.80436,125.275328
43.80436,125.275328
43.80436,125.275328
43.80436,125.275328
43.80436,125.275328
43.80436,125.275328
43.80436,125.275328
43.80436,125.275328
43.80436,125.275328
43.80436,125.275328
43.80436,125.275328
43.80436,125.275328
43.80436,125.275328
43.80436,125.275328
43.80436,125.275328
43.80436,125.275328
43.80436,125.275328
43.80436,125.275328
43.80436,125.275328
43.80436,125.275328
43.80436,125.275328
43.80436,125.275328
43.80436,125.275328
43.80436,125.275328
43.80436,125.275328
43.80436,125.275328
43.80436,125.275328
43.80436,125.275328
43.80436,125.275328
43.80436,125.275328
43.80436,125.275328
43.80436,125.275328
43.80436,125.275328
43.80436,125.275328
43.80436,125.275328
43.80436,125.275328
43.80436,125.275328
43.80436,125.275328
43.80436,125.275328
43.80436,125.275328
43.80436,125.275328
43.80436,125.275328
43.80436,125.275328
43.80436,125.275328
43.80436,125.275328
43.80436,125.275328
43.80436,125.275328
43.80436,125.275328
43.80436,125.275328
43.80436,125.275328
43.80436,125.275328
43.80436,125.275328
43.80436,125.275328
43.80436,125.275328
43.80436,125.275328
43.80436,125.275328
43.80436,125.275328
43.80436,125.275328
43.80436,125.275328
43.80436,125.275328
43.80436,125.275328
43.80436,125.275328
43.80436,125.275328
43.80436,125.275328
43.80436,125.275328
43.80436,125.275328
43.80436,125.275328
43.80436,125.275328
43.80436,125.275328
43.80436,125.275328
43.80436,125.275328
43.80436,125.275328
43.80436,125.275328
43.80436,125.275328
43.80436,125.275328
43.80436,125.275328
43.80436,125.275328
43.80436,125.275328
43.80436,125.275328
43.80436,125.275328
43.80436,125.275328
43.80436,125.275328
43.80436,125.275328
43.80436,125.275328
43.80436,125.275328
43.80436,125.275328
43.80436,125.275328
43.80436,125.275328
43.80436,125.275328
43.80436,125.275328
43.80436,125.275328
43.80436,125.275328
43.80436,125.275328
43.80436,125.275328
43.80436,125.275328
43.80436,125.275328
43.80436,125.275328
43.80436,125.275328
43.80436,125.275328
43.80436,125.275328
43.80436,125.275328
43.80436,125.275328
43.80436,125.275328
43.80436,125.275328
43.80436,125.275328
43.80436,125.275328
43.80436,125.275328
43.80436,125.275328
43.80436,125.275328
43.80436,125.275328
43.80436,125.275328
43.80436,125.275328
43.80436,125.275328
43.80436,125.275328
43.80436,125.275328
43.80436,125.275328
43.80436,125.275328
43.80436,125.275328
43.80436,125.275328
43.80436,125.275328
43.80436,125.275328
43.80436,125.275328
43.80436,125.275328
43.80436,125.275328
43.80436,125.275328
43.80436,125.275328
43.80436,125.275328
43.80436,125.275328
43.80436,125.275328
43.80436,125.275328
43.80436,125.275328
43.80436,125.275328
43.80436,125.275328
43.80436,125.275328
43.80436,125.275328
43.80436,125.275328
43.80436,125.275328
43.80436,125.275328
43.80436,125.275328
43.80436,125.275328
43.80436,125.275328
43.80436,125.275328
43.80436,125.275328
43.80436,125.275328
43.80436,125.275328
43.80436,125.275328
43.80436,125.275328
43.80436,125.275328
43.80436,125.275328
43.80436,125.275328
43.80436,125.275328
43.80436,125.275328
43.80436,125.275328
43.80436,125.275328
43.80436,125.275328
43.80436,125.275328
43.80436,125.275328
43.80436,125.275328
43.80436,125.275328
43.80436,125.275328
43.80436,125.275328
43.80436,125.275328
43.80436,125.275328
43.80436,125.275328
43.80436,125.275328
43.80436,125.275328
43.80436,125.275328
43.80436,125.275328
43.80436,125.275328
43.80436,125.275328
43.80436,125.275328
43.80436,125.275328
43.80436,125.275328
43.80436,125.275328
43.80436,125.275328
43.80436,125.275328
43.80436,125.275328
43.80436,125.275328
43.80436,125.275328
43.80436,125.275328
43.80436,125.275328
43.80436,125.275328
43.80436,125.275328
43.80436,125.275328
43.80436,125.275328
43.80436,125.275328
43.80436,125.275328
43.80436,125.275328
43.80436,125.275328
43.80436,125.275328
43.80436,125.275328
43.80436,125.275328
43.80436,125.275328
43.80436,125.275328
43.80436,125.275328
43.80436,125.275328
43.80436,125.275328
43.80436,125.275328
43.80436,125.275328
43.80436,125.275328
43.80436,125.275328
43.80436,125.275328
43.80436,125.275328
43.80436,125.275328
43.80436,125.275328
43.80436,125.275328
43.80436,125.275328
43.80436,125.275328
43.80436,125.275328
43.80436,125.275328
43.80436,125.275328
43.80436,125.275328
43.80436,125.275328
43.80436,125.275328
43.80436,125.275328
43.80436,125.275328
43.80436,125.275328
43.80436,125.275328
43.80436,125.275328
43.80436,125.275328
43.80436,125.275328
43.80436,125.275328
43.80436,125.275328
43.80436,125.275328
43.80436,125.275328
43.80436,125.275328
43.80436,125.275328
43.80436,125.275328
43.80436,125.275328
43.80436,125.275328
43.80436,125.275328
43.80436,125.275328
43.80436,125.275328
43.80436,125.275328
43.80436,125.275328
43.80436,125.275328
43.80436,125.275328
43.80436,125.275328
43.80436,125.275328
43.80436,125.275328
43.80436,125.275328
43.80436,125.275328
43.80436,125.275328
43.80436,125.275328
43.80436,125.275328
43.80436,125.275328
43.80436,125.275328
43.80436,125.275328
43.80436,125.275328
43.80436,125.275328
43.80436,125.275328
43.80436,125.275328
43.80436,125.275328
43.80436,125.275328
43.80436,125.275328
43.80436,125.275328
43.80436,125.275328
43.80436,125.275328
43.80436,125.275328
43.80436,125.275328
43.80436,125.275328
43.80436,125.275328
43.80436,125.275328
43.80436,125.275328
43.80436,125.275328
43.80436,125.275328
43.80436,125.275328
43.80436,125.275328
43.80436,125.275328
43.80436,125.275328
43.80436,125.275328
43.80436,125.275328
43.80436,125.275328
43.80436,125.275328
43.80436,125.275328
43.80436,125.275328
43.80436,125.275328
43.80436,125.275328
43.80436,125.275328
43.80436,125.275328
43.80436,125.275328
43.80436,125.275328
43.80436,125.275328
43.80436,125.275328
43.80436,125.275328
43.80436,125.275328
43.80436,125.275328
43.80436,125.275328
43.80436,125.275328
43.80436,125.275328
43.80436,125.275328
43.80436,125.275328
43.80436,125.275328
43.80436,125.275328
43.80436,125.275328
43.80436,125.275328
43.80436,125.275328
43.80436,125.275328
43.80436,125.275328
43.80436,125.275328
43.80436,125.275328
43.80436,125.275328
43.80436,125.275328
43.80436,125.275328
43.80436,125.275328
43.80436,125.275328
43.80436,125.275328
43.80436,125.275328
43.80436,125.275328
43.80436,125.275328
43.80436,125.275328
43.80436,125.275328
43.80436,125.275328
43.80436,125.275328
43.80436,125.275328
43.80436,125.275328
43.80436,125.275328
43.80436,125.275328
43.80436,125.275328
43.80436,125.275328
43.80436,125.275328
43.80436,125.275328
43.80436,125.275328
43.80436,125.275328
43.80436,125.275328
43.80436,125.275328
43.80436,125.275328
43.80436,125.275328
43.80436,125.275328
43.80436,125.275328
43.80436,125.275328
43.80436,125.275328
43.80436,125.275328
43.80436,125.275328
43.80436,125.275328
43.80436,125.275328
43.80436,125.275328
43.80436,125.275328
43.80436,125.275328
43.80436,125.275328
43.80436,125.275328
43.80436,125.275328
43.80436,125.275328
43.80436,125.275328
43.80436,125.275328
43.80436,125.275328
43.80436,125.275328
43.80436,125.275328
43.80436,125.275328
43.80436,125.275328
43.80436,125.275328
43.80436,125.275328
43.80436,125.275328
43.80436,125.275328
43.80436,125.275328
43.80436,125.275328
43.80436,125.275328
43.80436,125.275328
43.80436,125.275328
43.80436,125.275328
43.80436,125.275328
43.80436,125.275328
43.80436,125.275328
43.80436,125.275328
43.80436,125.275328
43.80436,125.275328
43.80436,125.275328
43.80436,125.275328
43.80436,125.275328
43.80436,125.275328
43.80436,125.275328
43.80436,125.275328
43.80436,125.275328
43.80436,125.275328
43.80436,125.275328
43.80436,125.275328
43.80436,125.275328
43.80436,125.275328
43.80436,125.275328
43.80436,125.275328
43.80436,125.275328
43.80436,125.275328
43.80436,125.275328
43.80436,125.275328
43.80436,125.275328
43.80436,125.275328
43.80436,125.275328
43.80436,125.275328
43.80436,125.275328
43.80436,125.275328
43.80436,125.275328
43.80436,125.275328
43.80436,125.275328
43.80436,125.275328
43.80436,125.275328
43.80436,125.275328
43.80436,125.275328
43.80436,125.275328
43.80436,125.275328
43.80436,125.275328
43.80436,125.275328
43.80436,125.275328
43.80436,125.275328
43.80436,125.275328
43.80436,125.275328
43.80436,125.275328
43.80436,125.275328
43.80436,125.275328
43.80436,125.275328
43.80436,125.275328
43.80436,125.275328
43.80436,125.275328
43.80436,125.275328
43.80436,125.275328
43.80436,125.275328
43.80436,125.275328
43.80436,125.275328
43.80436,125.275328
43.80436,125.275328
43.80436,125.275328
43.80436,125.275328
43.80436,125.275328
43.80436,125.275328
43.80436,125.275328
43.80436,125.275328
43.80436,125.275328
43.80436,125.275328
43.80436,125.275328
43.80436,125.275328
43.80436,125.275328
43.80436,125.275328
43.80436,125.275328
43.80436,125.275328
43.80436,125.275328
43.80436,125.275328
43.80436,125.275328
43.80436,125.275328
43.80436,125.275328
43.80436,125.275328
43.80436,125.275328
43.80436,125.275328
43.80436,125.275328
43.80436,125.275328
43.80436,125.275328
43.80436,125.275328
43.80436,125.275328
43.80436,125.275328
43.80436,125.275328
43.80436,125.275328
43.80436,125.275328
43.80436,125.275328
43.80436,125.275328
43.80436,125.275328
43.80436,125.275328
43.80436,125.275328
43.80436,125.275328
43.80436,125.275328
43.80436,125.275328
43.80436,125.275328
43.80436,125.275328
43.80436,125.275328
43.80436,125.275328
43.80436,125.275328
43.80436,125.275328
43.80436,125.275328
43.80436,125.275328
43.80436,125.275328
43.80436,125.275328
43.80436,125.275328
43.80436,125.275328
43.80436,125.275328
43.80436,125.275328
43.80436,125.275328
43.80436,125.275328
43.80436,125.275328
43.80436,125.275328
43.80436,125.275328
43.80436,125.275328
43.80436,125.275328
43.80436,125.275328
43.80436,125.275328
43.80436,125.275328
43.80436,125.275328
43.80436,125.275328
43.80436,125.275328
43.80436,125.275328
43.80436,125.275328
43.80436,125.275328
43.80436,125.275328
43.80436,125.275328
43.80436,125.275328
43.80436,125.275328
43.80436,125.275328
43.80436,125.275328
43.80436,125.275328
43.80436,125.275328
43.80436,125.275328
43.80436,125.275328
43.80436,125.275328
43.80436,125.275328
43.80436,125.275328
43.80436,125.275328
43.80436,125.275328
43.80436,125.275328
43.80436,125.275328
43.80436,125.275328
43.80436,125.275328
43.80436,125.275328
43.80436,125.275328
43.80436,125.275328
43.80436,125.275328
43.80436,125.275328
43.80436,125.275328
43.80436,125.275328
43.80436,125.275328
43.80436,125.275328
43.80436,125.275328
43.80436,125.275328
43.80436,125.275328
43.80436,125.275328
43.80436,125.275328
43.80436,125.275328
43.80436,125.275328
43.80436,125.275328
43.80436,125.275328
43.80436,125.275328
43.80436,125.275328
43.80436,125.275328
43.80436,125.275328
43.80436,125.275328
43.80436,125.275328
43.80436,125.275328
43.80436,125.275328
43.80436,125.275328
43.80436,125.275328
43.80436,125.275328
43.80436,125.275328
43.80436,125.275328
43.80436,125.275328
43.80436,125.275328
43.80436,125.275328
43.80436,125.275328
43.80436,125.275328
43.80436,125.275328
43.80436,125.275328
43.80436,125.275328
43.80436,125.275328
43.80436,125.275328
43.80436,125.275328
43.80436,125.275328
43.80436,125.275328
43.80436,125.275328
43.80436,125.275328
43.80436,125.275328
43.80436,125.275328
43.80436,125.275328
43.80436,125.275328
43.80436,125.275328
43.80436,125.275328
43.80436,125.275328
43.80436,125.275328
43.80436,125.275328
43.80436,125.275328
43.80436,125.275328
43.80436,125.275328
43.80436,125.275328
43.80436,125.275328
43.80436,125.275328
43.80436,125.275328
43.80436,125.275328
43.80436,125.275328
43.80436,125.275328
43.80436,125.275328
43.80436,125.275328
43.80436,125.275328
43.80436,125.275328
43.80436,125.275328
43.80436,125.275328
43.80436,125.275328
43.80436,125.275328
43.80436,125.275328
43.80436,125.275328
43.80436,125.275328
43.80436,125.275328
43.80436,125.275328
43.80436,125.275328
43.80436,125.275328
43.80436,125.275328
43.80436,125.275328
43.80436,125.275328
43.80436,125.275328
43.80436,125.275328
43.80436,125.275328
43.80436,125.275328
43.80436,125.275328
43.80436,125.275328
43.80436,125.275328
43.80436,125.275328
43.80436,125.275328
43.80436,125.275328
43.80436,125.275328
43.80436,125.275328
43.80436,125.275328
43.80436,125.275328
43.80436,125.275328
43.80436,125.275328
43.80436,125.275328
43.80436,125.275328
43.80436,125.275328
43.80436,125.275328
43.80436,125.275328
43.80436,125.275328
43.80436,125.275328
43.80436,125.275328
43.80436,125.275328
43.80436,125.275328
43.80436,125.275328
43.80436,125.275328
43.80436,125.275328
43.80436,125.275328
43.80436,125.275328
43.80436,125.275328
43.80436,125.275328
43.80436,125.275328
43.80436,125.275328
43.80436,125.275328
43.80436,125.275328
43.80436,125.275328
43.80436,125.275328
43.80436,125.275328
43.80436,125.275328
43.80436,125.275328
43.80436,125.275328
43.80436,125.275328
43.80436,125.275328
43.80436,125.275328
43.80436,125.275328
43.80436,125.275328
43.80436,125.275328
43.80436,125.275328
43.80436,125.275328
43.80436,125.275328
43.80436,125.275328
43.80436,125.275328
43.80436,125.275328
43.80436,125.275328
43.80436,125.275328
43.80436,125.275328
43.80436,125.275328
43.80436,125.275328
43.80436,125.275328
43.80436,125.275328
43.80436,125.275328
43.80436,125.275328
43.80436,125.275328
43.80436,125.275328
43.80436,125.275328
43.80436,125.275328
43.80436,125.275328
43.80436,125.275328
43.80436,125.275328
43.80436,125.275328
43.80436,125.275328
43.80436,125.275328
43.80436,125.275328
43.80436,125.275328
43.80436,125.275328
43.80436,125.275328
43.80436,125.275328
43.80436,125.275328
43.80436,125.275328
43.80436,125.275328
43.80436,125.275328
43.80436,125.275328
43.80436,125.275328
43.80436,125.275328
43.80436,125.275328
43.80436,125.275328
43.80436,125.275328
43.80436,125.275328
43.80436,125.275328
43.80436,125.275328
43.80436,125.275328
43.80436,125.275328
43.80436,125.275328
43.80436,125.275328
43.80436,125.275328
43.80436,125.275328
43.80436,125.275328
43.80436,125.275328
43.80436,125.275328
43.80436,125.275328
43.80436,125.275328
43.80436,125.275328
43.80436,125.275328
43.80436,125.275328
43.80436,125.275328
43.80436,125.275328
43.80436,125.275328
43.80436,125.275328
43.80436,125.275328
43.80436,125.275328
43.80436,125.275328
43.80436,125.275328
43.80436,125.275328
43.80436,125.275328
43.80436,125.275328
43.80436,125.275328
43.80436,125.275328
43.80436,125.275328
43.80436,125.275328
43.80436,125.275328
43.80436,125.275328
43.80436,125.275328
43.80436,125.275328
43.80436,125.275328
43.80436,125.275328
43.80436,125.275328
43.80436,125.275328
43.80436,125.275328
43.80436,125.275328
43.80436,125.275328
43.80436,125.275328
43.80436,125.275328
43.80436,125.275328
43.80436,125.275328
43.80436,125.275328
43.80436,125.275328
43.80436,125.275328
43.80436,125.275328
43.80436,125.275328
43.80436,125.275328
43.80436,125.275328
43.80436,125.275328
43.80436,125.275328
43.80436,125.275328
43.80436,125.275328
43.80436,125.275328
43.80436,125.275328
43.80436,125.275328
43.80436,125.275328
43.80436,125.275328
43.80436,125.275328
43.80436,125.275328
43.80436,125.275328
43.80436,125.275328
43.80436,125.275328
43.80436,125.275328
43.80436,125.275328
43.80436,125.275328
43.80436,125.275328
43.80436,125.275328
43.80436,125.275328
43.80436,125.275328
43.80436,125.275328
43.80436,125.275328
43.80436,125.275328
43.80436,125.275328
43.80436,125.275328
43.80436,125.275328
43.80436,125.275328
43.80436,125.275328
43.80436,125.275328
43.80436,125.275328
43.80436,125.275328
43.80436,125.275328
43.80436,125.275328
43.80436,125.275328
43.80436,125.275328
43.80436,125.275328
43.80436,125.275328
43.80436,125.275328
43.80436,125.275328
43.80436,125.275328
43.80436,125.275328
43.80436,125.275328
43.80436,125.275328
43.80436,125.275328
43.80436,125.275328
43.80436,125.275328
43.80436,125.275328
43.80436,125.275328
43.80436,125.275328
43.80436,125.275328
43.80436,125.275328
43.80436,125.275328
43.80436,125.275328
43.80436,125.275328
43.80436,125.275328
43.80436,125.275328
43.80436,125.275328
43.80436,125.275328
43.80436,125.275328
43.80436,125.275328
43.80436,125.275328
43.80436,125.275328
43.80436,125.275328
43.80436,125.275328
43.80436,125.275328
43.80436,125.275328
43.80436,125.275328
43.80436,125.275328
43.80436,125.275328
43.80436,125.275328
43.80436,125.275328
43.80436,125.275328
43.80436,125.275328
43.80436,125.275328
43.80436,125.275328
43.80436,125.275328
43.80436,125.275328
43.80436,125.275328
43.80436,125.275328
43.80436,125.275328
43.80436,125.275328
43.80436,125.275328
43.80436,125.275328
43.80436,125.275328
43.80436,125.275328
43.80436,125.275328
43.80436,125.275328
43.80436,125.275328
43.80436,125.275328
43.80436,125.275328
43.80436,125.275328
43.80436,125.275328
43.80436,125.275328
43.80436,125.275328
43.80436,125.275328
43.80436,125.275328
43.80436,125.275328
43.80436,125.275328
43.80436,125.275328
43.80436,125.275328
43.80436,125.275328
43.80436,125.275328
43.80436,125.275328
43.80436,125.275328
43.80436,125.275328
43.80436,125.275328
43.80436,125.275328
43.80436,125.275328
43.80436,125.275328
43.80436,125.275328
43.80436,125.275328
43.80436,125.275328
43.80436,125.275328
43.80436,125.275328
43.80436,125.275328
43.80436,125.275328
43.80436,125.275328
43.80436,125.275328
43.80436,125.275328
43.80436,125.275328
43.80436,125.275328
43.80436,125.275328
43.80436,125.275328
43.80436,125.275328
43.80436,125.275328
43.80436,125.275328
43.80436,125.275328
43.80436,125.275328
43.80436,125.275328
43.80436,125.275328
43.80436,125.275328
43.80436,125.275328
43.80436,125.275328
43.80436,125.275328
43.80436,125.275328
43.80436,125.275328
43.80436,125.275328
43.80436,125.275328
43.80436,125.275328
43.80436,125.275328
43.80436,125.275328
43.80436,125.275328
43.80436,125.275328
43.80436,125.275328
43.80436,125.275328
43.80436,125.275328
43.80436,125.275328
43.80436,125.275328
43.80436,125.275328
43.80436,125.275328
43.80436,125.275328
43.80436,125.275328
43.80436,125.275328
43.80436,125.275328
43.80436,125.275328
43.80436,125.275328
43.80436,125.275328
43.80436,125.275328
43.80436,125.275328
43.80436,125.275328
43.80436,125.275328
43.80436,125.275328
43.80436,125.275328
43.80436,125.275328
43.80436,125.275328
43.80436,125.275328
43.80436,125.275328
43.80436,125.275328
43.80436,125.275328
43.80436,125.275328
43.80436,125.275328
43.80436,125.275328
43.80436,125.275328
43.80436,125.275328
43.80436,125.275328
43.80436,125.275328
43.80436,125.275328
43.80436,125.275328
43.80436,125.275328
43.80436,125.275328
43.80436,125.275328
43.80436,125.275328
43.80436,125.275328
43.80436,125.275328
43.80436,125.275328
43.80436,125.275328
43.80436,125.275328
43.80436,125.275328
43.80436,125.275328
43.80436,125.275328
43.80436,125.275328
43.80436,125.275328
43.80436,125.275328
43.80436,125.275328
43.80436,125.275328
43.80436,125.275328
43.80436,125.275328
43.80436,125.275328
43.80436,125.275328
43.80436,125.275328
43.80436,125.275328
43.80436,125.275328
43.80436,125.275328
43.80436,125.275328
43.80436,125.275328
43.80436,125.275328
43.80436,125.275328
43.80436,125.275328
43.80436,125.275328
43.80436,125.275328
43.80436,125.275328
43.80436,125.275328
43.80436,125.275328
43.80436,125.275328
43.80436,125.275328
43.80436,125.275328
43.80436,125.275328
43.80436,125.275328
43.80436,125.275328
43.80436,125.275328
43.80436,125.275328
43.80436,125.275328
43.80436,125.275328
43.80436,125.275328
43.80436,125.275328
43.80436,125.275328
43.80436,125.275328
43.80436,125.275328
43.80436,125.275328
43.80436,125.275328
43.80436,125.275328
43.80436,125.275328
43.80436,125.275328
43.80436,125.275328
43.80436,125.275328
43.80436,125.275328
43.80436,125.275328
43.80436,125.275328
43.80436,125.275328
43.80436,125.275328
43.80436,125.275328
43.80436,125.275328
43.80436,125.275328
43.80436,125.275328
43.80436,125.275328
43.80436,125.275328
43.80436,125.275328
43.80436,125.275328
43.80436,125.275328
43.80436,125.275328
43.80436,125.275328
43.80436,125.275328
43.80436,125.275328
43.80436,125.275328
43.80436,125.275328
43.80436,125.275328
43.80436,125.275328
43.80436,125.275328
43.80436,125.275328
43.80436,125.275328
43.80436,125.275328
43.80436,125.275328
43.80436,125.275328
43.80436,125.275328
43.80436,125.275328
43.80436,125.275328
43.80436,125.275328
43.80436,125.275328
43.80436,125.275328
43.80436,125.275328
43.80436,125.275328
43.80436,125.275328
43.80436,125.275328
43.80436,125.275328
43.80436,125.275328
43.80436,125.275328
43.80436,125.275328
43.80436,125.275328
43.80436,125.275328
43.80436,125.275328
43.80436,125.275328
43.80436,125.275328
43.80436,125.275328
43.80436,125.275328
43.80436,125.275328
43.80436,125.275328
43.80436,125.275328
43.80436,125.275328
43.80436,125.275328
43.80436,125.275328
43.80436,125.275328
43.80436,125.275328
43.80436,125.275328
43.80436,125.275328
43.80436,125.275328
43.80436,125.275328
43.80436,125.275328
43.80436,125.275328
43.80436,125.275328
43.80436,125.275328
43.80436,125.275328
43.80436,125.275328
43.80436,125.275328
43.80436,125.275328
43.80436,125.275328
43.80436,125.275328
43.80436,125.275328
43.80436,125.275328
43.80436,125.275328
43.80436,125.275328
43.80436,125.275328
43.80436,125.275328
43.80436,125.275328
43.80436,125.275328
43.80436,125.275328
43.80436,125.275328
43.80436,125.275328
43.80436,125.275328
43.80436,125.275328
43.80436,125.275328
43.80436,125.275328
43.80436,125.275328
43.80436,125.275328
43.80436,125.275328
43.80436,125.275328
43.80436,125.275328
43.80436,125.275328
43.80436,125.275328
43.80436,125.275328
43.80436,125.275328
43.80436,125.275328
43.80436,125.275328
43.80436,125.275328
43.80436,125.275328
43.80436,125.275328
43.80436,125.275328
43.80436,125.275328
43.80436,125.275328
43.80436,125.275328
43.80436,125.275328
43.80436,125.275328
43.80436,125.275328
43.80436,125.275328
43.80436,125.275328
43.80436,125.275328
43.80436,125.275328
43.80436,125.275328
43.80436,125.275328
43.80436,125.275328
43.80436,125.275328
43.80436,125.275328
43.80436,125.275328
43.80436,125.275328
43.80436,125.275328
43.80436,125.275328
43.80436,125.275328
43.80436,125.275328
43.80436,125.275328
43.80436,125.275328
43.80436,125.275328
43.80436,125.275328
43.80436,125.275328
43.80436,125.275328
43.80436,125.275328
43.80436,125.275328
43.80436,125.275328
43.80436,125.275328
43.80436,125.275328
43.80436,125.275328
43.80436,125.275328
43.80436,125.275328
43.80436,125.275328
43.80436,125.275328
43.80436,125.275328
43.80436,125.275328
43.80436,125.275328
43.80436,125.275328
43.80436,125.275328
43.80436,125.275328
43.80436,125.275328
43.80436,125.275328
43.80436,125.275328
43.80436,125.275328
43.80436,125.275328
43.80436,125.275328
43.80436,125.275328
43.80436,125.275328
43.80436,125.275328
43.80436,125.275328
43.80436,125.275328
43.80436,125.275328
43.80436,125.275328
43.80436,125.275328
43.80436,125.275328
43.80436,125.275328
43.80436,125.275328
43.80436,125.275328
43.80436,125.275328
43.80436,125.275328
43.80436,125.275328
43.80436,125.275328
43.80436,125.275328
43.80436,125.275328
43.80436,125.275328
43.80436,125.275328
43.80436,125.275328
43.80436,125.275328
43.80436,125.275328
43.80436,125.275328
43.80436,125.275328
43.80436,125.275328
43.80436,125.275328
43.80436,125.275328
43.80436,125.275328
43.80436,125.275328
43.80436,125.275328
43.80436,125.275328
43.80436,125.275328
43.80436,125.275328
43.80436,125.275328
43.80436,125.275328
43.80436,125.275328
43.80436,125.275328
43.80436,125.275328
43.80436,125.275328
43.80436,125.275328
43.80436,125.275328
43.80436,125.275328
43.80436,125.275328
43.80436,125.275328
43.80436,125.275328
43.80436,125.275328
43.80436,125.275328
43.80436,125.275328
43.80436,125.275328
43.80436,125.275328
43.80436,125.275328
43.80436,125.275328
43.80436,125.275328
43.80436,125.275328
43.80436,125.275328
43.80436,125.275328
43.80436,125.275328
43.80436,125.275328
43.80436,125.275328
43.80436,125.275328
43.80436,125.275328
43.80436,125.275328
43.80436,125.275328
43.80436,125.275328
43.80436,125.275328
43.80436,125.275328
43.80436,125.275328
43.80436,125.275328
43.80436,125.275328
43.80436,125.275328
43.80436,125.275328
43.80436,125.275328
43.80436,125.275328
43.80436,125.275328
43.80436,125.275328
43.80436,125.275328
43.80436,125.275328
43.80436,125.275328
43.80436,125.275328
43.80436,125.275328
43.80436,125.275328
43.80436,125.275328
43.80436,125.275328
43.80436,125.275328
43.80436,125.275328
43.80436,125.275328
43.80436,125.275328
43.80436,125.275328
43.80436,125.275328
43.80436,125.275328
43.80436,125.275328
43.80436,125.275328
43.80436,125.275328
43.80436,125.275328
43.80436,125.275328
43.80436,125.275328
43.80436,125.275328
43.80436,125.275328
43.80436,125.275328
43.80436,125.275328
43.80436,125.275328
43.80436,125.275328
43.80436,125.275328
43.80436,125.275328
43.80436,125.275328
43.80436,125.275328
43.80436,125.275328
43.80436,125.275328
43.80436,125.275328
43.80436,125.275328
43.80436,125.275328
43.80436,125.275328
43.80436,125.275328
43.80436,125.275328
43.80436,125.275328
43.80436,125.275328
43.80436,125.275328
43.80436,125.275328
43.80436,125.275328
43.80436,125.275328
43.80436,125.275328
43.80436,125.275328
43.80436,125.275328
43.80436,125.275328
43.80436,125.275328
43.80436,125.275328
43.80436,125.275328
43.80436,125.275328
43.80436,125.275328
43.80436,125.275328
43.80436,125.275328
43.80436,125.275328
43.80436,125.275328
43.80436,125.275328
43.80436,125.275328
43.80436,125.275328
43.80436,125.275328
43.80436,125.275328
43.80436,125.275328
43.80436,125.275328
43.80436,125.275328
43.80436,125.275328
43.80436,125.275328
43.80436,125.275328
43.80436,125.275328
43.80436,125.275328
43.80436,125.275328
43.80436,125.275328
43.80436,125.275328
43.80436,125.275328
43.80436,125.275328
43.80436,125.275328
43.80436,125.275328
43.80436,125.275328
43.80436,125.275328
43.80436,125.275328
43.80436,125.275328
43.80436,125.275328
43.80436,125.275328
43.80436,125.275328
43.80436,125.275328
43.80436,125.275328
43.80436,125.275328
43.80436,125.275328
43.80436,125.275328
43.80436,125.275328
43.80436,125.275328
43.80436,125.275328
43.80436,125.275328
43.80436,125.275328
43.80436,125.275328
43.80436,125.275328
43.80436,125.275328
43.80436,125.275328
43.80436,125.275328
43.80436,125.275328
43.80436,125.275328
43.80436,125.275328
43.80436,125.275328
43.80436,125.275328
43.80436,125.275328
43.80436,125.275328
43.80436,125.275328
43.80436,125.275328
43.80436,125.275328
43.80436,125.275328
43.80436,125.275328
43.80436,125.275328
43.80436,125.275328
43.80436,125.275328
43.80436,125.275328
43.80436,125.275328
43.80436,125.275328
43.80436,125.275328
43.80436,125.275328
43.80436,125.275328
43.80436,125.275328
43.80436,125.275328
43.80436,125.275328
43.80436,125.275328
43.80436,125.275328
43.80436,125.275328
43.80436,125.275328
43.80436,125.275328
43.80436,125.275328
43.80436,125.275328
43.80436,125.275328
43.80436,125.275328
43.80436,125.275328
43.80436,125.275328
43.80436,125.275328
43.80436,125.275328
43.80436,125.275328
43.80436,125.275328
43.80436,125.275328
43.80436,125.275328
43.80436,125.275328
43.80436,125.275328
43.80436,125.275328
43.80436,125.275328
43.80436,125.275328
43.80436,125.275328
43.80436,125.275328
43.80436,125.275328
43.80436,125.275328
43.80436,125.275328
43.80436,125.275328
43.80436,125.275328
43.80436,125.275328
43.80436,125.275328
43.80436,125.275328
43.80436,125.275328
43.80436,125.275328
43.80436,125.275328
43.80436,125.275328
43.80436,125.275328
43.80436,125.275328
43.80436,125.275328
43.80436,125.275328
43.80436,125.275328
43.80436,125.275328
43.80436,125.275328
43.80436,125.275328
43.80436,125.275328
43.80436,125.275328
43.80436,125.275328
43.80436,125.275328
43.80436,125.275328
43.80436,125.275328
43.80436,125.275328
43.80436,125.275328
43.80436,125.275328
43.80436,125.275328
43.80436,125.275328
43.80436,125.275328
43.80436,125.275328
43.80436,125.275328
43.80436,125.275328
43.80436,125.275328
43.80436,125.275328
43.80436,125.275328
43.80436,125.275328
43.80436,125.275328
43.80436,125.275328
43.80436,125.275328
43.80436,125.275328
43.80436,125.275328
43.80436,125.275328
43.80436,125.275328
43.80436,125.275328
43.80436,125.275328
43.80436,125.275328
43.80436,125.275328
43.80436,125.275328
43.80436,125.275328
43.80436,125.275328
43.80436,125.275328
43.80436,125.275328
43.80436,125.275328
43.80436,125.275328
43.80436,125.275328
43.80436,125.275328
43.80436,125.275328
43.80436,125.275328
43.80436,125.275328
43.80436,125.275328
43.80436,125.275328
43.80436,125.275328
43.80436,125.275328
43.80436,125.275328
43.80436,125.275328
43.80436,125.275328
43.80436,125.275328
43.80436,125.275328
43.80436,125.275328
43.80436,125.275328
43.80436,125.275328
43.80436,125.275328
43.80436,125.275328
43.80436,125.275328
43.80436,125.275328
43.80436,125.275328
43.80436,125.275328
43.80436,125.275328
43.80436,125.275328
43.80436,125.275328
43.80436,125.275328
43.80436,125.275328
43.80436,125.275328
43.80436,125.275328
43.80436,125.275328
43.80436,125.275328
43.80436,125.275328
43.80436,125.275328
43.80436,125.275328
43.80436,125.275328
43.80436,125.275328
43.80436,125.275328
43.80436,125.275328
43.80436,125.275328
43.80436,125.275328
43.80436,125.275328
43.80436,125.275328
43.80436,125.275328
43.80436,125.275328
43.80436,125.275328
43.80436,125.275328
43.80436,125.275328
43.80436,125.275328
43.80436,125.275328
43.80436,125.275328
43.80436,125.275328
43.80436,125.275328
43.80436,125.275328
43.80436,125.275328
43.80436,125.275328
43.80436,125.275328
43.80436,125.275328
43.80436,125.275328
43.80436,125.275328
43.80436,125.275328
43.80436,125.275328
43.80436,125.275328
43.80436,125.275328
43.80436,125.275328
43.80436,125.275328
43.80436,125.275328
43.80436,125.275328
43.80436,125.275328
43.80436,125.275328
43.80436,125.275328
43.80436,125.275328
43.80436,125.275328
43.80436,125.275328
43.80436,125.275328
43.80436,125.275328
43.80436,125.275328
43.80436,125.275328
43.80436,125.275328
43.80436,125.275328
43.80436,125.275328
43.80436,125.275328
43.80436,125.275328
43.80436,125.275328
43.80436,125.275328
43.80436,125.275328
43.80436,125.275328
43.80436,125.275328
43.80436,125.275328
43.80436,125.275328
43.80436,125.275328
43.80436,125.275328
43.80436,125.275328
43.80436,125.275328
43.80436,125.275328
43.80436,125.275328
43.80436,125.275328
43.80436,125.275328
43.80436,125.275328
43.80436,125.275328
43.80436,125.275328
43.80436,125.275328
43.80436,125.275328
43.80436,125.275328
43.80436,125.275328
43.80436,125.275328
43.80436,125.275328
43.80436,125.275328
43.80436,125.275328
43.80436,125.275328
43.80436,125.275328
43.80436,125.275328
43.80436,125.275328
43.80436,125.275328
43.80436,125.275328
43.80436,125.275328
43.80436,125.275328
43.80436,125.275328
43.80436,125.275328
43.80436,125.275328
43.80436,125.275328
43.80436,125.275328
43.80436,125.275328
43.80436,125.275328
43.80436,125.275328
43.80436,125.275328
43.80436,125.275328
43.80436,125.275328
43.80436,125.275328
43.80436,125.275328
43.80436,125.275328
43.80436,125.275328
43.80436,125.275328
43.80436,125.275328
43.80436,125.275328
43.80436,125.275328
43.80436,125.275328
43.80436,125.275328
43.80436,125.275328
43.80436,125.275328
43.80436,125.275328
43.80436,125.275328
43.80436,125.275328
43.80436,125.275328
43.80436,125.275328
43.80436,125.275328
43.80436,125.275328
43.80436,125.275328
43.80436,125.275328
43.80436,125.275328
43.80436,125.275328
43.80436,125.275328
43.80436,125.275328
43.80436,125.275328
43.80436,125.275328
43.80436,125.275328
43.80436,125.275328
43.80436,125.275328
43.80436,125.275328
43.80436,125.275328
43.80436,125.275328
43.80436,125.275328
43.80436,125.275328
43.80436,125.275328
43.80436,125.275328
43.80436,125.275328
43.80436,125.275328
43.80436,125.275328
43.80436,125.275328
43.80436,125.275328
43.80436,125.275328
43.80436,125.275328
43.80436,125.275328
43.80436,125.275328
43.80436,125.275328
43.80436,125.275328
43.80436,125.275328
43.80436,125.275328
43.80436,125.275328
43.80436,125.275328
43.80436,125.275328
43.80436,125.275328
43.80436,125.275328
43.80436,125.275328
43.80436,125.275328
43.80436,125.275328
43.80436,125.275328
43.80436,125.275328
43.80436,125.275328
43.80436,125.275328
43.80436,125.275328
43.80436,125.275328
43.80436,125.275328
43.80436,125.275328
43.80436,125.275328
43.80436,125.275328
43.80436,125.275328
43.80436,125.275328
43.80436,125.275328
43.80436,125.275328
43.80436,125.275328
43.80436,125.275328
43.80436,125.275328
43.80436,125.275328
43.80436,125.275328
43.80436,125.275328
43.80436,125.275328
43.80436,125.275328
43.80436,125.275328
43.80436,125.275328
43.80436,125.275328
43.80436,125.275328
43.80436,125.275328
43.80436,125.275328
43.80436,125.275328
43.80436,125.275328
43.80436,125.275328
43.80436,125.275328
43.80436,125.275328
43.80436,125.275328
43.80436,125.275328
43.80436,125.275328
43.80436,125.275328
43.80436,125.275328
43.80436,125.275328
43.80436,125.275328
43.80436,125.275328
43.80436,125.275328
43.80436,125.275328
43.80436,125.275328
43.80436,125.275328
43.80436,125.275328
43.80436,125.275328
43.80436,125.275328
43.80436,125.275328
43.80436,125.275328
43.80436,125.275328
43.80436,125.275328
43.80436,125.275328
43.80436,125.275328
43.80436,125.275328
43.80436,125.275328
43.80436,125.275328
43.80436,125.275328
43.80436,125.275328
43.80436,125.275328
43.80436,125.275328
43.80436,125.275328
43.80436,125.275328
43.80436,125.275328
43.80436,125.275328
43.80436,125.275328
43.80436,125.275328
43.80436,125.275328
43.80436,125.275328
43.80436,125.275328
43.80436,125.275328
43.80436,125.275328
43.80436,125.275328
43.80436,125.275328
43.80436,125.275328
43.80436,125.275328
43.80436,125.275328
43.80436,125.275328
43.80436,125.275328
43.80436,125.275328
43.80436,125.275328
43.80436,125.275328
43.80436,125.275328
43.80436,125.275328
43.80436,125.275328
43.80436,125.275328
43.80436,125.275328
43.80436,125.275328
43.80436,125.275328
43.80436,125.275328
43.80436,125.275328
43.80436,125.275328
43.80436,125.275328
43.80436,125.275328
43.80436,125.275328
43.80436,125.275328
43.80436,125.275328
43.80436,125.275328
43.80436,125.275328
43.80436,125.275328
43.80436,125.275328
43.80436,125.275328
43.80436,125.275328
43.80436,125.275328
43.80436,125.275328
43.80436,125.275328
43.80436,125.275328
43.80436,125.275328
43.80436,125.275328
43.80436,125.275328
43.80436,125.275328
43.80436,125.275328
43.80436,125.275328
43.80436,125.275328
43.80436,125.275328
43.80436,125.275328
43.80436,125.275328
43.80436,125.275328
43.80436,125.275328
43.80436,125.275328
43.80436,125.275328
43.80436,125.275328
43.80436,125.275328
43.80436,125.275328
43.80436,125.275328
43.80436,125.275328
43.80436,125.275328
43.80436,125.275328
43.80436,125.275328
43.80436,125.275328
43.80436,125.275328
43.80436,125.275328
43.80436,125.275328
43.80436,125.275328
43.80436,125.275328
43.80436,125.275328
43.80436,125.275328
43.80436,125.275328
43.80436,125.275328
43.80436,125.275328
43.80436,125.275328
43.80436,125.275328
43.80436,125.275328
43.80436,125.275328
43.80436,125.275328
43.80436,125.275328
43.80436,125.275328
43.80436,125.275328
43.80436,125.275328
43.80436,125.275328
43.80436,125.275328
43.80436,125.275328
43.80436,125.275328
43.80436,125.275328
43.80436,125.275328
43.80436,125.275328
43.80436,125.275328
43.80436,125.275328
43.80436,125.275328
43.80436,125.275328
43.80436,125.275328
43.80436,125.275328
43.80436,125.275328
43.80436,125.275328
43.80436,125.275328
43.80436,125.275328
43.80436,125.275328
43.80436,125.275328
43.80436,125.275328
43.80436,125.275328
43.80436,125.275328
43.80436,125.275328
43.80436,125.275328
43.80436,125.275328
43.80436,125.275328
43.80436,125.275328
43.80436,125.275328
43.80436,125.275328
43.80436,125.275328
43.80436,125.275328
43.80436,125.275328
43.80436,125.275328
43.80436,125.275328
43.80436,125.275328
43.80436,125.275328
43.80436,125.275328
43.80436,125.275328
43.80436,125.275328
43.80436,125.275328
43.80436,125.275328
43.80436,125.275328
43.80436,125.275328
43.80436,125.275328
43.80436,125.275328
43.80436,125.275328
43.80436,125.275328
43.80436,125.275328
43.80436,125.275328
43.80436,125.275328
43.80436,125.275328
43.80436,125.275328
43.80436,125.275328
43.80436,125.275328
43.80436,125.275328
43.80436,125.275328
43.80436,125.275328
43.80436,125.275328
43.80436,125.275328
43.80436,125.275328
43.80436,125.275328
43.80436,125.275328
43.80436,125.275328
43.80436,125.275328
43.80436,125.275328
43.80436,125.275328
43.80436,125.275328
43.80436,125.275328
43.80436,125.275328
43.80436,125.275328
43.80436,125.275328
43.80436,125.275328
43.80436,125.275328
43.80436,125.275328
43.80436,125.275328
43.80436,125.275328
43.80436,125.275328
43.80436,125.275328
43.80436,125.275328
43.80436,125.275328
43.80436,125.275328
43.80436,125.275328
43.80436,125.275328
43.80436,125.275328
43.80436,125.275328
43.80436,125.275328
43.80436,125.275328
43.80436,125.275328
43.80436,125.275328
43.80436,125.275328
43.80436,125.275328
43.80436,125.275328
43.80436,125.275328
43.80436,125.275328
43.80436,125.275328
43.80436,125.275328
43.80436,125.275328
43.80436,125.275328
43.80436,125.275328
43.80436,125.275328
43.80436,125.275328
43.80436,125.275328
43.80436,125.275328
43.80436,125.275328
43.80436,125.275328
43.80436,125.275328
43.80436,125.275328
43.80436,125.275328
43.80436,125.275328
43.80436,125.275328
43.80436,125.275328
43.80436,125.275328
43.80436,125.275328
43.80436,125.275328
43.80436,125.275328
43.80436,125.275328
43.80436,125.275328
43.80436,125.275328
43.80436,125.275328
43.80436,125.275328
43.80436,125.275328
43.80436,125.275328
43.80436,125.275328
43.80436,125.275328
43.80436,125.275328
43.80436,125.275328
43.80436,125.275328
43.80436,125.275328
43.80436,125.275328
43.80436,125.275328
43.80436,125.275328
43.80436,125.275328
43.80436,125.275328
43.80436,125.275328
43.80436,125.275328
43.80436,125.275328
43.80436,125.275328
43.80436,125.275328
43.80436,125.275328
43.80436,125.275328
43.80436,125.275328
43.80436,125.275328
43.80436,125.275328
43.80436,125.275328
43.80436,125.275328
43.80436,125.275328
43.80436,125.275328
43.80436,125.275328
43.80436,125.275328
43.80436,125.275328
43.80436,125.275328
43.80436,125.275328
43.80436,125.275328
43.80436,125.275328
43.80436,125.275328
43.80436,125.275328
43.80436,125.275328
43.80436,125.275328
43.80436,125.275328
43.80436,125.275328
43.80436,125.275328
43.80436,125.275328
43.80436,125.275328
43.80436,125.275328
43.80436,125.275328
43.80436,125.275328
43.80436,125.275328
43.80436,125.275328
43.80436,125.275328
43.80436,125.275328
43.80436,125.275328
43.80436,125.275328
43.80436,125.275328
43.80436,125.275328
43.80436,125.275328
43.80436,125.275328
43.80436,125.275328
43.80436,125.275328
43.80436,125.275328
43.80436,125.275328
43.80436,125.275328
43.80436,125.275328
43.80436,125.275328
43.80436,125.275328
43.80436,125.275328
43.80436,125.275328
43.80436,125.275328
43.80436,125.275328
43.80436,125.275328
43.80436,125.275328
43.80436,125.275328
43.80436,125.275328
43.80436,125.275328
43.80436,125.275328
43.80436,125.275328
43.80436,125.275328
43.80436,125.275328
43.80436,125.275328
43.80436,125.275328
43.80436,125.275328
43.80436,125.275328
43.80436,125.275328
43.80436,125.275328
43.80436,125.275328
43.80436,125.275328
43.80436,125.275328
43.80436,125.275328
43.80436,125.275328
43.80436,125.275328
43.80436,125.275328
43.80436,125.275328
43.80436,125.275328
43.80436,125.275328
43.80436,125.275328
43.80436,125.275328
43.80436,125.275328
43.80436,125.275328
43.80436,125.275328
43.80436,125.275328
43.80436,125.275328
43.80436,125.275328
43.80436,125.275328
43.80436,125.275328
43.80436,125.275328
43.80436,125.275328
43.80436,125.275328
43.80436,125.275328
43.80436,125.275328
43.80436,125.275328
43.80436,125.275328
43.80436,125.275328
43.80436,125.275328
43.80436,125.275328
43.80436,125.275328
43.80436,125.275328
43.80436,125.275328
43.80436,125.275328
43.80436,125.275328
43.80436,125.275328
43.80436,125.275328
43.80436,125.275328
43.80436,125.275328
43.80436,125.275328
43.80436,125.275328
43.80436,125.275328
43.80436,125.275328
43.80436,125.275328
43.80436,125.275328
43.80436,125.275328
43.80436,125.275328
43.80436,125.275328
43.80436,125.275328
43.80436,125.275328
43.80436,125.275328
43.80436,125.275328
43.80436,125.275328
43.80436,125.275328
43.80436,125.275328
43.80436,125.275328
43.80436,125.275328
43.80436,125.275328
43.80436,125.275328
43.80436,125.275328
43.80436,125.275328
43.80436,125.275328
43.80436,125.275328
43.80436,125.275328
43.80436,125.275328
43.80436,125.275328
43.80436,125.275328
43.80436,125.275328
43.80436,125.275328
43.80436,125.275328
43.80436,125.275328
43.80436,125.275328
43.80436,125.275328
43.80436,125.275328
43.80436,125.275328
43.80436,125.275328
43.80436,125.275328
43.80436,125.275328
43.80436,125.275328
43.80436,125.275328
43.80436,125.275328
43.80436,125.275328
43.80436,125.275328
43.80436,125.275328
43.80436,125.275328
43.80436,125.275328
43.80436,125.275328
43.80436,125.275328
43.80436,125.275328
43.80436,125.275328
43.80436,125.275328
43.80436,125.275328
43.80436,125.275328
43.80436,125.275328
43.80436,125.275328
43.80436,125.275328
43.80436,125.275328
43.80436,125.275328
43.80436,125.275328
43.80436,125.275328
43.80436,125.275328
43.80436,125.275328
43.80436,125.275328
43.80436,125.275328
43.80436,125.275328
43.80436,125.275328
43.80436,125.275328
43.80436,125.275328
43.80436,125.275328
43.80436,125.275328
43.80436,125.275328
43.80436,125.275328
43.80436,125.275338
43.80436,125.275338
43.80436,125.275338
43.80436,125.275338
43.80436,125.275338
43.80436,125.275338
43.80436,125.275338
43.80436,125.275338
43.80436,125.275338
43.80436,125.275338
43.80436,125.275338
43.80436,125.275338
43.80436,125.275338
43.80436,125.275338
43.80436,125.275338
43.80436,125.275338
43.80436,125.275338
43.80436,125.275338
43.80436,125.275338
43.80436,125.275338
43.804359,125.275373
43.804359,125.275373
43.804359,125.275373
43.804359,125.275373
43.804359,125.275373
43.804359,125.275373
43.804359,125.275373
43.804359,125.275373
43.804359,125.275373
43.804359,125.275373
43.804359,125.275373
43.804359,125.275373
43.804359,125.275373
43.804359,125.275373
43.804359,125.275373
43.804359,125.275373
43.804359,125.275373
43.804359,125.275373
43.804359,125.275373
43.804359,125.275373
43.804359,125.275426
43.804359,125.275426
43.804359,125.275426
43.804359,125.275426
43.804359,125.275426
43.804359,125.275426
43.804359,125.275426
43.804359,125.275426
43.804359,125.275426
43.804359,125.275426
43.804359,125.275426
43.804359,125.275426
43.804359,125.275426
43.804359,125.275426
43.804359,125.275426
43.804359,125.275426
43.804359,125.275426
43.804359,125.275426
43.804359,125.275426
43.804359,125.275426
43.804358,125.275481
43.804358,125.275481
43.804358,125.275481
43.804358,125.275481
43.804358,125.275481
43.804358,125.275481
43.804358,125.275481
43.804358,125.275481
43.804358,125.275481
43.804358,125.275481
43.804358,125.275481
43.804358,125.275481
43.804358,125.275481
43.804358,125.275481
43.804358,125.275481
43.804358,125.275481
43.804358,125.275481
43.804358,125.275481
43.804358,125.275481
43.804358,125.275481
43.804358,125.27555
43.804358,125.27555
43.804358,125.27555
43.804358,125.27555
43.804358,125.27555
43.804358,125.27555
43.804358,125.27555
43.804358,125.27555
43.804358,125.27555
43.804358,125.27555
43.804358,125.27555
43.804358,125.27555
43.804358,125.27555
43.804358,125.27555
43.804358,125.27555
43.804358,125.27555
43.804358,125.27555
43.804358,125.27555
43.804358,125.27555
43.804358,125.27555
43.804358,125.275632
43.804358,125.275632
43.804358,125.275632
43.804358,125.275632
43.804358,125.275632
43.804358,125.275632
43.804358,125.275632
43.804358,125.275632
43.804358,125.275632
43.804358,125.275632
43.804358,125.275632
43.804358,125.275632
43.804358,125.275632
43.804358,125.275632
43.804358,125.275632
43.804358,125.275632
43.804358,125.275632
43.804358,125.275632
43.804358,125.275632
43.804358,125.275632
43.804357,125.27571
43.804357,125.27571
43.804357,125.27571
43.804357,125.27571
43.804357,125.27571
43.804357,125.27571
43.804357,125.27571
43.804357,125.27571
43.804357,125.27571
43.804357,125.27571
43.804357,125.27571
43.804357,125.27571
43.804357,125.27571
43.804357,125.27571
43.804357,125.27571
43.804357,125.27571
43.804357,125.27571
43.804357,125.27571
43.804357,125.27571
43.804357,125.27571
43.804353,125.275793
43.804353,125.275793
43.804353,125.275793
43.804353,125.275793
43.804353,125.275793
43.804353,125.275793
43.804353,125.275793
43.804353,125.275793
43.804353,125.275793
43.804353,125.275793
43.804353,125.275793
43.804353,125.275793
43.804353,125.275793
43.804353,125.275793
43.804353,125.275793
43.804353,125.275793
43.804353,125.275793
43.804353,125.275793
43.804353,125.275793
43.804353,125.275793
43.804339,125.275876
43.804339,125.275876
43.804339,125.275876
43.804339,125.275876
43.804339,125.275876
43.804339,125.275876
43.804339,125.275876
43.804339,125.275876
43.804339,125.275876
43.804339,125.275876
43.804339,125.275876
43.804339,125.275876
43.804339,125.275876
43.804339,125.275876
43.804339,125.275876
43.804339,125.275876
43.804339,125.275876
43.804339,125.275876
43.804339,125.275876
43.804339,125.275876
43.804312,125.275953
43.804312,125.275953
43.804312,125.275953
43.804312,125.275953
43.804312,125.275953
43.804312,125.275953
43.804312,125.275953
43.804312,125.275953
43.804312,125.275953
43.804312,125.275953
43.804312,125.275953
43.804312,125.275953
43.804312,125.275953
43.804312,125.275953
43.804312,125.275953
43.804312,125.275953
43.804312,125.275953
43.804312,125.275953
43.804312,125.275953
43.804312,125.275953
43.804274,125.276012
43.804274,125.276012
43.804274,125.276012
43.804274,125.276012
43.804274,125.276012
43.804274,125.276012
43.804274,125.276012
43.804274,125.276012
43.804274,125.276012
43.804274,125.276012
43.804274,125.276012
43.804274,125.276012
43.804274,125.276012
43.804274,125.276012
43.804274,125.276012
43.804274,125.276012
43.804274,125.276012
43.804274,125.276012
43.804274,125.276012
43.804274,125.276012
43.804215,125.27607
43.804215,125.27607
43.804215,125.27607
43.804215,125.27607
43.804215,125.27607
43.804215,125.27607
43.804215,125.27607
43.804215,125.27607
43.804215,125.27607
43.804215,125.27607
43.804215,125.27607
43.804215,125.27607
43.804215,125.27607
43.804215,125.27607
43.804215,125.27607
43.804215,125.27607
43.804215,125.27607
43.804215,125.27607
43.804215,125.27607
43.804215,125.27607
43.804146,125.276106
43.804146,125.276106
43.804146,125.276106
43.804146,125.276106
43.804146,125.276106
43.804146,125.276106
43.804146,125.276106
43.804146,125.276106
43.804146,125.276106
43.804146,125.276106
43.804146,125.276106
43.804146,125.276106
43.804146,125.276106
43.804146,125.276106
43.804146,125.276106
43.804146,125.276106
43.804146,125.276106
43.804146,125.276106
43.804146,125.276106
43.804146,125.276106
43.804066,125.276128
43.804066,125.276128
43.804066,125.276128
43.804066,125.276128
43.804066,125.276128
43.804066,125.276128
43.804066,125.276128
43.804066,125.276128
43.804066,125.276128
43.804066,125.276128
43.804066,125.276128
43.804066,125.276128
43.804066,125.276128
43.804066,125.276128
43.804066,125.276128
43.804066,125.276128
43.804066,125.276128
43.804066,125.276128
43.804066,125.276128
43.804066,125.276128
43.803985,125.27614
43.803985,125.27614
43.803985,125.27614
43.803985,125.27614
43.803985,125.27614
43.803985,125.27614
43.803985,125.27614
43.803985,125.27614
43.803985,125.27614
43.803985,125.27614
43.803985,125.27614
43.803985,125.27614
43.803985,125.27614
43.803985,125.27614
43.803985,125.27614
43.803985,125.27614
43.803985,125.27614
43.803985,125.27614
43.803985,125.27614
43.803985,125.27614
43.803881,125.276149
43.803881,125.276149
43.803881,125.276149
43.803881,125.276149
43.803881,125.276149
43.803881,125.276149
43.803881,125.276149
43.803881,125.276149
43.803881,125.276149
43.803881,125.276149
43.803881,125.276149
43.803881,125.276149
43.803881,125.276149
43.803881,125.276149
43.803881,125.276149
43.803881,125.276149
43.803881,125.276149
43.803881,125.276149
43.803881,125.276149
43.803881,125.276149
43.803783,125.276154
43.803783,125.276154
43.803783,125.276154
43.803783,125.276154
43.803783,125.276154
43.803783,125.276154
43.803783,125.276154
43.803783,125.276154
43.803783,125.276154
43.803783,125.276154
43.803783,125.276154
43.803783,125.276154
43.803783,125.276154
43.803783,125.276154
43.803783,125.276154
43.803783,125.276154
43.803783,125.276154
43.803783,125.276154
43.803783,125.276154
43.803783,125.276154
43.803674,125.276162
43.803674,125.276162
43.803674,125.276162
43.803674,125.276162
43.803674,125.276162
43.803674,125.276162
43.803674,125.276162
43.803674,125.276162
43.803674,125.276162
43.803674,125.276162
43.803674,125.276162
43.803674,125.276162
43.803674,125.276162
43.803674,125.276162
43.803674,125.276162
43.803674,125.276162
43.803674,125.276162
43.803674,125.276162
43.803674,125.276162
43.803674,125.276162
43.803556,125.276172
43.803556,125.276172
43.803556,125.276172
43.803556,125.276172
43.803556,125.276172
43.803556,125.276172
43.803556,125.276172
43.803556,125.276172
43.803556,125.276172
43.803556,125.276172
43.803556,125.276172
43.803556,125.276172
43.803556,125.276172
43.803556,125.276172
43.803556,125.276172
43.803556,125.276172
43.803556,125.276172
43.803556,125.276172
43.803556,125.276172
43.803556,125.276172
43.803424,125.276183
43.803424,125.276183
43.803424,125.276183
43.803424,125.276183
43.803424,125.276183
43.803424,125.276183
43.803424,125.276183
43.803424,125.276183
43.803424,125.276183
43.803424,125.276183
43.803424,125.276183
43.803424,125.276183
43.803424,125.276183
43.803424,125.276183
43.803424,125.276183
43.803424,125.276183
43.803424,125.276183
43.803424,125.276183
43.803424,125.276183
43.803424,125.276183
43.803318,125.276193
43.803318,125.276193
43.803318,125.276193
43.803318,125.276193
43.803318,125.276193
43.803318,125.276193
43.803318,125.276193
43.803318,125.276193
43.803318,125.276193
43.803318,125.276193
43.803318,125.276193
43.803318,125.276193
43.803318,125.276193
43.803318,125.276193
43.803318,125.276193
43.803318,125.276193
43.803318,125.276193
43.803318,125.276193
43.803318,125.276193
43.803318,125.276193
43.803175,125.276205
43.803175,125.276205
43.803175,125.276205
43.803175,125.276205
43.803175,125.276205
43.803175,125.276205
43.803175,125.276205
43.803175,125.276205
43.803175,125.276205
43.803175,125.276205
43.803175,125.276205
43.803175,125.276205
43.803175,125.276205
43.803175,125.276205
43.803175,125.276205
43.803175,125.276205
43.803175,125.276205
43.803175,125.276205
43.803175,125.276205
43.803175,125.276205
43.803056,125.276211
43.803056,125.276211
43.803056,125.276211
43.803056,125.276211
43.803056,125.276211
43.803056,125.276211
43.803056,125.276211
43.803056,125.276211
43.803056,125.276211
43.803056,125.276211
43.803056,125.276211
43.803056,125.276211
43.803056,125.276211
43.803056,125.276211
43.803056,125.276211
43.803056,125.276211
43.803056,125.276211
43.803056,125.276211
43.803056,125.276211
43.803056,125.276211
43.802913,125.276216
43.802913,125.276216
43.802913,125.276216
43.802913,125.276216
43.802913,125.276216
43.802913,125.276216
43.802913,125.276216
43.802913,125.276216
43.802913,125.276216
43.802913,125.276216
43.802913,125.276216
43.802913,125.276216
43.802913,125.276216
43.802913,125.276216
43.802913,125.276216
43.802913,125.276216
43.802913,125.276216
43.802913,125.276216
43.802913,125.276216
43.802913,125.276216
43.802779,125.276216
43.802779,125.276216
43.802779,125.276216
43.802779,125.276216
43.802779,125.276216
43.802779,125.276216
43.802779,125.276216
43.802779,125.276216
43.802779,125.276216
43.802779,125.276216
43.802779,125.276216
43.802779,125.276216
43.802779,125.276216
43.802779,125.276216
43.802779,125.276216
43.802779,125.276216
43.802779,125.276216
43.802779,125.276216
43.802779,125.276216
43.802779,125.276216
43.802652,125.276215
43.802652,125.276215
43.802652,125.276215
43.802652,125.276215
43.802652,125.276215
43.802652,125.276215
43.802652,125.276215
43.802652,125.276215
43.802652,125.276215
43.802652,125.276215
43.802652,125.276215
43.802652,125.276215
43.802652,125.276215
43.802652,125.276215
43.802652,125.276215
43.802652,125.276215
43.802652,125.276215
43.802652,125.276215
43.802652,125.276215
43.802652,125.276215
43.802502,125.276213
43.802502,125.276213
43.802502,125.276213
43.802502,125.276213
43.802502,125.276213
43.802502,125.276213
43.802502,125.276213
43.802502,125.276213
43.802502,125.276213
43.802502,125.276213
43.802502,125.276213
43.802502,125.276213
43.802502,125.276213
43.802502,125.276213
43.802502,125.276213
43.802502,125.276213
43.802502,125.276213
43.802502,125.276213
43.802502,125.276213
43.802502,125.276213
43.802365,125.276213
43.802365,125.276213
43.802365,125.276213
43.802365,125.276213
43.802365,125.276213
43.802365,125.276213
43.802365,125.276213
43.802365,125.276213
43.802365,125.276213
43.802365,125.276213
43.802365,125.276213
43.802365,125.276213
43.802365,125.276213
43.802365,125.276213
43.802365,125.276213
43.802365,125.276213
43.802365,125.276213
43.802365,125.276213
43.802365,125.276213
43.802365,125.276213
43.802235,125.276215
43.802235,125.276215
43.802235,125.276215
43.802235,125.276215
43.802235,125.276215
43.802235,125.276215
43.802235,125.276215
43.802235,125.276215
43.802235,125.276215
43.802235,125.276215
43.802235,125.276215
43.802235,125.276215
43.802235,125.276215
43.802235,125.276215
43.802235,125.276215
43.802235,125.276215
43.802235,125.276215
43.802235,125.276215
43.802235,125.276215
43.802235,125.276215
43.802101,125.276217
43.802101,125.276217
43.802101,125.276217
43.802101,125.276217
43.802101,125.276217
43.802101,125.276217
43.802101,125.276217
43.802101,125.276217
43.802101,125.276217
43.802101,125.276217
43.802101,125.276217
43.802101,125.276217
43.802101,125.276217
43.802101,125.276217
43.802101,125.276217
43.802101,125.276217
43.802101,125.276217
43.802101,125.276217
43.802101,125.276217
43.802101,125.276217
43.801982,125.276217
43.801982,125.276217
43.801982,125.276217
43.801982,125.276217
43.801982,125.276217
43.801982,125.276217
43.801982,125.276217
43.801982,125.276217
43.801982,125.276217
43.801982,125.276217
43.801982,125.276217
43.801982,125.276217
43.801982,125.276217
43.801982,125.276217
43.801982,125.276217
43.801982,125.276217
43.801982,125.276217
43.801982,125.276217
43.801982,125.276217
43.801982,125.276217
43.801844,125.276217
43.801844,125.276217
43.801844,125.276217
43.801844,125.276217
43.801844,125.276217
43.801844,125.276217
43.801844,125.276217
43.801844,125.276217
43.801844,125.276217
43.801844,125.276217
43.801844,125.276217
43.801844,125.276217
43.801844,125.276217
43.801844,125.276217
43.801844,125.276217
43.801844,125.276217
43.801844,125.276217
43.801844,125.276217
43.801844,125.276217
43.801844,125.276217
43.801699,125.276217
43.801699,125.276217
43.801699,125.276217
43.801699,125.276217
43.801699,125.276217
43.801699,125.276217
43.801699,125.276217
43.801699,125.276217
43.801699,125.276217
43.801699,125.276217
43.801699,125.276217
43.801699,125.276217
43.801699,125.276217
43.801699,125.276217
43.801699,125.276217
43.801699,125.276217
43.801699,125.276217
43.801699,125.276217
43.801699,125.276217
43.801699,125.276217
43.801559,125.276216
43.801559,125.276216
43.801559,125.276216
43.801559,125.276216
43.801559,125.276216
43.801559,125.276216
43.801559,125.276216
43.801559,125.276216
43.801559,125.276216
43.801559,125.276216
43.801559,125.276216
43.801559,125.276216
43.801559,125.276216
43.801559,125.276216
43.801559,125.276216
43.801559,125.276216
43.801559,125.276216
43.801559,125.276216
43.801559,125.276216
43.801559,125.276216
43.80142,125.276216
43.80142,125.276216
43.80142,125.276216
43.80142,125.276216
43.80142,125.276216
43.80142,125.276216
43.80142,125.276216
43.80142,125.276216
43.80142,125.276216
43.80142,125.276216
43.80142,125.276216
43.80142,125.276216
43.80142,125.276216
43.80142,125.276216
43.80142,125.276216
43.80142,125.276216
43.80142,125.276216
43.80142,125.276216
43.80142,125.276216
43.80142,125.276216
43.801283,125.276216
43.801283,125.276216
43.801283,125.276216
43.801283,125.276216
43.801283,125.276216
43.801283,125.276216
43.801283,125.276216
43.801283,125.276216
43.801283,125.276216
43.801283,125.276216
43.801283,125.276216
43.801283,125.276216
43.801283,125.276216
43.801283,125.276216
43.801283,125.276216
43.801283,125.276216
43.801283,125.276216
43.801283,125.276216
43.801283,125.276216
43.801283,125.276216
43.801156,125.276216
43.801156,125.276216
43.801156,125.276216
43.801156,125.276216
43.801156,125.276216
43.801156,125.276216
43.801156,125.276216
43.801156,125.276216
43.801156,125.276216
43.801156,125.276216
43.801156,125.276216
43.801156,125.276216
43.801156,125.276216
43.801156,125.276216
43.801156,125.276216
43.801156,125.276216
43.801156,125.276216
43.801156,125.276216
43.801156,125.276216
43.801156,125.276216
43.801127,125.276218
43.801127,125.276218
43.801127,125.276218
43.801127,125.276218
43.801127,125.276218
43.801127,125.276218
43.801127,125.276218
43.801127,125.276218
43.801127,125.276218
43.801127,125.276218
43.801127,125.276218
43.801127,125.276218
43.801127,125.276218
43.801127,125.276218
43.801127,125.276218
43.801127,125.276218
43.801127,125.276218
43.801127,125.276218
43.801127,125.276218
43.801127,125.276218
43.80086,125.276225
43.80086,125.276225
43.80086,125.276225
43.80086,125.276225
43.80086,125.276225
43.80086,125.276225
43.80086,125.276225
43.80086,125.276225
43.80086,125.276225
43.80086,125.276225
43.80086,125.276225
43.80086,125.276225
43.80086,125.276225
43.80086,125.276225
43.80086,125.276225
43.80086,125.276225
43.80086,125.276225
43.80086,125.276225
43.80086,125.276225
43.80086,125.276225
43.800713,125.276233
43.800713,125.276233
43.800713,125.276233
43.800713,125.276233
43.800713,125.276233
43.800713,125.276233
43.800713,125.276233
43.800713,125.276233
43.800713,125.276233
43.800713,125.276233
43.800713,125.276233
43.800713,125.276233
43.800713,125.276233
43.800713,125.276233
43.800713,125.276233
43.800713,125.276233
43.800713,125.276233
43.800713,125.276233
43.800713,125.276233
43.800713,125.276233
43.800584,125.276242
43.800584,125.276242
43.800584,125.276242
43.800584,125.276242
43.800584,125.276242
43.800584,125.276242
43.800584,125.276242
43.800584,125.276242
43.800584,125.276242
43.800584,125.276242
43.800584,125.276242
43.800584,125.276242
43.800584,125.276242
43.800584,125.276242
43.800584,125.276242
43.800584,125.276242
43.800584,125.276242
43.800584,125.276242
43.800584,125.276242
43.800584,125.276242
43.800431,125.276249
43.800431,125.276249
43.800431,125.276249
43.800431,125.276249
43.800431,125.276249
43.800431,125.276249
43.800431,125.276249
43.800431,125.276249
43.800431,125.276249
43.800431,125.276249
43.800431,125.276249
43.800431,125.276249
43.800431,125.276249
43.800431,125.276249
43.800431,125.276249
43.800431,125.276249
43.800431,125.276249
43.800431,125.276249
43.800431,125.276249
43.800431,125.276249
43.80029,125.276253
43.80029,125.276253
43.80029,125.276253
43.80029,125.276253
43.80029,125.276253
43.80029,125.276253
43.80029,125.276253
43.80029,125.276253
43.80029,125.276253
43.80029,125.276253
43.80029,125.276253
43.80029,125.276253
43.80029,125.276253
43.80029,125.276253
43.80029,125.276253
43.80029,125.276253
43.80029,125.276253
43.80029,125.276253
43.80029,125.276253
43.80029,125.276253
43.80015,125.276255
43.80015,125.276255
43.80015,125.276255
43.80015,125.276255
43.80015,125.276255
43.80015,125.276255
43.80015,125.276255
43.80015,125.276255
43.80015,125.276255
43.80015,125.276255
43.80015,125.276255
43.80015,125.276255
43.80015,125.276255
43.80015,125.276255
43.80015,125.276255
43.80015,125.276255
43.80015,125.276255
43.80015,125.276255
43.80015,125.276255
43.80015,125.276255
43.80001,125.276256
43.80001,125.276256
43.80001,125.276256
43.80001,125.276256
43.80001,125.276256
43.80001,125.276256
43.80001,125.276256
43.80001,125.276256
43.80001,125.276256
43.80001,125.276256
43.80001,125.276256
43.80001,125.276256
43.80001,125.276256
43.80001,125.276256
43.80001,125.276256
43.80001,125.276256
43.80001,125.276256
43.80001,125.276256
43.80001,125.276256
43.80001,125.276256
43.79987,125.276256
43.79987,125.276256
43.79987,125.276256
43.79987,125.276256
43.79987,125.276256
43.79987,125.276256
43.79987,125.276256
43.79987,125.276256
43.79987,125.276256
43.79987,125.276256
43.79987,125.276256
43.79987,125.276256
43.79987,125.276256
43.79987,125.276256
43.79987,125.276256
43.79987,125.276256
43.79987,125.276256
43.79987,125.276256
43.79987,125.276256
43.79987,125.276256
43.799726,125.276257
43.799726,125.276257
43.799726,125.276257
43.799726,125.276257
43.799726,125.276257
43.799726,125.276257
43.799726,125.276257
43.799726,125.276257
43.799726,125.276257
43.799726,125.276257
43.799726,125.276257
43.799726,125.276257
43.799726,125.276257
43.799726,125.276257
43.799726,125.276257
43.799726,125.276257
43.799726,125.276257
43.799726,125.276257
43.799726,125.276257
43.799726,125.276257
43.799581,125.276258
43.799581,125.276258
43.799581,125.276258
43.799581,125.276258
43.799581,125.276258
43.799581,125.276258
43.799581,125.276258
43.799581,125.276258
43.799581,125.276258
43.799581,125.276258
43.799581,125.276258
43.799581,125.276258
43.799581,125.276258
43.799581,125.276258
43.799581,125.276258
43.799581,125.276258
43.799581,125.276258
43.799581,125.276258
43.799581,125.276258
43.799581,125.276258
43.799439,125.27626
43.799439,125.27626
43.799439,125.27626
43.799439,125.27626
43.799439,125.27626
43.799439,125.27626
43.799439,125.27626
43.799439,125.27626
43.799439,125.27626
43.799439,125.27626
43.799439,125.27626
43.799439,125.27626
43.799439,125.27626
43.799439,125.27626
43.799439,125.27626
43.799439,125.27626
43.799439,125.27626
43.799439,125.27626
43.799439,125.27626
43.799439,125.27626
43.799296,125.276263
43.799296,125.276263
43.799296,125.276263
43.799296,125.276263
43.799296,125.276263
43.799296,125.276263
43.799296,125.276263
43.799296,125.276263
43.799296,125.276263
43.799296,125.276263
43.799296,125.276263
43.799296,125.276263
43.799296,125.276263
43.799296,125.276263
43.799296,125.276263
43.799296,125.276263
43.799296,125.276263
43.799296,125.276263
43.799296,125.276263
43.799296,125.276263
43.799152,125.276264
43.799152,125.276264
43.799152,125.276264
43.799152,125.276264
43.799152,125.276264
43.799152,125.276264
43.799152,125.276264
43.799152,125.276264
43.799152,125.276264
43.799152,125.276264
43.799152,125.276264
43.799152,125.276264
43.799152,125.276264
43.799152,125.276264
43.799152,125.276264
43.799152,125.276264
43.799152,125.276264
43.799152,125.276264
43.799152,125.276264
43.799152,125.276264
43.799015,125.276264
43.799015,125.276264
43.799015,125.276264
43.799015,125.276264
43.799015,125.276264
43.799015,125.276264
43.799015,125.276264
43.799015,125.276264
43.799015,125.276264
43.799015,125.276264
43.799015,125.276264
43.799015,125.276264
43.799015,125.276264
43.799015,125.276264
43.799015,125.276264
43.799015,125.276264
43.799015,125.276264
43.799015,125.276264
43.799015,125.276264
43.799015,125.276264
43.798883,125.276265
43.798883,125.276265
43.798883,125.276265
43.798883,125.276265
43.798883,125.276265
43.798883,125.276265
43.798883,125.276265
43.798883,125.276265
43.798883,125.276265
43.798883,125.276265
43.798883,125.276265
43.798883,125.276265
43.798883,125.276265
43.798883,125.276265
43.798883,125.276265
43.798883,125.276265
43.798883,125.276265
43.798883,125.276265
43.798883,125.276265
43.798883,125.276265
43.798747,125.276266
43.798747,125.276266
43.798747,125.276266
43.798747,125.276266
43.798747,125.276266
43.798747,125.276266
43.798747,125.276266
43.798747,125.276266
43.798747,125.276266
43.798747,125.276266
43.798747,125.276266
43.798747,125.276266
43.798747,125.276266
43.798747,125.276266
43.798747,125.276266
43.798747,125.276266
43.798747,125.276266
43.798747,125.276266
43.798747,125.276266
43.798747,125.276266
43.798641,125.276267
43.798641,125.276267
43.798641,125.276267
43.798641,125.276267
43.798641,125.276267
43.798641,125.276267
43.798641,125.276267
43.798641,125.276267
43.798641,125.276267
43.798641,125.276267
43.798641,125.276267
43.798641,125.276267
43.798641,125.276267
43.798641,125.276267
43.798641,125.276267
43.798641,125.276267
43.798641,125.276267
43.798641,125.276267
43.798641,125.276267
43.798641,125.276267
43.798523,125.276267
43.798523,125.276267
43.798523,125.276267
43.798523,125.276267
43.798523,125.276267
43.798523,125.276267
43.798523,125.276267
43.798523,125.276267
43.798523,125.276267
43.798523,125.276267
43.798523,125.276267
43.798523,125.276267
43.798523,125.276267
43.798523,125.276267
43.798523,125.276267
43.798523,125.276267
43.798523,125.276267
43.798523,125.276267
43.798523,125.276267
43.798523,125.276267
43.798398,125.276267
43.798398,125.276267
43.798398,125.276267
43.798398,125.276267
43.798398,125.276267
43.798398,125.276267
43.798398,125.276267
43.798398,125.276267
43.798398,125.276267
43.798398,125.276267
43.798398,125.276267
43.798398,125.276267
43.798398,125.276267
43.798398,125.276267
43.798398,125.276267
43.798398,125.276267
43.798398,125.276267
43.798398,125.276267
43.798398,125.276267
43.798398,125.276267
43.798259,125.276268
43.798259,125.276268
43.798259,125.276268
43.798259,125.276268
43.798259,125.276268
43.798259,125.276268
43.798259,125.276268
43.798259,125.276268
43.798259,125.276268
43.798259,125.276268
43.798259,125.276268
43.798259,125.276268
43.798259,125.276268
43.798259,125.276268
43.798259,125.276268
43.798259,125.276268
43.798259,125.276268
43.798259,125.276268
43.798259,125.276268
43.798259,125.276268
43.798125,125.276274
43.798125,125.276274
43.798125,125.276274
43.798125,125.276274
43.798125,125.276274
43.798125,125.276274
43.798125,125.276274
43.798125,125.276274
43.798125,125.276274
43.798125,125.276274
43.798125,125.276274
43.798125,125.276274
43.798125,125.276274
43.798125,125.276274
43.798125,125.276274
43.798125,125.276274
43.798125,125.276274
43.798125,125.276274
43.798125,125.276274
43.798125,125.276274
43.798,125.276284
43.798,125.276284
43.798,125.276284
43.798,125.276284
43.798,125.276284
43.798,125.276284
43.798,125.276284
43.798,125.276284
43.798,125.276284
43.798,125.276284
43.798,125.276284
43.798,125.276284
43.798,125.276284
43.798,125.276284
43.798,125.276284
43.798,125.276284
43.798,125.276284
43.798,125.276284
43.798,125.276284
43.798,125.276284
43.797867,125.276295
43.797867,125.276295
43.797867,125.276295
43.797867,125.276295
43.797867,125.276295
43.797867,125.276295
43.797867,125.276295
43.797867,125.276295
43.797867,125.276295
43.797867,125.276295
43.797867,125.276295
43.797867,125.276295
43.797867,125.276295
43.797867,125.276295
43.797867,125.276295
43.797867,125.276295
43.797867,125.276295
43.797867,125.276295
43.797867,125.276295
43.797867,125.276295
43.797741,125.276302
43.797741,125.276302
43.797741,125.276302
43.797741,125.276302
43.797741,125.276302
43.797741,125.276302
43.797741,125.276302
43.797741,125.276302
43.797741,125.276302
43.797741,125.276302
43.797741,125.276302
43.797741,125.276302
43.797741,125.276302
43.797741,125.276302
43.797741,125.276302
43.797741,125.276302
43.797741,125.276302
43.797741,125.276302
43.797741,125.276302
43.797741,125.276302
43.797614,125.276308
43.797614,125.276308
43.797614,125.276308
43.797614,125.276308
43.797614,125.276308
43.797614,125.276308
43.797614,125.276308
43.797614,125.276308
43.797614,125.276308
43.797614,125.276308
43.797614,125.276308
43.797614,125.276308
43.797614,125.276308
43.797614,125.276308
43.797614,125.276308
43.797614,125.276308
43.797614,125.276308
43.797614,125.276308
43.797614,125.276308
43.797614,125.276308
43.79751,125.276314
43.79751,125.276314
43.79751,125.276314
43.79751,125.276314
43.79751,125.276314
43.79751,125.276314
43.79751,125.276314
43.79751,125.276314
43.79751,125.276314
43.79751,125.276314
43.79751,125.276314
43.79751,125.276314
43.79751,125.276314
43.79751,125.276314
43.79751,125.276314
43.79751,125.276314
43.79751,125.276314
43.79751,125.276314
43.79751,125.276314
43.79751,125.276314
43.797399,125.276314
43.797399,125.276314
43.797399,125.276314
43.797399,125.276314
43.797399,125.276314
43.797399,125.276314
43.797399,125.276314
43.797399,125.276314
43.797399,125.276314
43.797399,125.276314
43.797399,125.276314
43.797399,125.276314
43.797399,125.276314
43.797399,125.276314
43.797399,125.276314
43.797399,125.276314
43.797399,125.276314
43.797399,125.276314
43.797399,125.276314
43.797399,125.276314
43.797317,125.27631
43.797317,125.27631
43.797317,125.27631
43.797317,125.27631
43.797317,125.27631
43.797317,125.27631
43.797317,125.27631
43.797317,125.27631
43.797317,125.27631
43.797317,125.27631
43.797317,125.27631
43.797317,125.27631
43.797317,125.27631
43.797317,125.27631
43.797317,125.27631
43.797317,125.27631
43.797317,125.27631
43.797317,125.27631
43.797317,125.27631
43.797317,125.27631
43.797281,125.276308
43.797281,125.276308
43.797281,125.276308
43.797281,125.276308
43.797281,125.276308
43.797281,125.276308
43.797281,125.276308
43.797281,125.276308
43.797281,125.276308
43.797281,125.276308
43.797281,125.276308
43.797281,125.276308
43.797281,125.276308
43.797281,125.276308
43.797281,125.276308
43.797281,125.276308
43.797281,125.276308
43.797281,125.276308
43.797281,125.276308
43.797281,125.276308
43.797129,125.276302
43.797129,125.276302
43.797129,125.276302
43.797129,125.276302
43.797129,125.276302
43.797129,125.276302
43.797129,125.276302
43.797129,125.276302
43.797129,125.276302
43.797129,125.276302
43.797129,125.276302
43.797129,125.276302
43.797129,125.276302
43.797129,125.276302
43.797129,125.276302
43.797129,125.276302
43.797129,125.276302
43.797129,125.276302
43.797129,125.276302
43.797129,125.276302
43.79707,125.276302
43.79707,125.276302
43.79707,125.276302
43.79707,125.276302
43.79707,125.276302
43.79707,125.276302
43.79707,125.276302
43.79707,125.276302
43.79707,125.276302
43.79707,125.276302
43.79707,125.276302
43.79707,125.276302
43.79707,125.276302
43.79707,125.276302
43.79707,125.276302
43.79707,125.276302
43.79707,125.276302
43.79707,125.276302
43.79707,125.276302
43.79707,125.276302
43.797013,125.276303
43.797013,125.276303
43.797013,125.276303
43.797013,125.276303
43.797013,125.276303
43.797013,125.276303
43.797013,125.276303
43.797013,125.276303
43.797013,125.276303
43.797013,125.276303
43.797013,125.276303
43.797013,125.276303
43.797013,125.276303
43.797013,125.276303
43.797013,125.276303
43.797013,125.276303
43.797013,125.276303
43.797013,125.276303
43.797013,125.276303
43.797013,125.276303
43.796965,125.276304
43.796965,125.276304
43.796965,125.276304
43.796965,125.276304
43.796965,125.276304
43.796965,125.276304
43.796965,125.276304
43.796965,125.276304
43.796965,125.276304
43.796965,125.276304
43.796965,125.276304
43.796965,125.276304
43.796965,125.276304
43.796965,125.276304
43.796965,125.276304
43.796965,125.276304
43.796965,125.276304
43.796965,125.276304
43.796965,125.276304
43.796965,125.276304
43.796925,125.276304
43.796925,125.276304
43.796925,125.276304
43.796925,125.276304
43.796925,125.276304
43.796925,125.276304
43.796925,125.276304
43.796925,125.276304
43.796925,125.276304
43.796925,125.276304
43.796925,125.276304
43.796925,125.276304
43.796925,125.276304
43.796925,125.276304
43.796925,125.276304
43.796925,125.276304
43.796925,125.276304
43.796925,125.276304
43.796925,125.276304
43.796925,125.276304
43.796891,125.276305
43.796891,125.276305
43.796891,125.276305
43.796891,125.276305
43.796891,125.276305
43.796891,125.276305
43.796891,125.276305
43.796891,125.276305
43.796891,125.276305
43.796891,125.276305
43.796891,125.276305
43.796891,125.276305
43.796891,125.276305
43.796891,125.276305
43.796891,125.276305
43.796891,125.276305
43.796891,125.276305
43.796891,125.276305
43.796891,125.276305
43.796891,125.276305
43.796862,125.276305
43.796862,125.276305
43.796862,125.276305
43.796862,125.276305
43.796862,125.276305
43.796862,125.276305
43.796862,125.276305
43.796862,125.276305
43.796862,125.276305
43.796862,125.276305
43.796862,125.276305
43.796862,125.276305
43.796862,125.276305
43.796862,125.276305
43.796862,125.276305
43.796862,125.276305
43.796862,125.276305
43.796862,125.276305
43.796862,125.276305
43.796862,125.276305
43.796851,125.276306
43.796851,125.276306
43.796851,125.276306
43.796851,125.276306
43.796851,125.276306
43.796851,125.276306
43.796851,125.276306
43.796851,125.276306
43.796851,125.276306
43.796851,125.276306
43.796851,125.276306
43.796851,125.276306
43.796851,125.276306
43.796851,125.276306
43.796846,125.276306
43.796846,125.276306
43.796846,125.276306
43.796846,125.276306
43.796846,125.276306
43.796846,125.276306
43.796846,125.276306
43.796846,125.276306
43.796846,125.276306
43.796846,125.276306
43.796846,125.276306
43.796846,125.276306
43.796846,125.276306
43.796846,125.276306
43.796846,125.276306
43.796846,125.276306
43.796845,125.276306
43.796845,125.276306
43.796845,125.276306
43.796845,125.276306
43.796845,125.276306
43.796845,125.276306
43.796845,125.276306
43.796845,125.276306
43.796845,125.276306
43.796845,125.276306
43.796845,125.276306
43.796845,125.276306
43.796845,125.276306
43.796845,125.276306
43.796845,125.276306
43.796845,125.276306
43.796845,125.276306
43.796845,125.276306
43.796845,125.276306
43.796845,125.276306
43.796845,125.276306
43.796845,125.276306
43.796845,125.276306
43.796845,125.276306
43.796845,125.276306
43.796845,125.276306
43.796845,125.276306
43.796845,125.276306
43.796845,125.276306
43.796845,125.276306
43.796845,125.276306
43.796845,125.276306
43.796845,125.276306
43.796845,125.276306
43.796845,125.276306
43.796845,125.276306
43.796845,125.276306
43.796845,125.276306
43.796845,125.276306
43.796845,125.276306
43.796845,125.276306
43.796845,125.276306
43.796845,125.276306
43.796845,125.276306
43.796845,125.276306
43.796845,125.276306
43.796845,125.276306
43.796845,125.276306
43.796845,125.276306
43.796845,125.276306
43.796845,125.276306
43.796845,125.276306
43.796845,125.276306
43.796845,125.276306
43.796845,125.276306
43.796845,125.276306
43.796845,125.276306
43.796845,125.276306
43.796845,125.276306
43.796845,125.276306
43.796845,125.276306
43.796845,125.276306
43.796845,125.276306
43.796845,125.276306
43.796845,125.276306
43.796845,125.276306
43.796845,125.276306
43.796845,125.276306
43.796845,125.276306
43.796845,125.276306
43.796845,125.276306
43.796845,125.276306
43.796845,125.276306
43.796845,125.276306
43.796845,125.276306
43.796845,125.276306
43.796845,125.276306
43.796845,125.276306
43.796845,125.276306
43.796845,125.276306
43.796845,125.276306
43.796845,125.276306
43.796845,125.276306
43.796845,125.276306
43.796845,125.276306
43.796845,125.276306
43.796845,125.276306
43.796845,125.276306
43.796845,125.276306
43.796845,125.276306
43.796845,125.276306
43.796845,125.276306
43.796845,125.276306
43.796845,125.276306
43.796845,125.276306
43.796845,125.276306
43.796845,125.276306
43.796845,125.276306
43.796845,125.276306
43.796845,125.276306
43.796845,125.276306
43.796845,125.276306
43.796845,125.276306
43.796845,125.276306
43.796845,125.276306
43.796845,125.276306
43.796845,125.276306
43.796845,125.276306
43.796845,125.276306
43.796845,125.276306
43.796845,125.276306
43.796845,125.276306
43.796845,125.276306
43.796845,125.276306
43.796845,125.276306
43.796845,125.276306
43.796845,125.276306
43.796845,125.276306
43.796845,125.276306
43.796845,125.276306
43.796845,125.276306
43.796845,125.276306
43.796845,125.276306
43.796845,125.276306
43.796845,125.276306
43.796845,125.276306
43.796845,125.276306
43.796845,125.276306
43.796845,125.276306
43.796845,125.276306
43.796845,125.276306
43.796845,125.276306
43.796845,125.276306
43.796845,125.276306
43.796845,125.276306
43.796845,125.276306
43.796845,125.276306
43.796845,125.276306
43.796845,125.276306
43.796845,125.276306
43.796845,125.276306
43.796845,125.276306
43.796845,125.276306
43.796845,125.276306
43.796845,125.276306
43.796845,125.276306
43.796845,125.276306
43.796845,125.276306
43.796845,125.276306
43.796845,125.276306
43.796845,125.276306
43.796845,125.276306
43.796845,125.276306
43.796845,125.276306
43.796845,125.276306
43.796845,125.276306
43.796845,125.276306
43.796845,125.276306
43.796845,125.276306
43.796845,125.276306
43.796845,125.276306
43.796845,125.276306
43.796845,125.276306
43.796845,125.276306
43.796845,125.276306
43.796845,125.276306
43.796845,125.276306
43.796845,125.276306
43.796845,125.276306
43.796845,125.276306
43.796845,125.276306
43.796845,125.276306
43.796845,125.276306
43.796845,125.276306
43.796845,125.276306
43.796845,125.276306
43.796845,125.276306
43.796845,125.276306
43.796845,125.276306
43.796845,125.276306
43.796845,125.276306
43.796845,125.276306
43.796845,125.276306
43.796845,125.276306
43.796845,125.276306
43.796845,125.276306
43.796845,125.276306
43.796845,125.276306
43.796845,125.276306
43.796845,125.276306
43.796845,125.276306
43.796845,125.276306
43.796845,125.276306
43.796845,125.276306
43.796845,125.276306
43.796845,125.276306
43.796845,125.276306
43.796845,125.276306
43.796845,125.276306
43.796845,125.276306
43.796845,125.276306
43.796845,125.276306
43.796845,125.276306
43.796845,125.276306
43.796845,125.276306
43.796845,125.276306
43.796845,125.276306
43.796845,125.276306
43.796845,125.276306
43.796845,125.276306
43.796845,125.276306
43.796845,125.276306
43.796845,125.276306
43.796845,125.276306
43.796845,125.276306
43.796845,125.276306
43.796845,125.276306
43.796845,125.276306
43.796845,125.276306
43.796845,125.276306
43.796845,125.276306
43.796845,125.276306
43.796845,125.276306
43.796845,125.276306
43.796845,125.276306
43.796845,125.276306
43.796845,125.276306
43.796845,125.276306
43.796845,125.276306
43.796845,125.276306
43.796845,125.276306
43.796845,125.276306
43.796845,125.276306
43.796845,125.276306
43.796845,125.276306
43.796845,125.276306
43.796845,125.276306
43.796845,125.276306
43.796845,125.276306
43.796845,125.276306
43.796845,125.276306
43.796845,125.276306
43.796845,125.276306
43.796845,125.276306
43.796845,125.276306
43.796845,125.276306
43.796845,125.276306
43.796845,125.276306
43.796845,125.276306
43.796845,125.276306
43.796845,125.276306
43.796845,125.276306
43.796845,125.276306
43.796845,125.276306
43.796845,125.276306
43.796845,125.276306
43.796845,125.276306
43.796845,125.276306
43.796845,125.276306
43.796845,125.276306
43.796845,125.276306
43.796845,125.276306
43.796845,125.276306
43.796845,125.276306
43.796845,125.276306
43.796845,125.276306
43.796845,125.276306
43.796845,125.276306
43.796845,125.276306
43.796845,125.276306
43.796845,125.276306
43.796845,125.276306
43.796845,125.276306
43.796845,125.276306
43.796845,125.276306
43.796845,125.276306
43.796845,125.276306
43.796845,125.276306
43.796845,125.276306
43.796845,125.276306
43.796845,125.276306
43.796845,125.276306
43.796845,125.276306
43.796845,125.276306
43.796845,125.276306
43.796845,125.276306
43.796845,125.276306
43.796845,125.276306
43.796845,125.276306
43.796845,125.276306
43.796845,125.276306
43.796845,125.276306
43.796845,125.276306
43.796845,125.276306
43.796845,125.276306
43.796845,125.276306
43.796845,125.276306
43.796845,125.276306
43.796845,125.276306
43.796845,125.276306
43.796845,125.276306
43.796845,125.276306
43.796845,125.276306
43.796845,125.276306
43.796845,125.276306
43.796845,125.276306
43.796845,125.276306
43.796845,125.276306
43.796845,125.276306
43.796845,125.276306
43.796845,125.276306
43.796845,125.276306
43.796845,125.276306
43.796845,125.276306
43.796845,125.276306
43.796845,125.276306
43.796845,125.276306
43.796845,125.276306
43.796845,125.276306
43.796845,125.276306
43.796845,125.276306
43.796845,125.276306
43.796845,125.276306
43.796845,125.276306
43.796845,125.276306
43.796845,125.276306
43.796845,125.276306
43.796845,125.276306
43.796845,125.276306
43.796845,125.276306
43.796845,125.276306
43.796845,125.276306
43.796845,125.276306
43.796845,125.276306
43.796845,125.276306
43.796845,125.276306
43.796845,125.276306
43.796845,125.276306
43.796845,125.276306
43.796845,125.276306
43.796845,125.276306
43.796845,125.276306
43.796845,125.276306
43.796845,125.276306
43.796845,125.276306
43.796845,125.276306
43.796845,125.276306
43.796845,125.276306
43.796845,125.276306
43.796845,125.276306
43.796845,125.276306
43.796845,125.276306
43.796845,125.276306
43.796845,125.276306
43.796845,125.276306
43.796845,125.276306
43.796845,125.276306
43.796845,125.276306
43.796845,125.276306
43.796845,125.276306
43.796845,125.276306
43.796845,125.276306
43.796845,125.276306
43.796845,125.276306
43.796845,125.276306
43.796845,125.276306
43.796845,125.276306
43.796845,125.276306
43.796845,125.276306
43.796845,125.276306
43.796845,125.276306
43.796845,125.276306
43.796845,125.276306
43.796845,125.276306
43.796845,125.276306
43.796845,125.276306
43.796845,125.276306
43.796845,125.276306
43.796845,125.276306
43.796845,125.276306
43.796845,125.276306
43.796845,125.276306
43.796845,125.276306
43.796845,125.276306
43.796845,125.276306
43.796845,125.276306
43.796845,125.276306
43.796845,125.276306
43.796845,125.276306
43.796845,125.276306
43.796845,125.276306
43.796845,125.276306
43.796845,125.276306
43.796845,125.276306
43.796845,125.276306
43.796845,125.276306
43.796845,125.276306
43.796845,125.276306
43.796845,125.276306
43.796845,125.276306
43.796845,125.276306
43.796845,125.276306
43.796845,125.276306
43.796845,125.276306
43.796845,125.276306
43.796845,125.276306
43.796845,125.276306
43.796845,125.276306
43.796845,125.276306
43.796845,125.276306
43.796845,125.276306
43.796845,125.276306
43.796845,125.276306
43.796845,125.276306
43.796845,125.276306
43.796845,125.276306
43.796845,125.276306
43.796845,125.276306
43.796845,125.276306
43.796845,125.276306
43.796845,125.276306
43.796845,125.276306
43.796845,125.276306
43.796845,125.276306
43.796845,125.276306
43.796845,125.276306
43.796845,125.276306
43.796845,125.276306
43.796845,125.276306
43.796845,125.276306
43.796845,125.276306
43.796845,125.276306
43.796845,125.276306
43.796845,125.276306
43.796845,125.276306
43.796845,125.276306
43.796845,125.276306
43.796845,125.276306
43.796845,125.276306
43.796845,125.276306
43.796845,125.276306
43.796845,125.276306
43.796845,125.276306
43.796845,125.276306
43.796845,125.276306
43.796845,125.276306
43.796845,125.276306
43.796845,125.276306
43.796845,125.276306
43.796845,125.276306
43.796845,125.276306
43.796845,125.276306
43.796845,125.276306
43.796845,125.276306
43.796845,125.276306
43.796845,125.276306
43.796845,125.276306
43.796845,125.276306
43.796845,125.276306
43.796845,125.276306
43.796845,125.276306
43.796845,125.276306
43.796845,125.276306
43.796845,125.276306
43.796845,125.276306
43.796845,125.276306
43.796845,125.276306
43.796845,125.276306
43.796845,125.276306
43.796845,125.276306
43.796845,125.276306
43.796845,125.276306
43.796845,125.276306
43.796845,125.276306
43.796845,125.276306
43.796845,125.276306
43.796845,125.276306
43.796845,125.276306
43.796845,125.276306
43.796845,125.276306
43.796845,125.276306
43.796845,125.276306
43.796845,125.276306
43.796845,125.276306
43.796845,125.276306
43.796845,125.276306
43.796845,125.276306
43.796845,125.276306
43.796845,125.276306
43.796845,125.276306
43.796845,125.276306
43.796845,125.276306
43.796845,125.276306
43.796845,125.276306
43.796845,125.276306
43.796845,125.276306
43.796845,125.276306
43.796845,125.276306
43.796845,125.276306
43.796845,125.276306
43.796845,125.276306
43.796845,125.276306
43.796845,125.276306
43.796845,125.276306
43.796845,125.276306
43.796845,125.276306
43.796845,125.276306
43.796845,125.276306
43.796845,125.276306
43.796845,125.276306
43.796845,125.276306
43.796845,125.276306
43.796845,125.276306
43.796845,125.276306
43.796845,125.276306
43.796845,125.276306
43.796845,125.276306
43.796845,125.276306
43.796845,125.276306
43.796845,125.276306
43.796845,125.276306
43.796845,125.276306
43.796845,125.276306
43.796845,125.276306
43.796845,125.276306
43.796845,125.276306
43.796845,125.276306
43.796845,125.276306
43.796845,125.276306
43.796845,125.276306
43.796845,125.276306
43.796845,125.276306
43.796845,125.276306
43.796845,125.276306
43.796845,125.276306
43.796845,125.276306
43.796845,125.276306
43.796845,125.276306
43.796845,125.276306
43.796845,125.276306
43.796845,125.276306
43.796845,125.276306
43.796845,125.276306
43.796845,125.276306
43.796845,125.276306
43.796845,125.276306
43.796845,125.276306
43.796845,125.276306
43.796845,125.276306
43.796845,125.276306
43.796845,125.276306
43.796845,125.276306
43.796845,125.276306
43.796845,125.276306
43.796845,125.276306
43.796845,125.276306
43.796845,125.276306
43.796845,125.276306
43.796845,125.276306
43.796845,125.276306
43.796845,125.276306
43.796845,125.276306
43.796845,125.276306
43.796845,125.276306
43.796845,125.276306
43.796845,125.276306
43.796845,125.276306
43.796845,125.276306
43.796845,125.276306
43.796845,125.276306
43.796845,125.276306
43.796845,125.276306
43.796845,125.276306
43.796845,125.276306
43.796845,125.276306
43.796845,125.276306
43.796845,125.276306
43.796845,125.276306
43.796845,125.276306
43.796845,125.276306
43.796845,125.276306
43.796845,125.276306
43.796845,125.276306
43.796845,125.276306
43.796845,125.276306
43.796845,125.276306
43.796845,125.276306
43.796845,125.276306
43.796845,125.276306
43.796845,125.276306
43.796845,125.276306
43.796845,125.276306
43.796845,125.276306
43.796845,125.276306
43.796845,125.276306
43.796845,125.276306
43.796845,125.276306
43.796845,125.276306
43.796845,125.276306
43.796845,125.276306
43.796845,125.276306
43.796845,125.276306
43.796845,125.276306
43.796845,125.276306
43.796845,125.276306
43.796845,125.276306
43.796845,125.276306
43.796845,125.276306
43.796845,125.276306
43.796845,125.276306
43.796845,125.276306
43.796845,125.276306
43.796845,125.276306
43.796845,125.276306
43.796845,125.276306
43.796845,125.276306
43.796845,125.276306
43.796845,125.276306
43.796845,125.276306
43.796845,125.276306
43.796845,125.276306
43.796845,125.276306
43.796845,125.276306
43.796845,125.276306
43.796845,125.276306
43.796845,125.276306
43.796845,125.276306
43.796845,125.276306
43.796845,125.276306
43.796845,125.276306
43.796845,125.276306
43.796845,125.276306
43.796845,125.276306
43.796845,125.276306
43.796845,125.276306
43.796845,125.276306
43.796845,125.276306
43.796845,125.276306
43.796845,125.276306
43.796845,125.276306
43.796845,125.276306
43.796845,125.276306
43.796845,125.276306
43.796845,125.276306
43.796845,125.276306
43.796845,125.276306
43.796845,125.276306
43.796845,125.276306
43.796845,125.276306
43.796845,125.276306
43.796845,125.276306
43.796845,125.276306
43.796845,125.276306
43.796845,125.276306
43.796845,125.276306
43.796845,125.276306
43.796845,125.276306
43.796845,125.276306
43.796845,125.276306
43.796845,125.276306
43.796845,125.276306
43.796845,125.276306
43.796845,125.276306
43.796845,125.276306
43.796845,125.276306
43.796845,125.276306
43.796845,125.276306
43.796845,125.276306
43.796845,125.276306
43.796845,125.276306
43.796845,125.276306
43.796845,125.276306
43.796845,125.276306
43.796845,125.276306
43.796845,125.276306
43.796845,125.276306
43.796845,125.276306
43.796845,125.276306
43.796845,125.276306
43.796845,125.276306
43.796845,125.276306
43.796845,125.276306
43.796845,125.276306
43.796845,125.276306
43.796845,125.276306
43.796845,125.276306
43.796845,125.276306
43.796845,125.276306
43.796845,125.276306
43.796845,125.276306
43.796845,125.276306
43.796845,125.276306
43.796845,125.276306
43.796845,125.276306
43.796845,125.276306
43.796845,125.276306
43.796845,125.276306
43.796845,125.276306
43.796845,125.276306
43.796845,125.276306
43.796845,125.276306
43.796845,125.276306
43.796845,125.276306
43.796845,125.276306
43.796845,125.276306
43.796845,125.276306
43.796845,125.276306
43.796845,125.276306
43.796845,125.276306
43.796845,125.276306
43.796845,125.276306
43.796845,125.276306
43.796845,125.276306
43.796845,125.276306
43.796845,125.276306
43.796845,125.276306
43.796845,125.276306
43.796845,125.276306
43.796845,125.276306
43.796845,125.276306
43.796845,125.276306
43.796845,125.276306
43.796845,125.276306
43.796845,125.276306
43.796845,125.276306
43.796845,125.276306
43.796845,125.276306
43.796845,125.276306
43.796845,125.276306
43.796845,125.276306
43.796845,125.276306
43.796845,125.276306
43.796845,125.276306
43.796845,125.276306
43.796845,125.276306
43.796845,125.276306
43.796845,125.276306
43.796845,125.276306
43.796845,125.276306
43.796845,125.276306
43.796845,125.276306
43.796845,125.276306
43.796845,125.276306
43.796845,125.276306
43.796845,125.276306
43.796845,125.276306
43.796845,125.276306
43.796845,125.276306
43.796845,125.276306
43.796845,125.276306
43.796845,125.276306
43.796845,125.276306
43.796845,125.276306
43.796845,125.276306
43.796845,125.276306
43.796845,125.276306
43.796845,125.276306
43.796845,125.276306
43.796845,125.276306
43.796845,125.276306
43.796834,125.276307
43.796834,125.276307
43.796834,125.276307
43.796834,125.276307
43.796834,125.276307
43.796834,125.276307
43.796834,125.276307
43.796834,125.276307
43.796834,125.276307
43.796834,125.276307
43.796834,125.276307
43.796834,125.276307
43.796834,125.276307
43.796834,125.276307
43.796834,125.276307
43.796834,125.276307
43.796834,125.276307
43.796834,125.276307
43.796834,125.276307
43.796834,125.276307
43.796818,125.276308
43.796818,125.276308
43.796818,125.276308
43.796818,125.276308
43.796818,125.276308
43.796818,125.276308
43.796818,125.276308
43.796818,125.276308
43.796818,125.276308
43.796818,125.276308
43.796818,125.276308
43.796818,125.276308
43.796818,125.276308
43.796818,125.276308
43.796818,125.276308
43.796818,125.276308
43.796818,125.276308
43.796818,125.276308
43.796818,125.276308
43.796818,125.276308
43.796787,125.276308
43.796787,125.276308
43.796787,125.276308
43.796787,125.276308
43.796787,125.276308
43.796787,125.276308
43.796787,125.276308
43.796787,125.276308
43.796787,125.276308
43.796787,125.276308
43.796787,125.276308
43.796787,125.276308
43.796787,125.276308
43.796787,125.276308
43.796787,125.276308
43.796787,125.276308
43.796787,125.276308
43.796787,125.276308
43.796787,125.276308
43.796787,125.276308
43.796754,125.276308
43.796754,125.276308
43.796754,125.276308
43.796754,125.276308
43.796754,125.276308
43.796754,125.276308
43.796754,125.276308
43.796754,125.276308
43.796754,125.276308
43.796754,125.276308
43.796754,125.276308
43.796754,125.276308
43.796754,125.276308
43.796754,125.276308
43.796754,125.276308
43.796754,125.276308
43.796754,125.276308
43.796754,125.276308
43.796754,125.276308
43.796754,125.276308
43.796718,125.276308
43.796718,125.276308
43.796718,125.276308
43.796718,125.276308
43.796718,125.276308
43.796718,125.276308
43.796718,125.276308
43.796718,125.276308
43.796718,125.276308
43.796718,125.276308
43.796718,125.276308
43.796718,125.276308
43.796718,125.276308
43.796718,125.276308
43.796718,125.276308
43.796718,125.276308
43.796718,125.276308
43.796718,125.276308
43.796718,125.276308
43.796718,125.276308
43.796693,125.27631
43.796693,125.27631
43.796693,125.27631
43.796693,125.27631
43.796693,125.27631
43.796693,125.27631
43.796693,125.27631
43.796693,125.27631
43.796693,125.27631
43.796693,125.27631
43.796693,125.27631
43.796693,125.27631
43.796693,125.27631
43.796693,125.27631
43.796693,125.27631
43.796693,125.27631
43.796693,125.27631
43.796693,125.27631
43.796693,125.27631
43.796693,125.27631
43.796665,125.276313
43.796665,125.276313
43.796665,125.276313
43.796665,125.276313
43.796665,125.276313
43.796665,125.276313
43.796665,125.276313
43.796665,125.276313
43.796665,125.276313
43.796665,125.276313
43.796665,125.276313
43.796665,125.276313
43.796665,125.276313
43.796665,125.276313
43.796665,125.276313
43.796665,125.276313
43.796665,125.276313
43.796665,125.276313
43.796665,125.276313
43.796665,125.276313
43.796634,125.276318
43.796634,125.276318
43.796634,125.276318
43.796634,125.276318
43.796634,125.276318
43.796634,125.276318
43.796634,125.276318
43.796634,125.276318
43.796634,125.276318
43.796634,125.276318
43.796634,125.276318
43.796634,125.276318
43.796634,125.276318
43.796634,125.276318
43.796634,125.276318
43.796634,125.276318
43.796634,125.276318
43.796634,125.276318
43.796634,125.276318
43.796634,125.276318
43.796608,125.276325
43.796608,125.276325
43.796608,125.276325
43.796608,125.276325
43.796608,125.276325
43.796608,125.276325
43.796608,125.276325
43.796608,125.276325
43.796608,125.276325
43.796608,125.276325
43.796608,125.276325
43.796608,125.276325
43.796608,125.276325
43.796608,125.276325
43.796608,125.276325
43.796608,125.276325
43.796608,125.276325
43.796608,125.276325
43.796608,125.276325
43.796608,125.276325
43.7966,125.276329
43.7966,125.276329
43.7966,125.276329
43.7966,125.276329
43.7966,125.276329
43.7966,125.276329
43.7966,125.276329
43.7966,125.276329
43.7966,125.276329
43.7966,125.276329
43.7966,125.276329
43.796599,125.276329
43.796599,125.276329
43.796599,125.276329
43.796599,125.276329
43.796599,125.276329
43.796599,125.276329
43.796599,125.276329
43.796599,125.276329
43.796599,125.276329
43.796599,125.276329
43.796599,125.276329
43.796599,125.276329
43.796599,125.276329
43.796599,125.276329
43.796599,125.276329
43.796599,125.276329
43.796599,125.276329
43.796599,125.276329
43.796599,125.276329
43.796599,125.276329
43.796599,125.276329
43.796599,125.276329
43.796599,125.276329
43.796599,125.276329
43.796599,125.276329
43.796599,125.276329
43.796599,125.276329
43.796599,125.276329
43.796599,125.276329
43.796599,125.276329
43.796599,125.276329
43.796599,125.276329
43.796599,125.276329
43.796599,125.276329
43.796599,125.276329
43.796599,125.276329
43.796599,125.276329
43.796599,125.276329
43.796599,125.276329
43.796599,125.276329
43.796599,125.276329
43.796599,125.276329
43.796599,125.276329
43.796599,125.276329
43.796599,125.276329
43.796599,125.276329
43.796599,125.276329
43.796599,125.276329
43.796599,125.276329
43.796599,125.276329
43.796599,125.276329
43.796599,125.276329
43.796599,125.276329
43.796599,125.276329
43.796599,125.276329
43.796599,125.276329
43.796599,125.276329
43.796599,125.276329
43.796599,125.276329
43.796599,125.276329
43.796599,125.276329
43.796599,125.276329
43.796599,125.276329
43.796599,125.276329
43.796599,125.276329
43.796599,125.276329
43.796599,125.276329
43.796599,125.276329
43.796599,125.276329
43.796599,125.276329
43.796599,125.276329
43.796599,125.276329
43.796599,125.276329
43.796599,125.276329
43.796599,125.276329
43.796599,125.276329
43.796599,125.276329
43.796599,125.276329
43.796599,125.276329
43.796599,125.276329
43.796599,125.276329
43.796599,125.276329
43.796599,125.276329
43.796599,125.276329
43.796599,125.276329
43.796599,125.276329
43.796599,125.276329
43.796599,125.276329
43.796599,125.276329
43.796599,125.276329
43.796599,125.276329
43.796599,125.276329
43.796599,125.276329
43.796599,125.276329
43.796599,125.276329
43.796599,125.276329
43.796599,125.276329
43.796599,125.276329
43.796599,125.276329
43.796599,125.276329
43.796599,125.276329
43.796599,125.276329
43.796599,125.276329
43.796599,125.276329
43.796599,125.276329
43.796599,125.276329
43.796599,125.276329
43.796599,125.276329
43.796599,125.276329
43.796599,125.276329
43.796599,125.276329
43.796599,125.276329
43.796599,125.276329
43.796599,125.276329
43.796599,125.276329
43.796599,125.276329
43.796599,125.276329
43.796599,125.276329
43.796599,125.276329
43.796599,125.276329
43.796599,125.276329
43.796599,125.276329
43.796599,125.276329
43.796599,125.276329
43.796599,125.276329
43.796599,125.276329
43.796599,125.276329
43.796599,125.276329
43.796599,125.276329
43.796599,125.276329
43.796599,125.276329
43.796599,125.276329
43.796599,125.276329
43.796599,125.276329
43.796599,125.276329
43.796599,125.276329
43.796599,125.276329
43.796599,125.276329
43.796599,125.276329
43.796599,125.276329
43.796599,125.276329
43.796599,125.276329
43.796599,125.276329
43.796599,125.276329
43.796599,125.276329
43.796599,125.276329
43.796599,125.276329
43.796599,125.276329
43.796599,125.276329
43.796599,125.276329
43.796599,125.276329
43.796599,125.276329
43.796599,125.276329
43.796599,125.276329
43.796599,125.276329
43.796599,125.276329
43.796599,125.276329
43.796599,125.276329
43.796599,125.276329
43.796599,125.276329
43.796599,125.276329
43.796599,125.276329
43.796599,125.276329
43.796599,125.276329
43.796599,125.276329
43.796599,125.276329
43.796599,125.276329
43.796599,125.276329
43.796599,125.276329
43.796599,125.276329
43.796599,125.276329
43.796599,125.276329
43.796599,125.276329
43.796599,125.276329
43.796599,125.276329
43.796599,125.276329
43.796599,125.276329
43.796599,125.276329
43.796599,125.276329
43.796599,125.276329
43.796599,125.276329
43.796599,125.276329
43.796599,125.276329
43.796599,125.276329
43.796599,125.276329
43.796599,125.276329
43.796599,125.276329
43.796599,125.276329
43.796599,125.276329
43.796599,125.276329
43.796599,125.276329
43.796599,125.276329
43.796599,125.276329
43.796599,125.276329
43.796599,125.276329
43.796599,125.276329
43.796599,125.276329
43.796599,125.276329
43.796599,125.276329
43.796599,125.276329
43.796599,125.276329
43.796599,125.276329
43.796599,125.276329
43.796599,125.276329
43.796599,125.276329
43.796599,125.276329
43.796599,125.276329
43.796599,125.276329
43.796599,125.276329
43.796599,125.276329
43.796599,125.276329
43.796599,125.276329
43.796599,125.276329
43.796599,125.276329
43.796599,125.276329
43.796599,125.276329
43.796599,125.276329
43.796599,125.276329
43.796599,125.276329
43.796599,125.276329
43.796599,125.276329
43.796599,125.276329
43.796599,125.276329
43.796599,125.276329
43.796599,125.276329
43.796599,125.276329
43.796599,125.276329
43.796599,125.276329
43.796599,125.276329
43.796599,125.276329
43.796599,125.276329
43.796599,125.276329
43.796599,125.276329
43.796599,125.276329
43.796599,125.276329
43.796599,125.276329
43.796599,125.276329
43.796599,125.276329
43.796599,125.276329
43.796599,125.276329
43.796599,125.276329
43.796599,125.276329
43.796599,125.276329
43.796599,125.276329
43.796599,125.276329
43.796599,125.276329
43.796599,125.276329
43.796599,125.276329
43.796599,125.276329
43.796599,125.276329
43.796599,125.276329
43.796599,125.276329
43.796599,125.276329
43.796599,125.276329
43.796599,125.276329
43.796599,125.276329
43.796599,125.276329
43.796599,125.276329
43.796599,125.276329
43.796599,125.276329
43.796599,125.276329
43.796599,125.276329
43.796599,125.276329
43.796599,125.276329
43.796599,125.276329
43.796599,125.276329
43.796599,125.276329
43.796599,125.276329
43.796599,125.276329
43.796599,125.276329
43.796599,125.276329
43.796599,125.276329
43.796599,125.276329
43.796599,125.276329
43.796599,125.276329
43.796599,125.276329
43.796599,125.276329
43.796599,125.276329
43.796599,125.276329
43.796599,125.276329
43.796599,125.276329
43.796599,125.276329
43.796599,125.276329
43.796599,125.276329
43.796599,125.276329
43.796599,125.276329
43.796599,125.276329
43.796599,125.276329
43.796599,125.276329
43.796599,125.276329
43.796599,125.276329
43.796599,125.276329
43.796599,125.276329
43.796599,125.276329
43.796599,125.276329
43.796599,125.276329
43.796599,125.276329
43.796599,125.276329
43.796599,125.276329
43.796599,125.276329
43.796599,125.276329
43.796599,125.276329
43.796599,125.276329
43.796599,125.276329
43.796599,125.276329
43.796599,125.276329
43.796599,125.276329
43.796599,125.276329
43.796599,125.276329
43.796599,125.276329
43.796599,125.276329
43.796599,125.276329
43.796599,125.276329
43.796599,125.276329
43.796599,125.276329
43.796599,125.276329
43.796599,125.276329
43.796599,125.276329
43.796599,125.276329
43.796599,125.276329
43.796599,125.276329
43.796599,125.276329
43.796599,125.276329
43.796599,125.276329
43.796599,125.276329
43.796599,125.276329
43.796599,125.276329
43.796599,125.276329
43.796599,125.276329
43.796599,125.276329
43.796599,125.276329
43.796599,125.276329
43.796599,125.276329
43.796599,125.276329
43.796599,125.276329
43.796599,125.276329
43.796599,125.276329
43.796599,125.276329
43.796599,125.276329
43.796599,125.276329
43.796599,125.276329
43.796599,125.276329
43.796599,125.276329
43.796599,125.276329
43.796599,125.276329
43.796599,125.276329
43.796599,125.276329
43.796599,125.276329
43.796599,125.276329
43.796599,125.276329
43.796599,125.276329
43.796599,125.276329
43.796599,125.276329
43.796599,125.276329
43.796599,125.276329
43.796599,125.276329
43.796599,125.276329
43.796599,125.276329
43.796599,125.276329
43.796599,125.276329
43.796599,125.276329
43.796599,125.276329
43.796599,125.276329
43.796599,125.276329
43.796599,125.276329
43.796599,125.276329
43.796599,125.276329
43.796599,125.276329
43.796599,125.276329
43.796599,125.276329
43.796599,125.276329
43.796599,125.276329
43.796599,125.276329
43.796599,125.276329
43.796599,125.276329
43.796599,125.276329
43.796599,125.276329
43.796599,125.276329
43.796599,125.276329
43.796599,125.276329
43.796593,125.276332
43.796593,125.276332
43.796593,125.276332
43.796593,125.276332
43.796593,125.276332
43.796593,125.276332
43.796593,125.276332
43.796593,125.276332
43.796593,125.276332
43.796593,125.276332
43.796593,125.276332
43.796593,125.276332
43.796593,125.276332
43.796593,125.276332
43.796593,125.276332
43.796593,125.276332
43.796593,125.276332
43.796593,125.276332
43.796593,125.276332
43.796593,125.276332
43.796579,125.276339
43.796579,125.276339
43.796579,125.276339
43.796579,125.276339
43.796579,125.276339
43.796579,125.276339
43.796579,125.276339
43.796579,125.276339
43.796579,125.276339
43.796579,125.276339
43.796579,125.276339
43.796579,125.276339
43.796579,125.276339
43.796579,125.276339
43.796579,125.276339
43.796579,125.276339
43.796579,125.276339
43.796579,125.276339
43.796579,125.276339
43.796579,125.276339
43.796552,125.276353
43.796552,125.276353
43.796552,125.276353
43.796552,125.276353
43.796552,125.276353
43.796552,125.276353
43.796552,125.276353
43.796552,125.276353
43.796552,125.276353
43.796552,125.276353
43.796552,125.276353
43.796552,125.276353
43.796552,125.276353
43.796552,125.276353
43.796552,125.276353
43.796552,125.276353
43.796552,125.276353
43.796552,125.276353
43.796552,125.276353
43.796552,125.276353
43.796523,125.276375
43.796523,125.276375
43.796523,125.276375
43.796523,125.276375
43.796523,125.276375
43.796523,125.276375
43.796523,125.276375
43.796523,125.276375
43.796523,125.276375
43.796523,125.276375
43.796523,125.276375
43.796523,125.276375
43.796523,125.276375
43.796523,125.276375
43.796523,125.276375
43.796523,125.276375
43.796523,125.276375
43.796523,125.276375
43.796523,125.276375
43.796523,125.276375
43.796492,125.276413
43.796492,125.276413
43.796492,125.276413
43.796492,125.276413
43.796492,125.276413
43.796492,125.276413
43.796492,125.276413
43.796492,125.276413
43.796492,125.276413
43.796492,125.276413
43.796492,125.276413
43.796492,125.276413
43.796492,125.276413
43.796492,125.276413
43.796492,125.276413
43.796492,125.276413
43.796492,125.276413
43.796492,125.276413
43.796492,125.276413
43.796492,125.276413
43.796467,125.276468
43.796467,125.276468
43.796467,125.276468
43.796467,125.276468
43.796467,125.276468
43.796467,125.276468
43.796467,125.276468
43.796467,125.276468
43.796467,125.276468
43.796467,125.276468
43.796467,125.276468
43.796467,125.276468
43.796467,125.276468
43.796467,125.276468
43.796467,125.276468
43.796467,125.276468
43.796467,125.276468
43.796467,125.276468
43.796467,125.276468
43.796467,125.276468
43.796451,125.276539
43.796451,125.276539
43.796451,125.276539
43.796451,125.276539
43.796451,125.276539
43.796451,125.276539
43.796451,125.276539
43.796451,125.276539
43.796451,125.276539
43.796451,125.276539
43.796451,125.276539
43.796451,125.276539
43.796451,125.276539
43.796451,125.276539
43.796451,125.276539
43.796451,125.276539
43.796451,125.276539
43.796451,125.276539
43.796451,125.276539
43.796451,125.276539
43.796446,125.276625
43.796446,125.276625
43.796446,125.276625
43.796446,125.276625
43.796446,125.276625
43.796446,125.276625
43.796446,125.276625
43.796446,125.276625
43.796446,125.276625
43.796446,125.276625
43.796446,125.276625
43.796446,125.276625
43.796446,125.276625
43.796446,125.276625
43.796446,125.276625
43.796446,125.276625
43.796446,125.276625
43.796446,125.276625
43.796446,125.276625
43.796446,125.276625
43.796449,125.276711
43.796449,125.276711
43.796449,125.276711
43.796449,125.276711
43.796449,125.276711
43.796449,125.276711
43.796449,125.276711
43.796449,125.276711
43.796449,125.276711
43.796449,125.276711
43.796449,125.276711
43.796449,125.276711
43.796449,125.276711
43.796449,125.276711
43.796449,125.276711
43.796449,125.276711
43.796449,125.276711
43.796449,125.276711
43.796449,125.276711
43.796449,125.276711
43.796453,125.276816
43.796453,125.276816
43.796453,125.276816
43.796453,125.276816
43.796453,125.276816
43.796453,125.276816
43.796453,125.276816
43.796453,125.276816
43.796453,125.276816
43.796453,125.276816
43.796453,125.276816
43.796453,125.276816
43.796453,125.276816
43.796453,125.276816
43.796453,125.276816
43.796453,125.276816
43.796453,125.276816
43.796453,125.276816
43.796453,125.276816
43.796453,125.276816
43.796457,125.276934
43.796457,125.276934
43.796457,125.276934
43.796457,125.276934
43.796457,125.276934
43.796457,125.276934
43.796457,125.276934
43.796457,125.276934
43.796457,125.276934
43.796457,125.276934
43.796457,125.276934
43.796457,125.276934
43.796457,125.276934
43.796457,125.276934
43.796457,125.276934
43.796457,125.276934
43.796457,125.276934
43.796457,125.276934
43.796457,125.276934
43.796457,125.276934
43.796457,125.277056
43.796457,125.277056
43.796457,125.277056
43.796457,125.277056
43.796457,125.277056
43.796457,125.277056
43.796457,125.277056
43.796457,125.277056
43.796457,125.277056
43.796457,125.277056
43.796457,125.277056
43.796457,125.277056
43.796457,125.277056
43.796457,125.277056
43.796457,125.277056
43.796457,125.277056
43.796457,125.277056
43.796457,125.277056
43.796457,125.277056
43.796457,125.277056
43.796458,125.277182
43.796458,125.277182
43.796458,125.277182
43.796458,125.277182
43.796458,125.277182
43.796458,125.277182
43.796458,125.277182
43.796458,125.277182
43.796458,125.277182
43.796458,125.277182
43.796458,125.277182
43.796458,125.277182
43.796458,125.277182
43.796458,125.277182
43.796458,125.277182
43.796458,125.277182
43.796458,125.277182
43.796458,125.277182
43.796458,125.277182
43.796458,125.277182
43.796458,125.277326
43.796458,125.277326
43.796458,125.277326
43.796458,125.277326
43.796458,125.277326
43.796458,125.277326
43.796458,125.277326
43.796458,125.277326
43.796458,125.277326
43.796458,125.277326
43.796458,125.277326
43.796458,125.277326
43.796458,125.277326
43.796458,125.277326
43.796458,125.277326
43.796458,125.277326
43.796458,125.277326
43.796458,125.277326
43.796458,125.277326
43.796458,125.277326
43.796459,125.277466
43.796459,125.277466
43.796459,125.277466
43.796459,125.277466
43.796459,125.277466
43.796459,125.277466
43.796459,125.277466
43.796459,125.277466
43.796459,125.277466
43.796459,125.277466
43.796459,125.277466
43.796459,125.277466
43.796459,125.277466
43.796459,125.277466
43.796459,125.277466
43.796459,125.277466
43.796459,125.277466
43.796459,125.277466
43.796459,125.277466
43.796459,125.277466
43.79646,125.277615
43.79646,125.277615
43.79646,125.277615
43.79646,125.277615
43.79646,125.277615
43.79646,125.277615
43.79646,125.277615
43.79646,125.277615
43.79646,125.277615
43.79646,125.277615
43.79646,125.277615
43.79646,125.277615
43.79646,125.277615
43.79646,125.277615
43.79646,125.277615
43.79646,125.277615
43.79646,125.277615
43.79646,125.277615
43.79646,125.277615
43.79646,125.277615
43.796461,125.277748
43.796461,125.277748
43.796461,125.277748
43.796461,125.277748
43.796461,125.277748
43.796461,125.277748
43.796461,125.277748
43.796461,125.277748
43.796461,125.277748
43.796461,125.277748
43.796461,125.277748
43.796461,125.277748
43.796461,125.277748
43.796461,125.277748
43.796461,125.277748
43.796461,125.277748
43.796461,125.277748
43.796461,125.277748
43.796461,125.277748
43.796461,125.277748
43.796462,125.277897
43.796462,125.277897
43.796462,125.277897
43.796462,125.277897
43.796462,125.277897
43.796462,125.277897
43.796462,125.277897
43.796462,125.277897
43.796462,125.277897
43.796462,125.277897
43.796462,125.277897
43.796462,125.277897
43.796462,125.277897
43.796462,125.277897
43.796462,125.277897
43.796462,125.277897
43.796462,125.277897
43.796462,125.277897
43.796462,125.277897
43.796462,125.277897
43.796463,125.278045
43.796463,125.278045
43.796463,125.278045
43.796463,125.278045
43.796463,125.278045
43.796463,125.278045
43.796463,125.278045
43.796463,125.278045
43.796463,125.278045
43.796463,125.278045
43.796463,125.278045
43.796463,125.278045
43.796463,125.278045
43.796463,125.278045
43.796463,125.278045
43.796463,125.278045
43.796463,125.278045
43.796463,125.278045
43.796463,125.278045
43.796463,125.278045
43.796464,125.278184
43.796464,125.278184
43.796464,125.278184
43.796464,125.278184
43.796464,125.278184
43.796464,125.278184
43.796464,125.278184
43.796464,125.278184
43.796464,125.278184
43.796464,125.278184
43.796464,125.278184
43.796464,125.278184
43.796464,125.278184
43.796464,125.278184
43.796464,125.278184
43.796464,125.278184
43.796464,125.278184
43.796464,125.278184
43.796464,125.278184
43.796464,125.278184
43.796465,125.278338
43.796465,125.278338
43.796465,125.278338
43.796465,125.278338
43.796465,125.278338
43.796465,125.278338
43.796465,125.278338
43.796465,125.278338
43.796465,125.278338
43.796465,125.278338
43.796465,125.278338
43.796465,125.278338
43.796465,125.278338
43.796465,125.278338
43.796465,125.278338
43.796465,125.278338
43.796465,125.278338
43.796465,125.278338
43.796465,125.278338
43.796465,125.278338
43.796466,125.278496
43.796466,125.278496
43.796466,125.278496
43.796466,125.278496
43.796466,125.278496
43.796466,125.278496
43.796466,125.278496
43.796466,125.278496
43.796466,125.278496
43.796466,125.278496
43.796466,125.278496
43.796466,125.278496
43.796466,125.278496
43.796466,125.278496
43.796466,125.278496
43.796466,125.278496
43.796466,125.278496
43.796466,125.278496
43.796466,125.278496
43.796466,125.278496
43.796466,125.278654
43.796466,125.278654
43.796466,125.278654
43.796466,125.278654
43.796466,125.278654
43.796466,125.278654
43.796466,125.278654
43.796466,125.278654
43.796466,125.278654
43.796466,125.278654
43.796466,125.278654
43.796466,125.278654
43.796466,125.278654
43.796466,125.278654
43.796466,125.278654
43.796466,125.278654
43.796466,125.278654
43.796466,125.278654
43.796466,125.278654
43.796466,125.278654
43.796465,125.278822
43.796465,125.278822
43.796465,125.278822
43.796465,125.278822
43.796465,125.278822
43.796465,125.278822
43.796465,125.278822
43.796465,125.278822
43.796465,125.278822
43.796465,125.278822
43.796465,125.278822
43.796465,125.278822
43.796465,125.278822
43.796465,125.278822
43.796465,125.278822
43.796465,125.278822
43.796465,125.278822
43.796465,125.278822
43.796465,125.278822
43.796465,125.278822
43.796465,125.279003
43.796465,125.279003
43.796465,125.279003
43.796465,125.279003
43.796465,125.279003
43.796465,125.279003
43.796465,125.279003
43.796465,125.279003
43.796465,125.279003
43.796465,125.279003
43.796465,125.279003
43.796465,125.279003
43.796465,125.279003
43.796465,125.279003
43.796465,125.279003
43.796465,125.279003
43.796465,125.279003
43.796465,125.279003
43.796465,125.279003
43.796465,125.279003
43.796466,125.279171
43.796466,125.279171
43.796466,125.279171
43.796466,125.279171
43.796466,125.279171
43.796466,125.279171
43.796466,125.279171
43.796466,125.279171
43.796466,125.279171
43.796466,125.279171
43.796466,125.279171
43.796466,125.279171
43.796466,125.279171
43.796466,125.279171
43.796466,125.279171
43.796466,125.279171
43.796466,125.279171
43.796466,125.279171
43.796466,125.279171
43.796466,125.279171
43.796469,125.279336
43.796469,125.279336
43.796469,125.279336
43.796469,125.279336
43.796469,125.279336
43.796469,125.279336
43.796469,125.279336
43.796469,125.279336
43.796469,125.279336
43.796469,125.279336
43.796469,125.279336
43.796469,125.279336
43.796469,125.279336
43.796469,125.279336
43.796469,125.279336
43.796469,125.279336
43.796469,125.279336
43.796469,125.279336
43.796469,125.279336
43.796469,125.279336
43.796471,125.279507
43.796471,125.279507
43.796471,125.279507
43.796471,125.279507
43.796471,125.279507
43.796471,125.279507
43.796471,125.279507
43.796471,125.279507
43.796471,125.279507
43.796471,125.279507
43.796471,125.279507
43.796471,125.279507
43.796471,125.279507
43.796471,125.279507
43.796471,125.279507
43.796471,125.279507
43.796471,125.279507
43.796471,125.279507
43.796471,125.279507
43.796471,125.279507
43.796471,125.27968
43.796471,125.27968
43.796471,125.27968
43.796471,125.27968
43.796471,125.27968
43.796471,125.27968
43.796471,125.27968
43.796471,125.27968
43.796471,125.27968
43.796471,125.27968
43.796471,125.27968
43.796471,125.27968
43.796471,125.27968
43.796471,125.27968
43.796471,125.27968
43.796471,125.27968
43.796471,125.27968
43.796471,125.27968
43.796471,125.27968
43.796471,125.27968
43.79647,125.279858
43.79647,125.279858
43.79647,125.279858
43.79647,125.279858
43.79647,125.279858
43.79647,125.279858
43.79647,125.279858
43.79647,125.279858
43.79647,125.279858
43.79647,125.279858
43.79647,125.279858
43.79647,125.279858
43.79647,125.279858
43.79647,125.279858
43.79647,125.279858
43.79647,125.279858
43.79647,125.279858
43.79647,125.279858
43.79647,125.279858
43.79647,125.279858
43.796469,125.280042
43.796469,125.280042
43.796469,125.280042
43.796469,125.280042
43.796469,125.280042
43.796469,125.280042
43.796469,125.280042
43.796469,125.280042
43.796469,125.280042
43.796469,125.280042
43.796469,125.280042
43.796469,125.280042
43.796469,125.280042
43.796469,125.280042
43.796469,125.280042
43.796469,125.280042
43.796469,125.280042
43.796469,125.280042
43.796469,125.280042
43.796469,125.280042
43.796469,125.280226
43.796469,125.280226
43.796469,125.280226
43.796469,125.280226
43.796469,125.280226
43.796469,125.280226
43.796469,125.280226
43.796469,125.280226
43.796469,125.280226
43.796469,125.280226
43.796469,125.280226
43.796469,125.280226
43.796469,125.280226
43.796469,125.280226
43.796469,125.280226
43.796469,125.280226
43.796469,125.280226
43.796469,125.280226
43.796469,125.280226
43.796469,125.280226
43.796469,125.280411
43.796469,125.280411
43.796469,125.280411
43.796469,125.280411
43.796469,125.280411
43.796469,125.280411
43.796469,125.280411
43.796469,125.280411
43.796469,125.280411
43.796469,125.280411
43.796469,125.280411
43.796469,125.280411
43.796469,125.280411
43.796469,125.280411
43.796469,125.280411
43.796469,125.280411
43.796469,125.280411
43.796469,125.280411
43.796469,125.280411
43.796469,125.280411
43.796468,125.280596
43.796468,125.280596
43.796468,125.280596
43.796468,125.280596
43.796468,125.280596
43.796468,125.280596
43.796468,125.280596
43.796468,125.280596
43.796468,125.280596
43.796468,125.280596
43.796468,125.280596
43.796468,125.280596
43.796468,125.280596
43.796468,125.280596
43.796468,125.280596
43.796468,125.280596
43.796468,125.280596
43.796468,125.280596
43.796468,125.280596
43.796468,125.280596
43.796468,125.280771
43.796468,125.280771
43.796468,125.280771
43.796468,125.280771
43.796468,125.280771
43.796468,125.280771
43.796468,125.280771
43.796468,125.280771
43.796468,125.280771
43.796468,125.280771
43.796468,125.280771
43.796468,125.280771
43.796468,125.280771
43.796468,125.280771
43.796468,125.280771
43.796468,125.280771
43.796468,125.280771
43.796468,125.280771
43.796468,125.280771
43.796468,125.280771
43.796468,125.28097
43.796468,125.28097
43.796468,125.28097
43.796468,125.28097
43.796468,125.28097
43.796468,125.28097
43.796468,125.28097
43.796468,125.28097
43.796468,125.28097
43.796468,125.28097
43.796468,125.28097
43.796468,125.28097
43.796468,125.28097
43.796468,125.28097
43.796468,125.28097
43.796468,125.28097
43.796468,125.28097
43.796468,125.28097
43.796468,125.28097
43.796468,125.28097
43.796468,125.281176
43.796468,125.281176
43.796468,125.281176
43.796468,125.281176
43.796468,125.281176
43.796468,125.281176
43.796468,125.281176
43.796468,125.281176
43.796468,125.281176
43.796468,125.281176
43.796468,125.281176
43.796468,125.281176
43.796468,125.281176
43.796468,125.281176
43.796468,125.281176
43.796468,125.281176
43.796468,125.281176
43.796468,125.281176
43.796468,125.281176
43.796468,125.281176
43.796469,125.281367
43.796469,125.281367
43.796469,125.281367
43.796469,125.281367
43.796469,125.281367
43.796469,125.281367
43.796469,125.281367
43.796469,125.281367
43.796469,125.281367
43.796469,125.281367
43.796469,125.281367
43.796469,125.281367
43.796469,125.281367
43.796469,125.281367
43.796469,125.281367
43.796469,125.281367
43.796469,125.281367
43.796469,125.281367
43.796469,125.281367
43.796469,125.281367
43.796471,125.281558
43.796471,125.281558
43.796471,125.281558
43.796471,125.281558
43.796471,125.281558
43.796471,125.281558
43.796471,125.281558
43.796471,125.281558
43.796471,125.281558
43.796471,125.281558
43.796471,125.281558
43.796471,125.281558
43.796471,125.281558
43.796471,125.281558
43.796471,125.281558
43.796471,125.281558
43.796471,125.281558
43.796471,125.281558
43.796471,125.281558
43.796471,125.281558
43.796471,125.281742
43.796471,125.281742
43.796471,125.281742
43.796471,125.281742
43.796471,125.281742
43.796471,125.281742
43.796471,125.281742
43.796471,125.281742
43.796471,125.281742
43.796471,125.281742
43.796471,125.281742
43.796471,125.281742
43.796471,125.281742
43.796471,125.281742
43.796471,125.281742
43.796471,125.281742
43.796471,125.281742
43.796471,125.281742
43.796471,125.281742
43.796471,125.281742
43.796472,125.281937
43.796472,125.281937
43.796472,125.281937
43.796472,125.281937
43.796472,125.281937
43.796472,125.281937
43.796472,125.281937
43.796472,125.281937
43.796472,125.281937
43.796472,125.281937
43.796472,125.281937
43.796472,125.281937
43.796472,125.281937
43.796472,125.281937
43.796472,125.281937
43.796472,125.281937
43.796472,125.281937
43.796472,125.281937
43.796472,125.281937
43.796472,125.281937
43.796473,125.282117
43.796473,125.282117
43.796473,125.282117
43.796473,125.282117
43.796473,125.282117
43.796473,125.282117
43.796473,125.282117
43.796473,125.282117
43.796473,125.282117
43.796473,125.282117
43.796473,125.282117
43.796473,125.282117
43.796473,125.282117
43.796473,125.282117
43.796473,125.282117
43.796473,125.282117
43.796473,125.282117
43.796473,125.282117
43.796473,125.282117
43.796473,125.282117
43.796472,125.282273
43.796472,125.282273
43.796472,125.282273
43.796472,125.282273
43.796472,125.282273
43.796472,125.282273
43.796472,125.282273
43.796472,125.282273
43.796472,125.282273
43.796472,125.282273
43.796472,125.282273
43.796472,125.282273
43.796472,125.282273
43.796472,125.282273
43.796472,125.282273
43.796472,125.282273
43.796472,125.282273
43.796472,125.282273
43.796472,125.282273
43.796472,125.282273
43.796472,125.282409
43.796472,125.282409
43.796472,125.282409
43.796472,125.282409
43.796472,125.282409
43.796472,125.282409
43.796472,125.282409
43.796472,125.282409
43.796472,125.282409
43.796472,125.282409
43.796472,125.282409
43.796472,125.282409
43.796472,125.282409
43.796472,125.282409
43.796472,125.282409
43.796472,125.282409
43.796472,125.282409
43.796472,125.282409
43.796472,125.282409
43.796472,125.282409
43.796476,125.282554
43.796476,125.282554
43.796476,125.282554
43.796476,125.282554
43.796476,125.282554
43.796476,125.282554
43.796476,125.282554
43.796476,125.282554
43.796476,125.282554
43.796476,125.282554
43.796476,125.282554
43.796476,125.282554
43.796476,125.282554
43.796476,125.282554
43.796476,125.282554
43.796476,125.282554
43.796476,125.282554
43.796476,125.282554
43.796476,125.282554
43.796476,125.282554
43.796482,125.282726
43.796482,125.282726
43.796482,125.282726
43.796482,125.282726
43.796482,125.282726
43.796482,125.282726
43.796482,125.282726
43.796482,125.282726
43.796482,125.282726
43.796482,125.282726
43.796482,125.282726
43.796482,125.282726
43.796482,125.282726
43.796482,125.282726
43.796482,125.282726
43.796482,125.282726
43.796482,125.282726
43.796482,125.282726
43.796482,125.282726
43.796482,125.282726
43.79649,125.282892
43.79649,125.282892
43.79649,125.282892
43.79649,125.282892
43.79649,125.282892
43.79649,125.282892
43.79649,125.282892
43.79649,125.282892
43.79649,125.282892
43.79649,125.282892
43.79649,125.282892
43.79649,125.282892
43.79649,125.282892
43.79649,125.282892
43.79649,125.282892
43.79649,125.282892
43.79649,125.282892
43.79649,125.282892
43.79649,125.282892
43.79649,125.282892
43.796492,125.28305
43.796492,125.28305
43.796492,125.28305
43.796492,125.28305
43.796492,125.28305
43.796492,125.28305
43.796492,125.28305
43.796492,125.28305
43.796492,125.28305
43.796492,125.28305
43.796492,125.28305
43.796492,125.28305
43.796492,125.28305
43.796492,125.28305
43.796492,125.28305
43.796492,125.28305
43.796492,125.28305
43.796492,125.28305
43.796492,125.28305
43.796492,125.28305
43.796489,125.283216
43.796489,125.283216
43.796489,125.283216
43.796489,125.283216
43.796489,125.283216
43.796489,125.283216
43.796489,125.283216
43.796489,125.283216
43.796489,125.283216
43.796489,125.283216
43.796489,125.283216
43.796489,125.283216
43.796489,125.283216
43.796489,125.283216
43.796489,125.283216
43.796489,125.283216
43.796489,125.283216
43.796489,125.283216
43.796489,125.283216
43.796489,125.283216
43.796482,125.283367
43.796482,125.283367
43.796482,125.283367
43.796482,125.283367
43.796482,125.283367
43.796482,125.283367
43.796482,125.283367
43.796482,125.283367
43.796482,125.283367
43.796482,125.283367
43.796482,125.283367
43.796482,125.283367
43.796482,125.283367
43.796482,125.283367
43.796482,125.283367
43.796482,125.283367
43.796482,125.283367
43.796482,125.283367
43.796482,125.283367
43.796482,125.283367
43.796474,125.283528
43.796474,125.283528
43.796474,125.283528
43.796474,125.283528
43.796474,125.283528
43.796474,125.283528
43.796474,125.283528
43.796474,125.283528
43.796474,125.283528
43.796474,125.283528
43.796474,125.283528
43.796474,125.283528
43.796474,125.283528
43.796474,125.283528
43.796474,125.283528
43.796474,125.283528
43.796474,125.283528
43.796474,125.283528
43.796474,125.283528
43.796474,125.283528
43.796472,125.283657
43.796472,125.283657
43.796472,125.283657
43.796472,125.283657
43.796472,125.283657
43.796472,125.283657
43.796472,125.283657
43.796472,125.283657
43.796472,125.283657
43.796472,125.283657
43.796472,125.283657
43.796472,125.283657
43.796472,125.283657
43.796472,125.283657
43.796472,125.283657
43.796472,125.283657
43.796472,125.283657
43.796472,125.283657
43.796472,125.283657
43.796472,125.283657
43.796475,125.283779
43.796475,125.283779
43.796475,125.283779
43.796475,125.283779
43.796475,125.283779
43.796475,125.283779
43.796475,125.283779
43.796475,125.283779
43.796475,125.283779
43.796475,125.283779
43.796475,125.283779
43.796475,125.283779
43.796475,125.283779
43.796475,125.283779
43.796475,125.283779
43.796475,125.283779
43.796475,125.283779
43.796475,125.283779
43.796475,125.283779
43.796475,125.283779
43.796477,125.283906
43.796477,125.283906
43.796477,125.283906
43.796477,125.283906
43.796477,125.283906
43.796477,125.283906
43.796477,125.283906
43.796477,125.283906
43.796477,125.283906
43.796477,125.283906
43.796477,125.283906
43.796477,125.283906
43.796477,125.283906
43.796477,125.283906
43.796477,125.283906
43.796477,125.283906
43.796477,125.283906
43.796477,125.283906
43.796477,125.283906
43.796477,125.283906
43.796476,125.284047
43.796476,125.284047
43.796476,125.284047
43.796476,125.284047
43.796476,125.284047
43.796476,125.284047
43.796476,125.284047
43.796476,125.284047
43.796476,125.284047
43.796476,125.284047
43.796476,125.284047
43.796476,125.284047
43.796476,125.284047
43.796476,125.284047
43.796476,125.284047
43.796476,125.284047
43.796476,125.284047
43.796476,125.284047
43.796476,125.284047
43.796476,125.284047
43.796475,125.284193
43.796475,125.284193
43.796475,125.284193
43.796475,125.284193
43.796475,125.284193
43.796475,125.284193
43.796475,125.284193
43.796475,125.284193
43.796475,125.284193
43.796475,125.284193
43.796475,125.284193
43.796475,125.284193
43.796475,125.284193
43.796475,125.284193
43.796475,125.284193
43.796475,125.284193
43.796475,125.284193
43.796475,125.284193
43.796475,125.284193
43.796475,125.284193
43.796473,125.284348
43.796473,125.284348
43.796473,125.284348
43.796473,125.284348
43.796473,125.284348
43.796473,125.284348
43.796473,125.284348
43.796473,125.284348
43.796473,125.284348
43.796473,125.284348
43.796473,125.284348
43.796473,125.284348
43.796473,125.284348
43.796473,125.284348
43.796473,125.284348
43.796473,125.284348
43.796473,125.284348
43.796473,125.284348
43.796473,125.284348
43.796473,125.284348
43.79647,125.284501
43.79647,125.284501
43.79647,125.284501
43.79647,125.284501
43.79647,125.284501
43.79647,125.284501
43.79647,125.284501
43.79647,125.284501
43.79647,125.284501
43.79647,125.284501
43.79647,125.284501
43.79647,125.284501
43.79647,125.284501
43.79647,125.284501
43.79647,125.284501
43.79647,125.284501
43.79647,125.284501
43.79647,125.284501
43.79647,125.284501
43.79647,125.284501
43.796467,125.284638
43.796467,125.284638
43.796467,125.284638
43.796467,125.284638
43.796467,125.284638
43.796467,125.284638
43.796467,125.284638
43.796467,125.284638
43.796467,125.284638
43.796467,125.284638
43.796467,125.284638
43.796467,125.284638
43.796467,125.284638
43.796467,125.284638
43.796467,125.284638
43.796467,125.284638
43.796467,125.284638
43.796467,125.284638
43.796467,125.284638
43.796467,125.284638
43.796465,125.284791
43.796465,125.284791
43.796465,125.284791
43.796465,125.284791
43.796465,125.284791
43.796465,125.284791
43.796465,125.284791
43.796465,125.284791
43.796465,125.284791
43.796465,125.284791
43.796465,125.284791
43.796465,125.284791
43.796465,125.284791
43.796465,125.284791
43.796465,125.284791
43.796465,125.284791
43.796465,125.284791
43.796465,125.284791
43.796465,125.284791
43.796465,125.284791
43.796464,125.284935
43.796464,125.284935
43.796464,125.284935
43.796464,125.284935
43.796464,125.284935
43.796464,125.284935
43.796464,125.284935
43.796464,125.284935
43.796464,125.284935
43.796464,125.284935
43.796464,125.284935
43.796464,125.284935
43.796464,125.284935
43.796464,125.284935
43.796464,125.284935
43.796464,125.284935
43.796464,125.284935
43.796464,125.284935
43.796464,125.284935
43.796464,125.284935
43.796462,125.285051
43.796462,125.285051
43.796462,125.285051
43.796462,125.285051
43.796462,125.285051
43.796462,125.285051
43.796462,125.285051
43.796462,125.285051
43.796462,125.285051
43.796462,125.285051
43.796462,125.285051
43.796462,125.285051
43.796462,125.285051
43.796462,125.285051
43.796462,125.285051
43.796462,125.285051
43.796462,125.285051
43.796462,125.285051
43.796462,125.285051
43.796462,125.285051
43.796461,125.285169
43.796461,125.285169
43.796461,125.285169
43.796461,125.285169
43.796461,125.285169
43.796461,125.285169
43.796461,125.285169
43.796461,125.285169
43.796461,125.285169
43.796461,125.285169
43.796461,125.285169
43.796461,125.285169
43.796461,125.285169
43.796461,125.285169
43.796461,125.285169
43.796461,125.285169
43.796461,125.285169
43.796461,125.285169
43.796461,125.285169
43.796461,125.285169
43.79646,125.285277
43.79646,125.285277
43.79646,125.285277
43.79646,125.285277
43.79646,125.285277
43.79646,125.285277
43.79646,125.285277
43.79646,125.285277
43.79646,125.285277
43.79646,125.285277
43.79646,125.285277
43.79646,125.285277
43.79646,125.285277
43.79646,125.285277
43.79646,125.285277
43.79646,125.285277
43.79646,125.285277
43.79646,125.285277
43.79646,125.285277
43.79646,125.285277
43.79646,125.28536
43.79646,125.28536
43.79646,125.28536
43.79646,125.28536
43.79646,125.28536
43.79646,125.28536
43.79646,125.28536
43.79646,125.28536
43.79646,125.28536
43.79646,125.28536
43.79646,125.28536
43.79646,125.28536
43.79646,125.28536
43.79646,125.28536
43.79646,125.28536
43.79646,125.28536
43.79646,125.28536
43.79646,125.28536
43.79646,125.28536
43.79646,125.28536
43.796459,125.285418
43.796459,125.285418
43.796459,125.285418
43.796459,125.285418
43.796459,125.285418
43.796459,125.285418
43.796459,125.285418
43.796459,125.285418
43.796459,125.285418
43.796459,125.285418
43.796459,125.285418
43.796459,125.285418
43.796459,125.285418
43.796459,125.285418
43.796459,125.285418
43.796459,125.285418
43.796459,125.285418
43.796459,125.285418
43.796459,125.285418
43.796459,125.285418
43.796459,125.285474
43.796459,125.285474
43.796459,125.285474
43.796459,125.285474
43.796459,125.285474
43.796459,125.285474
43.796459,125.285474
43.796459,125.285474
43.796459,125.285474
43.796459,125.285474
43.796459,125.285474
43.796459,125.285474
43.796459,125.285474
43.796459,125.285474
43.796459,125.285474
43.796459,125.285474
43.796459,125.285474
43.796459,125.285474
43.796459,125.285474
43.796459,125.285474
43.796459,125.285508
43.796459,125.285508
43.796459,125.285508
43.796459,125.285508
43.796459,125.285508
43.796459,125.285508
43.796459,125.285508
43.796459,125.285508
43.796459,125.285508
43.796459,125.285508
43.796459,125.285508
43.796459,125.285508
43.796459,125.285508
43.796459,125.285508
43.796459,125.285508
43.796459,125.285508
43.796459,125.285508
43.796459,125.285508
43.796459,125.285508
43.796459,125.285508
43.796459,125.285517
43.796459,125.285517
43.796459,125.285517
43.796459,125.285517
43.796459,125.285517
43.796459,125.285517
43.796459,125.285517
43.796459,125.285517
43.796459,125.285517
43.796459,125.285517
43.796459,125.285517
43.796459,125.285517
43.796459,125.285517
43.796459,125.285517
43.796459,125.285517
43.796459,125.285517
43.796458,125.285518
43.796458,125.285518
43.796458,125.285518
43.796458,125.285518
43.796458,125.285518
43.796458,125.285518
43.796458,125.285518
43.796458,125.285518
43.796458,125.285518
43.796458,125.285518
43.796458,125.285518
43.796458,125.285518
43.796458,125.285518
43.796458,125.285518
43.796458,125.285518
43.796458,125.285518
43.796458,125.285518
43.796458,125.285518
43.796458,125.285518
43.796458,125.285518
43.796458,125.285518
43.796458,125.285518
43.796458,125.285518
43.796458,125.285518
43.796458,125.285518
43.796458,125.285518
43.796458,125.285518
43.796458,125.285518
43.796458,125.285518
43.796458,125.285518
43.796458,125.285518
43.796458,125.285518
43.796458,125.285518
43.796458,125.285518
43.796458,125.285518
43.796458,125.285518
43.796458,125.285518
43.796458,125.285518
43.796458,125.285518
43.796458,125.285518
43.796458,125.285518
43.796458,125.285518
43.796458,125.285518
43.796458,125.285518
43.796458,125.285518
43.796458,125.285518
43.796458,125.285518
43.796458,125.285518
43.796458,125.285518
43.796458,125.285518
43.796458,125.285518
43.796458,125.285518
43.796458,125.285518
43.796458,125.285518
43.796458,125.285518
43.796458,125.285518
43.796458,125.285518
43.796458,125.285518
43.796458,125.285518
43.796458,125.285518
43.796458,125.285518
43.796458,125.285518
43.796458,125.285518
43.796458,125.285518
43.796458,125.285518
43.796458,125.285518
43.796458,125.285518
43.796458,125.285518
43.796458,125.285518
43.796458,125.285518
43.796458,125.285518
43.796458,125.285518
43.796458,125.285518
43.796458,125.285518
43.796458,125.285518
43.796458,125.285518
43.796458,125.285518
43.796458,125.285518
43.796458,125.285518
43.796458,125.285518
43.796458,125.285518
43.796458,125.285518
43.796458,125.285518
43.796458,125.285518
43.796458,125.285518
43.796458,125.285518
43.796458,125.285518
43.796458,125.285518
43.796458,125.285518
43.796458,125.285518
43.796458,125.285518
43.796458,125.285518
43.796458,125.285518
43.796458,125.285518
43.796458,125.285518
43.796458,125.285518
43.796458,125.285518
43.796458,125.285518
43.796458,125.285518
43.796458,125.285518
43.796458,125.285518
43.796458,125.285518
43.796458,125.285518
43.796458,125.285518
43.796458,125.285518
43.796458,125.285518
43.796458,125.285518
43.796458,125.285518
43.796458,125.285518
43.796458,125.285518
43.796458,125.285518
43.796458,125.285518
43.796458,125.285518
43.796458,125.285518
43.796458,125.285518
43.796458,125.285518
43.796458,125.285518
43.796458,125.285518
43.796458,125.285518
43.796458,125.285518
43.796458,125.285518
43.796458,125.285518
43.796458,125.285518
43.796458,125.285518
43.796458,125.285518
43.796458,125.285518
43.796458,125.285518
43.796458,125.285518
43.796458,125.285518
43.796458,125.285518
43.796458,125.285518
43.796458,125.285518
43.796458,125.285518
43.796458,125.285518
43.796458,125.285518
43.796458,125.285518
43.796458,125.285518
43.796458,125.285518
43.796458,125.285518
43.796458,125.285518
43.796458,125.285518
43.796458,125.285518
43.796458,125.285518
43.796458,125.285518
43.796458,125.285518
43.796458,125.285518
43.796458,125.285518
43.796458,125.285518
43.796458,125.285518
43.796458,125.285518
43.796458,125.285518
43.796458,125.285518
43.796458,125.285518
43.796458,125.285518
43.796458,125.285518
43.796458,125.285518
43.796458,125.285518
43.796458,125.285518
43.796458,125.285518
43.796458,125.285518
43.796458,125.285518
43.796458,125.285518
43.796458,125.285518
43.796458,125.285518
43.796458,125.285518
43.796458,125.285518
43.796458,125.285518
43.796458,125.285518
43.796458,125.285518
43.796458,125.285518
43.796458,125.285518
43.796458,125.285518
43.796458,125.285518
43.796458,125.285518
43.796458,125.285518
43.796458,125.285518
43.796458,125.285518
43.796458,125.285518
43.796458,125.285518
43.796458,125.285518
43.796458,125.285518
43.796458,125.285518
43.796458,125.285518
43.796458,125.285518
43.796458,125.285518
43.796458,125.285518
43.796458,125.285518
43.796458,125.285518
43.796458,125.285518
43.796458,125.285518
43.796458,125.285518
43.796458,125.285518
43.796458,125.285518
43.796458,125.285518
43.796458,125.285518
43.796458,125.285518
43.796458,125.285518
43.796458,125.285518
43.796458,125.285518
43.796458,125.285518
43.796458,125.285518
43.796458,125.285518
43.796458,125.285518
43.796458,125.285518
43.796458,125.285518
43.796458,125.285518
43.796458,125.285518
43.796458,125.285518
43.796458,125.285518
43.796458,125.285518
43.796458,125.285518
43.796458,125.285518
43.796458,125.285518
43.796458,125.285518
43.796458,125.285518
43.796458,125.285518
43.796458,125.285518
43.796458,125.285518
43.796458,125.285518
43.796458,125.285518
43.796458,125.285518
43.796458,125.285518
43.796458,125.285518
43.796458,125.285518
43.796458,125.285518
43.796458,125.285518
43.796458,125.285518
43.796458,125.285518
43.796458,125.285518
43.796458,125.285518
43.796458,125.285518
43.796458,125.285518
43.796458,125.285518
43.796458,125.285518
43.796458,125.285518
43.796458,125.285518
43.796458,125.285518
43.796458,125.285518
43.796458,125.285518
43.796458,125.285518
43.796458,125.285518
43.796458,125.285518
43.796458,125.285518
43.796458,125.285518
43.796458,125.285518
43.796458,125.285518
43.796458,125.285518
43.796458,125.285518
43.796458,125.285518
43.796458,125.285518
43.796458,125.285518
43.796458,125.285518
43.796458,125.285518
43.796458,125.285518
43.796458,125.285518
43.796458,125.285518
43.796458,125.285518
43.796458,125.285518
43.796458,125.285518
43.796458,125.285518
43.796458,125.285518
43.796458,125.285518
43.796458,125.285518
43.796458,125.285518
43.796458,125.285518
43.796458,125.285518
43.796458,125.285518
43.796458,125.285518
43.796458,125.285518
43.796458,125.285518
43.796458,125.285518
43.796458,125.285518
43.796458,125.285518
43.796458,125.285518
43.796458,125.285518
43.796458,125.285518
43.796458,125.285518
43.796458,125.285518
43.796458,125.285518
43.796458,125.285518
43.796458,125.285518
43.796458,125.285518
43.796458,125.285518
43.796458,125.285518
43.796458,125.285518
43.796458,125.285518
43.796458,125.285518
43.796458,125.285518
43.796458,125.285518
43.796458,125.285518
43.796458,125.285518
43.796458,125.285518
43.796458,125.285518
43.796458,125.285518
43.796458,125.285518
43.796458,125.285518
43.796458,125.285518
43.796458,125.285518
43.796458,125.285518
43.796458,125.285518
43.796458,125.285518
43.796458,125.285518
43.796458,125.285518
43.796458,125.285518
43.796458,125.285518
43.796458,125.285518
43.796458,125.285518
43.796458,125.285518
43.796458,125.285518
43.796458,125.285518
43.796458,125.285518
43.796458,125.285518
43.796458,125.285518
43.796458,125.285518
43.796458,125.285518
43.796458,125.285518
43.796458,125.285518
43.796458,125.285518
43.796458,125.285518
43.796458,125.285518
43.796457,125.285525
43.796457,125.285525
43.796457,125.285525
43.796457,125.285525
43.796457,125.285525
43.796457,125.285525
43.796457,125.285525
43.796457,125.285525
43.796457,125.285525
43.796457,125.285525
43.796457,125.285525
43.796457,125.285525
43.796457,125.285525
43.796457,125.285525
43.796457,125.285525
43.796457,125.285525
43.796457,125.285525
43.796457,125.285525
43.796457,125.285525
43.796457,125.285525
43.796456,125.285558
43.796456,125.285558
43.796456,125.285558
43.796456,125.285558
43.796456,125.285558
43.796456,125.285558
43.796456,125.285558
43.796456,125.285558
43.796456,125.285558
43.796456,125.285558
43.796456,125.285558
43.796456,125.285558
43.796456,125.285558
43.796456,125.285558
43.796456,125.285558
43.796456,125.285558
43.796456,125.285558
43.796456,125.285558
43.796456,125.285558
43.796456,125.285558
43.796456,125.285617
43.796456,125.285617
43.796456,125.285617
43.796456,125.285617
43.796456,125.285617
43.796456,125.285617
43.796456,125.285617
43.796456,125.285617
43.796456,125.285617
43.796456,125.285617
43.796456,125.285617
43.796456,125.285617
43.796456,125.285617
43.796456,125.285617
43.796456,125.285617
43.796456,125.285617
43.796456,125.285617
43.796456,125.285617
43.796456,125.285617
43.796456,125.285617
43.796456,125.285692
43.796456,125.285692
43.796456,125.285692
43.796456,125.285692
43.796456,125.285692
43.796456,125.285692
43.796456,125.285692
43.796456,125.285692
43.796456,125.285692
43.796456,125.285692
43.796456,125.285692
43.796456,125.285692
43.796456,125.285692
43.796456,125.285692
43.796456,125.285692
43.796456,125.285692
43.796456,125.285692
43.796456,125.285692
43.796456,125.285692
43.796456,125.285692
43.796457,125.285777
43.796457,125.285777
43.796457,125.285777
43.796457,125.285777
43.796457,125.285777
43.796457,125.285777
43.796457,125.285777
43.796457,125.285777
43.796457,125.285777
43.796457,125.285777
43.796457,125.285777
43.796457,125.285777
43.796457,125.285777
43.796457,125.285777
43.796457,125.285777
43.796457,125.285777
43.796457,125.285777
43.796457,125.285777
43.796457,125.285777
43.796457,125.285777
43.796458,125.285885
43.796458,125.285885
43.796458,125.285885
43.796458,125.285885
43.796458,125.285885
43.796458,125.285885
43.796458,125.285885
43.796458,125.285885
43.796458,125.285885
43.796458,125.285885
43.796458,125.285885
43.796458,125.285885
43.796458,125.285885
43.796458,125.285885
43.796458,125.285885
43.796458,125.285885
43.796458,125.285885
43.796458,125.285885
43.796458,125.285885
43.796458,125.285885
43.796458,125.286001
43.796458,125.286001
43.796458,125.286001
43.796458,125.286001
43.796458,125.286001
43.796458,125.286001
43.796458,125.286001
43.796458,125.286001
43.796458,125.286001
43.796458,125.286001
43.796458,125.286001
43.796458,125.286001
43.796458,125.286001
43.796458,125.286001
43.796458,125.286001
43.796458,125.286001
43.796458,125.286001
43.796458,125.286001
43.796458,125.286001
43.796458,125.286001
43.79646,125.286135
43.79646,125.286135
43.79646,125.286135
43.79646,125.286135
43.79646,125.286135
43.79646,125.286135
43.79646,125.286135
43.79646,125.286135
43.79646,125.286135
43.79646,125.286135
43.79646,125.286135
43.79646,125.286135
43.79646,125.286135
43.79646,125.286135
43.79646,125.286135
43.79646,125.286135
43.79646,125.286135
43.79646,125.286135
43.79646,125.286135
43.79646,125.286135
43.796462,125.28629
43.796462,125.28629
43.796462,125.28629
43.796462,125.28629
43.796462,125.28629
43.796462,125.28629
43.796462,125.28629
43.796462,125.28629
43.796462,125.28629
43.796462,125.28629
43.796462,125.28629
43.796462,125.28629
43.796462,125.28629
43.796462,125.28629
43.796462,125.28629
43.796462,125.28629
43.796462,125.28629
43.796462,125.28629
43.796462,125.28629
43.796462,125.28629
43.796465,125.286424
43.796465,125.286424
43.796465,125.286424
43.796465,125.286424
43.796465,125.286424
43.796465,125.286424
43.796465,125.286424
43.796465,125.286424
43.796465,125.286424
43.796465,125.286424
43.796465,125.286424
43.796465,125.286424
43.796465,125.286424
43.796465,125.286424
43.796465,125.286424
43.796465,125.286424
43.796465,125.286424
43.796465,125.286424
43.796465,125.286424
43.796465,125.286424
43.796467,125.286597
43.796467,125.286597
43.796467,125.286597
43.796467,125.286597
43.796467,125.286597
43.796467,125.286597
43.796467,125.286597
43.796467,125.286597
43.796467,125.286597
43.796467,125.286597
43.796467,125.286597
43.796467,125.286597
43.796467,125.286597
43.796467,125.286597
43.796467,125.286597
43.796467,125.286597
43.796467,125.286597
43.796467,125.286597
43.796467,125.286597
43.796467,125.286597
43.796468,125.286736
43.796468,125.286736
43.796468,125.286736
43.796468,125.286736
43.796468,125.286736
43.796468,125.286736
43.796468,125.286736
43.796468,125.286736
43.796468,125.286736
43.796468,125.286736
43.796468,125.286736
43.796468,125.286736
43.796468,125.286736
43.796468,125.286736
43.796468,125.286736
43.796468,125.286736
43.796468,125.286736
43.796468,125.286736
43.796468,125.286736
43.796468,125.286736
43.796467,125.286888
43.796467,125.286888
43.796467,125.286888
43.796467,125.286888
43.796467,125.286888
43.796467,125.286888
43.796467,125.286888
43.796467,125.286888
43.796467,125.286888
43.796467,125.286888
43.796467,125.286888
43.796467,125.286888
43.796467,125.286888
43.796467,125.286888
43.796467,125.286888
43.796467,125.286888
43.796467,125.286888
43.796467,125.286888
43.796467,125.286888
43.796467,125.286888
43.796465,125.287028
43.796465,125.287028
43.796465,125.287028
43.796465,125.287028
43.796465,125.287028
43.796465,125.287028
43.796465,125.287028
43.796465,125.287028
43.796465,125.287028
43.796465,125.287028
43.796465,125.287028
43.796465,125.287028
43.796465,125.287028
43.796465,125.287028
43.796465,125.287028
43.796465,125.287028
43.796465,125.287028
43.796465,125.287028
43.796465,125.287028
43.796465,125.287028
43.796465,125.287144
43.796465,125.287144
43.796465,125.287144
43.796465,125.287144
43.796465,125.287144
43.796465,125.287144
43.796465,125.287144
43.796465,125.287144
43.796465,125.287144
43.796465,125.287144
43.796465,125.287144
43.796465,125.287144
43.796465,125.287144
43.796465,125.287144
43.796465,125.287144
43.796465,125.287144
43.796465,125.287144
43.796465,125.287144
43.796465,125.287144
43.796465,125.287144
43.796465,125.287281
43.796465,125.287281
43.796465,125.287281
43.796465,125.287281
43.796465,125.287281
43.796465,125.287281
43.796465,125.287281
43.796465,125.287281
43.796465,125.287281
43.796465,125.287281
43.796465,125.287281
43.796465,125.287281
43.796465,125.287281
43.796465,125.287281
43.796465,125.287281
43.796465,125.287281
43.796465,125.287281
43.796465,125.287281
43.796465,125.287281
43.796465,125.287281
43.796467,125.287427
43.796467,125.287427
43.796467,125.287427
43.796467,125.287427
43.796467,125.287427
43.796467,125.287427
43.796467,125.287427
43.796467,125.287427
43.796467,125.287427
43.796467,125.287427
43.796467,125.287427
43.796467,125.287427
43.796467,125.287427
43.796467,125.287427
43.796467,125.287427
43.796467,125.287427
43.796467,125.287427
43.796467,125.287427
43.796467,125.287427
43.796467,125.287427
43.796469,125.287586
43.796469,125.287586
43.796469,125.287586
43.796469,125.287586
43.796469,125.287586
43.796469,125.287586
43.796469,125.287586
43.796469,125.287586
43.796469,125.287586
43.796469,125.287586
43.796469,125.287586
43.796469,125.287586
43.796469,125.287586
43.796469,125.287586
43.796469,125.287586
43.796469,125.287586
43.796469,125.287586
43.796469,125.287586
43.796469,125.287586
43.796469,125.287586
43.79647,125.287734
43.79647,125.287734
43.79647,125.287734
43.79647,125.287734
43.79647,125.287734
43.79647,125.287734
43.79647,125.287734
43.79647,125.287734
43.79647,125.287734
43.79647,125.287734
43.79647,125.287734
43.79647,125.287734
43.79647,125.287734
43.79647,125.287734
43.79647,125.287734
43.79647,125.287734
43.79647,125.287734
43.79647,125.287734
43.79647,125.287734
43.79647,125.287734
43.79647,125.287874
43.79647,125.287874
43.79647,125.287874
43.79647,125.287874
43.79647,125.287874
43.79647,125.287874
43.79647,125.287874
43.79647,125.287874
43.79647,125.287874
43.79647,125.287874
43.79647,125.287874
43.79647,125.287874
43.79647,125.287874
43.79647,125.287874
43.79647,125.287874
43.79647,125.287874
43.79647,125.287874
43.79647,125.287874
43.79647,125.287874
43.79647,125.287874
43.79647,125.28804
43.79647,125.28804
43.79647,125.28804
43.79647,125.28804
43.79647,125.28804
43.79647,125.28804
43.79647,125.28804
43.79647,125.28804
43.79647,125.28804
43.79647,125.28804
43.79647,125.28804
43.79647,125.28804
43.79647,125.28804
43.79647,125.28804
43.79647,125.28804
43.79647,125.28804
43.79647,125.28804
43.79647,125.28804
43.79647,125.28804
43.79647,125.28804
43.796469,125.288195
43.796469,125.288195
43.796469,125.288195
43.796469,125.288195
43.796469,125.288195
43.796469,125.288195
43.796469,125.288195
43.796469,125.288195
43.796469,125.288195
43.796469,125.288195
43.796469,125.288195
43.796469,125.288195
43.796469,125.288195
43.796469,125.288195
43.796469,125.288195
43.796469,125.288195
43.796469,125.288195
43.796469,125.288195
43.796469,125.288195
43.796469,125.288195
43.796469,125.288337
43.796469,125.288337
43.796469,125.288337
43.796469,125.288337
43.796469,125.288337
43.796469,125.288337
43.796469,125.288337
43.796469,125.288337
43.796469,125.288337
43.796469,125.288337
43.796469,125.288337
43.796469,125.288337
43.796469,125.288337
43.796469,125.288337
43.796469,125.288337
43.796469,125.288337
43.796469,125.288337
43.796469,125.288337
43.796469,125.288337
43.796469,125.288337
43.796471,125.288463
43.796471,125.288463
43.796471,125.288463
43.796471,125.288463
43.796471,125.288463
43.796471,125.288463
43.796471,125.288463
43.796471,125.288463
43.796471,125.288463
43.796471,125.288463
43.796471,125.288463
43.796471,125.288463
43.796471,125.288463
43.796471,125.288463
43.796471,125.288463
43.796471,125.288463
43.796471,125.288463
43.796471,125.288463
43.796471,125.288463
43.796471,125.288463
43.796472,125.288592
43.796472,125.288592
43.796472,125.288592
43.796472,125.288592
43.796472,125.288592
43.796472,125.288592
43.796472,125.288592
43.796472,125.288592
43.796472,125.288592
43.796472,125.288592
43.796472,125.288592
43.796472,125.288592
43.796472,125.288592
43.796472,125.288592
43.796472,125.288592
43.796472,125.288592
43.796472,125.288592
43.796472,125.288592
43.796472,125.288592
43.796472,125.288592
43.796473,125.288716
43.796473,125.288716
43.796473,125.288716
43.796473,125.288716
43.796473,125.288716
43.796473,125.288716
43.796473,125.288716
43.796473,125.288716
43.796473,125.288716
43.796473,125.288716
43.796473,125.288716
43.796473,125.288716
43.796473,125.288716
43.796473,125.288716
43.796473,125.288716
43.796473,125.288716
43.796473,125.288716
43.796473,125.288716
43.796473,125.288716
43.796473,125.288716
43.796475,125.288835
43.796475,125.288835
43.796475,125.288835
43.796475,125.288835
43.796475,125.288835
43.796475,125.288835
43.796475,125.288835
43.796475,125.288835
43.796475,125.288835
43.796475,125.288835
43.796475,125.288835
43.796475,125.288835
43.796475,125.288835
43.796475,125.288835
43.796475,125.288835
43.796475,125.288835
43.796475,125.288835
43.796475,125.288835
43.796475,125.288835
43.796475,125.288835
43.796475,125.288973
43.796475,125.288973
43.796475,125.288973
43.796475,125.288973
43.796475,125.288973
43.796475,125.288973
43.796475,125.288973
43.796475,125.288973
43.796475,125.288973
43.796475,125.288973
43.796475,125.288973
43.796475,125.288973
43.796475,125.288973
43.796475,125.288973
43.796475,125.288973
43.796475,125.288973
43.796475,125.288973
43.796475,125.288973
43.796475,125.288973
43.796475,125.288973
43.796476,125.289107
43.796476,125.289107
43.796476,125.289107
43.796476,125.289107
43.796476,125.289107
43.796476,125.289107
43.796476,125.289107
43.796476,125.289107
43.796476,125.289107
43.796476,125.289107
43.796476,125.289107
43.796476,125.289107
43.796476,125.289107
43.796476,125.289107
43.796476,125.289107
43.796476,125.289107
43.796476,125.289107
43.796476,125.289107
43.796476,125.289107
43.796476,125.289107
43.796476,125.289272
43.796476,125.289272
43.796476,125.289272
43.796476,125.289272
43.796476,125.289272
43.796476,125.289272
43.796476,125.289272
43.796476,125.289272
43.796476,125.289272
43.796476,125.289272
43.796476,125.289272
43.796476,125.289272
43.796476,125.289272
43.796476,125.289272
43.796476,125.289272
43.796476,125.289272
43.796476,125.289272
43.796476,125.289272
43.796476,125.289272
43.796476,125.289272
43.796476,125.289459
43.796476,125.289459
43.796476,125.289459
43.796476,125.289459
43.796476,125.289459
43.796476,125.289459
43.796476,125.289459
43.796476,125.289459
43.796476,125.289459
43.796476,125.289459
43.796476,125.289459
43.796476,125.289459
43.796476,125.289459
43.796476,125.289459
43.796476,125.289459
43.796476,125.289459
43.796476,125.289459
43.796476,125.289459
43.796476,125.289459
43.796476,125.289459
43.796475,125.289649
43.796475,125.289649
43.796475,125.289649
43.796475,125.289649
43.796475,125.289649
43.796475,125.289649
43.796475,125.289649
43.796475,125.289649
43.796475,125.289649
43.796475,125.289649
43.796475,125.289649
43.796475,125.289649
43.796475,125.289649
43.796475,125.289649
43.796475,125.289649
43.796475,125.289649
43.796475,125.289649
43.796475,125.289649
43.796475,125.289649
43.796475,125.289649
43.796475,125.289829
43.796475,125.289829
43.796475,125.289829
43.796475,125.289829
43.796475,125.289829
43.796475,125.289829
43.796475,125.289829
43.796475,125.289829
43.796475,125.289829
43.796475,125.289829
43.796475,125.289829
43.796475,125.289829
43.796475,125.289829
43.796475,125.289829
43.796475,125.289829
43.796475,125.289829
43.796475,125.289829
43.796475,125.289829
43.796475,125.289829
43.796475,125.289829
43.796477,125.290004
43.796477,125.290004
43.796477,125.290004
43.796477,125.290004
43.796477,125.290004
43.796477,125.290004
43.796477,125.290004
43.796477,125.290004
43.796477,125.290004
43.796477,125.290004
43.796477,125.290004
43.796477,125.290004
43.796477,125.290004
43.796477,125.290004
43.796477,125.290004
43.796477,125.290004
43.796477,125.290004
43.796477,125.290004
43.796477,125.290004
43.796477,125.290004
43.796478,125.290159
43.796478,125.290159
43.796478,125.290159
43.796478,125.290159
43.796478,125.290159
43.796478,125.290159
43.796478,125.290159
43.796478,125.290159
43.796478,125.290159
43.796478,125.290159
43.796478,125.290159
43.796478,125.290159
43.796478,125.290159
43.796478,125.290159
43.796478,125.290159
43.796478,125.290159
43.796478,125.290159
43.796478,125.290159
43.796478,125.290159
43.796478,125.290159
43.796479,125.290327
43.796479,125.290327
43.796479,125.290327
43.796479,125.290327
43.796479,125.290327
43.796479,125.290327
43.796479,125.290327
43.796479,125.290327
43.796479,125.290327
43.796479,125.290327
43.796479,125.290327
43.796479,125.290327
43.796479,125.290327
43.796479,125.290327
43.796479,125.290327
43.796479,125.290327
43.796479,125.290327
43.796479,125.290327
43.796479,125.290327
43.796479,125.290327
43.79648,125.290489
43.79648,125.290489
43.79648,125.290489
43.79648,125.290489
43.79648,125.290489
43.79648,125.290489
43.79648,125.290489
43.79648,125.290489
43.79648,125.290489
43.79648,125.290489
43.79648,125.290489
43.79648,125.290489
43.79648,125.290489
43.79648,125.290489
43.79648,125.290489
43.79648,125.290489
43.79648,125.290489
43.79648,125.290489
43.79648,125.290489
43.79648,125.290489
43.79648,125.290632
43.79648,125.290632
43.79648,125.290632
43.79648,125.290632
43.79648,125.290632
43.79648,125.290632
43.79648,125.290632
43.79648,125.290632
43.79648,125.290632
43.79648,125.290632
43.79648,125.290632
43.79648,125.290632
43.79648,125.290632
43.79648,125.290632
43.79648,125.290632
43.79648,125.290632
43.79648,125.290632
43.79648,125.290632
43.79648,125.290632
43.79648,125.290632
43.79648,125.29077
43.79648,125.29077
43.79648,125.29077
43.79648,125.29077
43.79648,125.29077
43.79648,125.29077
43.79648,125.29077
43.79648,125.29077
43.79648,125.29077
43.79648,125.29077
43.79648,125.29077
43.79648,125.29077
43.79648,125.29077
43.79648,125.29077
43.79648,125.29077
43.79648,125.29077
43.79648,125.29077
43.79648,125.29077
43.79648,125.29077
43.79648,125.29077
43.796481,125.290935
43.796481,125.290935
43.796481,125.290935
43.796481,125.290935
43.796481,125.290935
43.796481,125.290935
43.796481,125.290935
43.796481,125.290935
43.796481,125.290935
43.796481,125.290935
43.796481,125.290935
43.796481,125.290935
43.796481,125.290935
43.796481,125.290935
43.796481,125.290935
43.796481,125.290935
43.796481,125.290935
43.796481,125.290935
43.796481,125.290935
43.796481,125.290935
43.796481,125.29111
43.796481,125.29111
43.796481,125.29111
43.796481,125.29111
43.796481,125.29111
43.796481,125.29111
43.796481,125.29111
43.796481,125.29111
43.796481,125.29111
43.796481,125.29111
43.796481,125.29111
43.796481,125.29111
43.796481,125.29111
43.796481,125.29111
43.796481,125.29111
43.796481,125.29111
43.796481,125.29111
43.796481,125.29111
43.796481,125.29111
43.796481,125.29111
43.796481,125.291305
43.796481,125.291305
43.796481,125.291305
43.796481,125.291305
43.796481,125.291305
43.796481,125.291305
43.796481,125.291305
43.796481,125.291305
43.796481,125.291305
43.796481,125.291305
43.796481,125.291305
43.796481,125.291305
43.796481,125.291305
43.796481,125.291305
43.796481,125.291305
43.796481,125.291305
43.796481,125.291305
43.796481,125.291305
43.796481,125.291305
43.796481,125.291305
43.79648,125.291478
43.79648,125.291478
43.79648,125.291478
43.79648,125.291478
43.79648,125.291478
43.79648,125.291478
43.79648,125.291478
43.79648,125.291478
43.79648,125.291478
43.79648,125.291478
43.79648,125.291478
43.79648,125.291478
43.79648,125.291478
43.79648,125.291478
43.79648,125.291478
43.79648,125.291478
43.79648,125.291478
43.79648,125.291478
43.79648,125.291478
43.79648,125.291478
43.79648,125.291642
43.79648,125.291642
43.79648,125.291642
43.79648,125.291642
43.79648,125.291642
43.79648,125.291642
43.79648,125.291642
43.79648,125.291642
43.79648,125.291642
43.79648,125.291642
43.79648,125.291642
43.79648,125.291642
43.79648,125.291642
43.79648,125.291642
43.79648,125.291642
43.79648,125.291642
43.79648,125.291642
43.79648,125.291642
43.79648,125.291642
43.79648,125.291642
43.79648,125.291798
43.79648,125.291798
43.79648,125.291798
43.79648,125.291798
43.79648,125.291798
43.79648,125.291798
43.79648,125.291798
43.79648,125.291798
43.79648,125.291798
43.79648,125.291798
43.79648,125.291798
43.79648,125.291798
43.79648,125.291798
43.79648,125.291798
43.79648,125.291798
43.79648,125.291798
43.79648,125.291798
43.79648,125.291798
43.79648,125.291798
43.79648,125.291798
43.79648,125.291968
43.79648,125.291968
43.79648,125.291968
43.79648,125.291968
43.79648,125.291968
43.79648,125.291968
43.79648,125.291968
43.79648,125.291968
43.79648,125.291968
43.79648,125.291968
43.79648,125.291968
43.79648,125.291968
43.79648,125.291968
43.79648,125.291968
43.79648,125.291968
43.79648,125.291968
43.79648,125.291968
43.79648,125.291968
43.79648,125.291968
43.79648,125.291968
43.796479,125.292127
43.796479,125.292127
43.796479,125.292127
43.796479,125.292127
43.796479,125.292127
43.796479,125.292127
43.796479,125.292127
43.796479,125.292127
43.796479,125.292127
43.796479,125.292127
43.796479,125.292127
43.796479,125.292127
43.796479,125.292127
43.796479,125.292127
43.796479,125.292127
43.796479,125.292127
43.796479,125.292127
43.796479,125.292127
43.796479,125.292127
43.796479,125.292127
43.796478,125.292273
43.796478,125.292273
43.796478,125.292273
43.796478,125.292273
43.796478,125.292273
43.796478,125.292273
43.796478,125.292273
43.796478,125.292273
43.796478,125.292273
43.796478,125.292273
43.796478,125.292273
43.796478,125.292273
43.796478,125.292273
43.796478,125.292273
43.796478,125.292273
43.796478,125.292273
43.796478,125.292273
43.796478,125.292273
43.796478,125.292273
43.796478,125.292273
43.796479,125.292417
43.796479,125.292417
43.796479,125.292417
43.796479,125.292417
43.796479,125.292417
43.796479,125.292417
43.796479,125.292417
43.796479,125.292417
43.796479,125.292417
43.796479,125.292417
43.796479,125.292417
43.796479,125.292417
43.796479,125.292417
43.796479,125.292417
43.796479,125.292417
43.796479,125.292417
43.796479,125.292417
43.796479,125.292417
43.796479,125.292417
43.796479,125.292417
43.79648,125.292588
43.79648,125.292588
43.79648,125.292588
43.79648,125.292588
43.79648,125.292588
43.79648,125.292588
43.79648,125.292588
43.79648,125.292588
43.79648,125.292588
43.79648,125.292588
43.79648,125.292588
43.79648,125.292588
43.79648,125.292588
43.79648,125.292588
43.79648,125.292588
43.79648,125.292588
43.79648,125.292588
43.79648,125.292588
43.79648,125.292588
43.79648,125.292588
43.79648,125.292767
43.79648,125.292767
43.79648,125.292767
43.79648,125.292767
43.79648,125.292767
43.79648,125.292767
43.79648,125.292767
43.79648,125.292767
43.79648,125.292767
43.79648,125.292767
43.79648,125.292767
43.79648,125.292767
43.79648,125.292767
43.79648,125.292767
43.79648,125.292767
43.79648,125.292767
43.79648,125.292767
43.79648,125.292767
43.79648,125.292767
43.79648,125.292767
43.79648,125.292936
43.79648,125.292936
43.79648,125.292936
43.79648,125.292936
43.79648,125.292936
43.79648,125.292936
43.79648,125.292936
43.79648,125.292936
43.79648,125.292936
43.79648,125.292936
43.79648,125.292936
43.79648,125.292936
43.79648,125.292936
43.79648,125.292936
43.79648,125.292936
43.79648,125.292936
43.79648,125.292936
43.79648,125.292936
43.79648,125.292936
43.79648,125.292936
43.796481,125.293111
43.796481,125.293111
43.796481,125.293111
43.796481,125.293111
43.796481,125.293111
43.796481,125.293111
43.796481,125.293111
43.796481,125.293111
43.796481,125.293111
43.796481,125.293111
43.796481,125.293111
43.796481,125.293111
43.796481,125.293111
43.796481,125.293111
43.796481,125.293111
43.796481,125.293111
43.796481,125.293111
43.796481,125.293111
43.796481,125.293111
43.796481,125.293111
43.796483,125.293282
43.796483,125.293282
43.796483,125.293282
43.796483,125.293282
43.796483,125.293282
43.796483,125.293282
43.796483,125.293282
43.796483,125.293282
43.796483,125.293282
43.796483,125.293282
43.796483,125.293282
43.796483,125.293282
43.796483,125.293282
43.796483,125.293282
43.796483,125.293282
43.796483,125.293282
43.796483,125.293282
43.796483,125.293282
43.796483,125.293282
43.796483,125.293282
43.796484,125.293442
43.796484,125.293442
43.796484,125.293442
43.796484,125.293442
43.796484,125.293442
43.796484,125.293442
43.796484,125.293442
43.796484,125.293442
43.796484,125.293442
43.796484,125.293442
43.796484,125.293442
43.796484,125.293442
43.796484,125.293442
43.796484,125.293442
43.796484,125.293442
43.796484,125.293442
43.796484,125.293442
43.796484,125.293442
43.796484,125.293442
43.796484,125.293442
43.796485,125.293592
43.796485,125.293592
43.796485,125.293592
43.796485,125.293592
43.796485,125.293592
43.796485,125.293592
43.796485,125.293592
43.796485,125.293592
43.796485,125.293592
43.796485,125.293592
43.796485,125.293592
43.796485,125.293592
43.796485,125.293592
43.796485,125.293592
43.796485,125.293592
43.796485,125.293592
43.796485,125.293592
43.796485,125.293592
43.796485,125.293592
43.796485,125.293592
43.796484,125.293748
43.796484,125.293748
43.796484,125.293748
43.796484,125.293748
43.796484,125.293748
43.796484,125.293748
43.796484,125.293748
43.796484,125.293748
43.796484,125.293748
43.796484,125.293748
43.796484,125.293748
43.796484,125.293748
43.796484,125.293748
43.796484,125.293748
43.796484,125.293748
43.796484,125.293748
43.796484,125.293748
43.796484,125.293748
43.796484,125.293748
43.796484,125.293748
43.796485,125.293903
43.796485,125.293903
43.796485,125.293903
43.796485,125.293903
43.796485,125.293903
43.796485,125.293903
43.796485,125.293903
43.796485,125.293903
43.796485,125.293903
43.796485,125.293903
43.796485,125.293903
43.796485,125.293903
43.796485,125.293903
43.796485,125.293903
43.796485,125.293903
43.796485,125.293903
43.796485,125.293903
43.796485,125.293903
43.796485,125.293903
43.796485,125.293903
43.796486,125.294056
43.796486,125.294056
43.796486,125.294056
43.796486,125.294056
43.796486,125.294056
43.796486,125.294056
43.796486,125.294056
43.796486,125.294056
43.796486,125.294056
43.796486,125.294056
43.796486,125.294056
43.796486,125.294056
43.796486,125.294056
43.796486,125.294056
43.796486,125.294056
43.796486,125.294056
43.796486,125.294056
43.796486,125.294056
43.796486,125.294056
43.796486,125.294056
43.796486,125.294182
43.796486,125.294182
43.796486,125.294182
43.796486,125.294182
43.796486,125.294182
43.796486,125.294182
43.796486,125.294182
43.796486,125.294182
43.796486,125.294182
43.796486,125.294182
43.796486,125.294182
43.796486,125.294182
43.796486,125.294182
43.796486,125.294182
43.796486,125.294182
43.796486,125.294182
43.796486,125.294182
43.796486,125.294182
43.796486,125.294182
43.796486,125.294182
43.796485,125.29431
43.796485,125.29431
43.796485,125.29431
43.796485,125.29431
43.796485,125.29431
43.796485,125.29431
43.796485,125.29431
43.796485,125.29431
43.796485,125.29431
43.796485,125.29431
43.796485,125.29431
43.796485,125.29431
43.796485,125.29431
43.796485,125.29431
43.796485,125.29431
43.796485,125.29431
43.796485,125.29431
43.796485,125.29431
43.796485,125.29431
43.796485,125.29431
43.796485,125.294441
43.796485,125.294441
43.796485,125.294441
43.796485,125.294441
43.796485,125.294441
43.796485,125.294441
43.796485,125.294441
43.796485,125.294441
43.796485,125.294441
43.796485,125.294441
43.796485,125.294441
43.796485,125.294441
43.796485,125.294441
43.796485,125.294441
43.796485,125.294441
43.796485,125.294441
43.796485,125.294441
43.796485,125.294441
43.796485,125.294441
43.796485,125.294441
43.796485,125.294564
43.796485,125.294564
43.796485,125.294564
43.796485,125.294564
43.796485,125.294564
43.796485,125.294564
43.796485,125.294564
43.796485,125.294564
43.796485,125.294564
43.796485,125.294564
43.796485,125.294564
43.796485,125.294564
43.796485,125.294564
43.796485,125.294564
43.796485,125.294564
43.796485,125.294564
43.796485,125.294564
43.796485,125.294564
43.796485,125.294564
43.796485,125.294564
43.796486,125.294684
43.796486,125.294684
43.796486,125.294684
43.796486,125.294684
43.796486,125.294684
43.796486,125.294684
43.796486,125.294684
43.796486,125.294684
43.796486,125.294684
43.796486,125.294684
43.796486,125.294684
43.796486,125.294684
43.796486,125.294684
43.796486,125.294684
43.796486,125.294684
43.796486,125.294684
43.796486,125.294684
43.796486,125.294684
43.796486,125.294684
43.796486,125.294684
43.796485,125.2948
43.796485,125.2948
43.796485,125.2948
43.796485,125.2948
43.796485,125.2948
43.796485,125.2948
43.796485,125.2948
43.796485,125.2948
43.796485,125.2948
43.796485,125.2948
43.796485,125.2948
43.796485,125.2948
43.796485,125.2948
43.796485,125.2948
43.796485,125.2948
43.796485,125.2948
43.796485,125.2948
43.796485,125.2948
43.796485,125.2948
43.796485,125.2948
43.796485,125.294909
43.796485,125.294909
43.796485,125.294909
43.796485,125.294909
43.796485,125.294909
43.796485,125.294909
43.796485,125.294909
43.796485,125.294909
43.796485,125.294909
43.796485,125.294909
43.796485,125.294909
43.796485,125.294909
43.796485,125.294909
43.796485,125.294909
43.796485,125.294909
43.796485,125.294909
43.796485,125.294909
43.796485,125.294909
43.796485,125.294909
43.796485,125.294909
43.796486,125.295001
43.796486,125.295001
43.796486,125.295001
43.796486,125.295001
43.796486,125.295001
43.796486,125.295001
43.796486,125.295001
43.796486,125.295001
43.796486,125.295001
43.796486,125.295001
43.796486,125.295001
43.796486,125.295001
43.796486,125.295001
43.796486,125.295001
43.796486,125.295001
43.796486,125.295001
43.796486,125.295001
43.796486,125.295001
43.796486,125.295001
43.796486,125.295001
43.796485,125.295079
43.796485,125.295079
43.796485,125.295079
43.796485,125.295079
43.796485,125.295079
43.796485,125.295079
43.796485,125.295079
43.796485,125.295079
43.796485,125.295079
43.796485,125.295079
43.796485,125.295079
43.796485,125.295079
43.796485,125.295079
43.796485,125.295079
43.796485,125.295079
43.796485,125.295079
43.796485,125.295079
43.796485,125.295079
43.796485,125.295079
43.796485,125.295079
43.796485,125.295151
43.796485,125.295151
43.796485,125.295151
43.796485,125.295151
43.796485,125.295151
43.796485,125.295151
43.796485,125.295151
43.796485,125.295151
43.796485,125.295151
43.796485,125.295151
43.796485,125.295151
43.796485,125.295151
43.796485,125.295151
43.796485,125.295151
43.796485,125.295151
43.796485,125.295151
43.796485,125.295151
43.796485,125.295151
43.796485,125.295151
43.796485,125.295151
43.796485,125.295195
43.796485,125.295195
43.796485,125.295195
43.796485,125.295195
43.796485,125.295195
43.796485,125.295195
43.796485,125.295195
43.796485,125.295195
43.796485,125.295195
43.796485,125.295195
43.796485,125.295195
43.796485,125.295195
43.796485,125.295195
43.796485,125.295195
43.796485,125.295195
43.796485,125.295195
43.796485,125.295195
43.796485,125.295195
43.796485,125.295195
43.796485,125.295195
43.796486,125.295221
43.796486,125.295221
43.796486,125.295221
43.796486,125.295221
43.796486,125.295221
43.796486,125.295221
43.796486,125.295221
43.796486,125.295221
43.796486,125.295221
43.796486,125.295221
43.796486,125.295221
43.796486,125.295221
43.796486,125.295221
43.796486,125.295221
43.796486,125.295225
43.796486,125.295225
43.796486,125.295225
43.796486,125.295225
43.796486,125.295225
43.796486,125.295225
43.796486,125.295225
43.796486,125.295225
43.796486,125.295225
43.796486,125.295225
43.796486,125.295225
43.796486,125.295225
43.796486,125.295225
43.796486,125.295225
43.796486,125.295225
43.796486,125.295225
43.796486,125.295225
43.796486,125.295225
43.796486,125.295225
43.796486,125.295225
43.796486,125.295225
43.796486,125.295225
43.796486,125.295225
43.796486,125.295225
43.796486,125.295225
43.796486,125.295225
43.796486,125.295225
43.796486,125.295225
43.796486,125.295225
43.796486,125.295225
43.796486,125.295225
43.796486,125.295225
43.796486,125.295225
43.796486,125.295225
43.796486,125.295225
43.796486,125.295225
43.796486,125.295225
43.796486,125.295225
43.796486,125.295225
43.796486,125.295225
43.796486,125.295225
43.796486,125.295225
43.796486,125.295225
43.796486,125.295225
43.796486,125.295225
43.796486,125.295225
43.796486,125.295225
43.796486,125.295225
43.796486,125.295225
43.796486,125.295225
43.796486,125.295225
43.796486,125.295225
43.796486,125.295225
43.796486,125.295225
43.796486,125.295225
43.796486,125.295225
43.796486,125.295225
43.796486,125.295225
43.796486,125.295225
43.796486,125.295225
43.796486,125.295225
43.796486,125.295225
43.796486,125.295225
43.796486,125.295225
43.796486,125.295225
43.796486,125.295225
43.796486,125.295225
43.796486,125.295225
43.796486,125.295225
43.796486,125.295225
43.796486,125.295225
43.796486,125.295225
43.796486,125.295225
43.796486,125.295225
43.796486,125.295225
43.796486,125.295225
43.796486,125.295225
43.796486,125.295225
43.796486,125.295225
43.796486,125.295225
43.796486,125.295225
43.796486,125.295225
43.796486,125.295225
43.796486,125.295225
43.796486,125.295225
43.796486,125.295225
43.796486,125.295225
43.796486,125.295225
43.796486,125.295225
43.796486,125.295225
43.796486,125.295225
43.796486,125.295225
43.796486,125.295225
43.796486,125.295225
43.796486,125.295225
43.796486,125.295225
43.796486,125.295225
43.796486,125.295225
43.796486,125.295225
43.796486,125.295225
43.796486,125.295225
43.796486,125.295225
43.796486,125.295225
43.796486,125.295225
43.796486,125.295225
43.796486,125.295225
43.796486,125.295225
43.796486,125.295225
43.796486,125.295225
43.796486,125.295225
43.796486,125.295225
43.796486,125.295225
43.796486,125.295225
43.796486,125.295225
43.796486,125.295225
43.796486,125.295225
43.796486,125.295225
43.796486,125.295225
43.796486,125.295225
43.796486,125.295225
43.796486,125.295225
43.796486,125.295225
43.796486,125.295225
43.796486,125.295225
43.796486,125.295225
43.796486,125.295225
43.796486,125.295225
43.796486,125.295225
43.796486,125.295225
43.796486,125.295225
43.796486,125.295225
43.796486,125.295225
43.796486,125.295225
43.796486,125.295225
43.796486,125.295225
43.796486,125.295225
43.796486,125.295225
43.796486,125.295225
43.796486,125.295225
43.796486,125.295225
43.796486,125.295225
43.796486,125.295225
43.796486,125.295225
43.796486,125.295225
43.796486,125.295225
43.796486,125.295225
43.796486,125.295225
43.796486,125.295225
43.796486,125.295225
43.796486,125.295225
43.796486,125.295225
43.796486,125.295225
43.796486,125.295225
43.796486,125.295225
43.796486,125.295225
43.796486,125.295225
43.796486,125.295225
43.796486,125.295225
43.796486,125.295225
43.796486,125.295225
43.796486,125.295225
43.796486,125.295225
43.796486,125.295225
43.796486,125.295225
43.796486,125.295225
43.796486,125.295225
43.796486,125.295225
43.796486,125.295225
43.796486,125.295225
43.796486,125.295225
43.796486,125.295225
43.796486,125.295225
43.796486,125.295225
43.796486,125.295225
43.796486,125.295225
43.796486,125.295225
43.796486,125.295225
43.796486,125.295225
43.796486,125.295225
43.796486,125.295225
43.796486,125.295225
43.796486,125.295225
43.796486,125.295225
43.796486,125.295225
43.796486,125.295225
43.796486,125.295225
43.796486,125.295225
43.796486,125.295225
43.796486,125.295225
43.796486,125.295225
43.796486,125.295225
43.796486,125.295225
43.796486,125.295225
43.796486,125.295225
43.796486,125.295225
43.796486,125.295225
43.796486,125.295225
43.796486,125.295225
43.796486,125.295225
43.796486,125.295225
43.796486,125.295225
43.796486,125.295225
43.796486,125.295225
43.796486,125.295225
43.796486,125.295225
43.796486,125.295225
43.796486,125.295225
43.796486,125.295225
43.796486,125.295225
43.796486,125.295225
43.796486,125.295225
43.796486,125.295225
43.796486,125.295225
43.796486,125.295225
43.796486,125.295225
43.796486,125.295225
43.796486,125.295225
43.796486,125.295225
43.796486,125.295225
43.796486,125.295225
43.796486,125.295225
43.796486,125.295225
43.796486,125.295225
43.796486,125.295225
43.796486,125.295225
43.796486,125.295225
43.796486,125.295225
43.796486,125.295225
43.796486,125.295225
43.796486,125.295225
43.796486,125.295225
43.796486,125.295225
43.796486,125.295225
43.796486,125.295225
43.796486,125.295225
43.796486,125.295225
43.796486,125.295225
43.796486,125.295225
43.796486,125.295225
43.796486,125.295225
43.796486,125.295225
43.796486,125.295225
43.796486,125.295225
43.796486,125.295225
43.796486,125.295225
43.796486,125.295225
43.796486,125.295225
43.796486,125.295225
43.796486,125.295225
43.796486,125.295225
43.796486,125.295225
43.796486,125.295225
43.796486,125.295225
43.796486,125.295225
43.796486,125.295225
43.796486,125.295225
43.796486,125.295225
43.796486,125.295225
43.796486,125.295225
43.796486,125.295225
43.796486,125.295225
43.796486,125.295225
43.796486,125.295225
43.796486,125.295225
43.796486,125.295225
43.796486,125.295225
43.796486,125.295225
43.796486,125.295225
43.796486,125.295225
43.796486,125.295225
43.796486,125.295225
43.796486,125.295225
43.796486,125.295225
43.796486,125.295225
43.796486,125.295225
43.796486,125.295225
43.796486,125.295225
43.796486,125.295225
43.796486,125.295225
43.796486,125.295225
43.796486,125.295225
43.796486,125.295225
43.796486,125.295225
43.796486,125.295225
43.796486,125.295225
43.796486,125.295225
43.796486,125.295225
43.796486,125.295225
43.796486,125.295225
43.796486,125.295225
43.796486,125.295225
43.796486,125.295225
43.796486,125.295225
43.796486,125.295225
43.796486,125.295225
43.796486,125.295225
43.796486,125.295225
43.796486,125.295225
43.796486,125.295225
43.796486,125.295225
43.796486,125.295225
43.796486,125.295225
43.796486,125.295225
43.796486,125.295225
43.796486,125.295225
43.796486,125.295225
43.796486,125.295225
43.796486,125.295225
43.796486,125.295225
43.796486,125.295225
43.796486,125.295225
43.796486,125.295225
43.796486,125.295225
43.796486,125.295225
43.796486,125.295225
43.796486,125.295225
43.796486,125.295225
43.796486,125.295225
43.796486,125.295225
43.796486,125.295225
43.796486,125.295225
43.796486,125.295225
43.796486,125.295225
43.796486,125.295225
43.796486,125.295225
43.796486,125.295225
43.796486,125.295225
43.796486,125.295225
43.796486,125.295225
43.796486,125.295225
43.796486,125.295225
43.796486,125.295225
43.796486,125.295225
43.796486,125.295225
43.796486,125.295225
43.796486,125.295225
43.796486,125.295225
43.796486,125.295225
43.796486,125.295225
43.796486,125.295225
43.796486,125.295225
43.796486,125.295225
43.796486,125.295225
43.796486,125.295225
43.796486,125.295225
43.796486,125.295225
43.796486,125.295225
43.796486,125.295225
43.796486,125.295225
43.796486,125.295225
43.796486,125.295225
43.796486,125.295225
43.796486,125.295225
43.796486,125.295225
43.796486,125.295225
43.796486,125.295225
43.796486,125.295225
43.796486,125.295225
43.796486,125.295225
43.796486,125.295225
43.796486,125.295225
43.796486,125.295225
43.796486,125.295225
43.796486,125.295225
43.796486,125.295225
43.796486,125.295225
43.796486,125.295225
43.796486,125.295225
43.796486,125.295225
43.796486,125.295225
43.796486,125.295225
43.796486,125.295225
43.796486,125.295225
43.796486,125.295225
43.796486,125.295225
43.796486,125.295225
43.796486,125.295225
43.796486,125.295225
43.796486,125.295225
43.796486,125.295225
43.796486,125.295225
43.796486,125.295225
43.796486,125.295225
43.796486,125.295225
43.796486,125.295225
43.796486,125.295225
43.796486,125.295225
43.796486,125.295225
43.796486,125.295225
43.796486,125.295225
43.796486,125.295225
43.796486,125.295225
43.796486,125.295225
43.796486,125.295225
43.796486,125.295225
43.796486,125.295225
43.796486,125.295225
43.796486,125.295225
43.796486,125.295225
43.796486,125.295225
43.796486,125.295225
43.796486,125.295225
43.796486,125.295225
43.796486,125.295225
43.796486,125.295225
43.796486,125.295225
43.796486,125.295225
43.796486,125.295225
43.796486,125.295225
43.796486,125.295225
43.796486,125.295225
43.796486,125.295225
43.796486,125.295225
43.796486,125.295225
43.796486,125.295225
43.796486,125.295225
43.796486,125.295225
43.796486,125.295225
43.796486,125.295225
43.796486,125.295225
43.796486,125.295225
43.796486,125.295225
43.796486,125.295225
43.796486,125.295225
43.796486,125.295225
43.796486,125.295225
43.796486,125.295225
43.796486,125.295225
43.796486,125.295225
43.796486,125.295225
43.796486,125.295225
43.796486,125.295225
43.796486,125.295225
43.796486,125.295225
43.796486,125.295225
43.796486,125.295225
43.796486,125.295225
43.796486,125.295225
43.796486,125.295225
43.796486,125.295225
43.796486,125.295225
43.796486,125.295225
43.796486,125.295225
43.796486,125.295225
43.796486,125.295225
43.796486,125.295225
43.796486,125.295225
43.796486,125.295225
43.796486,125.295225
43.796486,125.295225
43.796486,125.295225
43.796486,125.295225
43.796486,125.295225
43.796486,125.295225
43.796486,125.295225
43.796486,125.295225
43.796486,125.295225
43.796486,125.295225
43.796486,125.295225
43.796486,125.295225
43.796486,125.295225
43.796486,125.295225
43.796486,125.295225
43.796486,125.295225
43.796486,125.295225
43.796486,125.295225
43.796486,125.295225
43.796486,125.295225
43.796486,125.295225
43.796486,125.295225
43.796486,125.295225
43.796486,125.295225
43.796486,125.295225
43.796486,125.295225
43.796486,125.295225
43.796486,125.295225
43.796486,125.295225
43.796486,125.295225
43.796486,125.295225
43.796486,125.295225
43.796486,125.295225
43.796486,125.295225
43.796486,125.295225
43.796486,125.295225
43.796486,125.295225
43.796486,125.295225
43.796486,125.295225
43.796486,125.295225
43.796486,125.295225
43.796486,125.295225
43.796486,125.295225
43.796486,125.295225
43.796486,125.295225
43.796486,125.295225
43.796486,125.295225
43.796486,125.295225
43.796486,125.295225
43.796486,125.295225
43.796486,125.295225
43.796486,125.295225
43.796486,125.295225
43.796486,125.295225
43.796486,125.295225
43.796486,125.295225
43.796486,125.295225
43.796486,125.295225
43.796486,125.295225
43.796486,125.295225
43.796486,125.295225
43.796486,125.295225
43.796486,125.295225
43.796486,125.295225
43.796486,125.295225
43.796486,125.295225
43.796486,125.295225
43.796486,125.295225
43.796486,125.295225
43.796486,125.295225
43.796486,125.295225
43.796486,125.295225
43.796486,125.295225
43.796486,125.295225
43.796486,125.295225
43.796486,125.295225
43.796486,125.295225
43.796486,125.295225
43.796486,125.295225
43.796486,125.295225
43.796486,125.295225
43.796486,125.295225
43.796486,125.295225
43.796486,125.295225
43.796486,125.295225
43.796486,125.295225
43.796486,125.295225
43.796486,125.295225
43.796486,125.295225
43.796486,125.295225
43.796486,125.295225
43.796486,125.295225
43.796486,125.295225
43.796486,125.295225
43.796486,125.295225
43.796486,125.295225
43.796486,125.295225
43.796486,125.295225
43.796486,125.295225
43.796486,125.295225
43.796486,125.295225
43.796486,125.295225
43.796486,125.295225
43.796486,125.295225
43.796486,125.295225
43.796486,125.295225
43.796486,125.295225
43.796486,125.295225
43.796486,125.295225
43.796486,125.295225
43.796486,125.295225
43.796486,125.295225
43.796486,125.295225
43.796486,125.295225
43.796486,125.295225
43.796486,125.295225
43.796486,125.295225
43.796486,125.295225
43.796486,125.295225
43.796486,125.295225
43.796486,125.295225
43.796486,125.295225
43.796486,125.295225
43.796486,125.295225
43.796486,125.295225
43.796486,125.295225
43.796486,125.295225
43.796486,125.295225
43.796486,125.295225
43.796486,125.295225
43.796486,125.295225
43.796486,125.295225
43.796486,125.295225
43.796486,125.295225
43.796486,125.295225
43.796486,125.295225
43.796486,125.295225
43.796486,125.295225
43.796486,125.295225
43.796486,125.295225
43.796486,125.295225
43.796486,125.295225
43.796486,125.295225
43.796486,125.295225
43.796486,125.295225
43.796486,125.295225
43.796486,125.295225
43.796486,125.295225
43.796486,125.295225
43.796486,125.295225
43.796486,125.295225
43.796486,125.295225
43.796486,125.295225
43.796486,125.295225
43.796486,125.295225
43.796486,125.295225
43.796486,125.295225
43.796486,125.295225
43.796486,125.295225
43.796486,125.295225
43.796486,125.295225
43.796486,125.295225
43.796486,125.295225
43.796486,125.295225
43.796486,125.295225
43.796486,125.295225
43.796486,125.295225
43.796486,125.295225
43.796486,125.295225
43.796486,125.295225
43.796486,125.295225
43.796486,125.295225
43.796486,125.295225
43.796486,125.295225
43.796486,125.295225
43.796486,125.295225
43.796486,125.295225
43.796486,125.295225
43.796486,125.295225
43.796486,125.295225
43.796486,125.295225
43.796486,125.295225
43.796486,125.295225
43.796486,125.295225
43.796486,125.295225
43.796486,125.295225
43.796486,125.295225
43.796486,125.295225
43.796486,125.295225
43.796486,125.295225
43.796486,125.295225
43.796486,125.295225
43.796486,125.295225
43.796486,125.295225
43.796486,125.295225
43.796486,125.295225
43.796486,125.295225
43.796486,125.295225
43.796486,125.295225
43.796486,125.295225
43.796486,125.295225
43.796486,125.295225
43.796486,125.295225
43.796486,125.295225
43.796486,125.295225
43.796486,125.295225
43.796486,125.295225
43.796486,125.295225
43.796486,125.295225
43.796486,125.295225
43.796486,125.295225
43.796486,125.295225
43.796486,125.295225
43.796486,125.295225
43.796486,125.295225
43.796486,125.295225
43.796486,125.295225
43.796486,125.295225
43.796486,125.295225
43.796486,125.295225
43.796486,125.295225
43.796486,125.295225
43.796486,125.295225
43.796486,125.295225
43.796486,125.295225
43.796486,125.295225
43.796486,125.295225
43.796486,125.295225
43.796486,125.295225
43.796486,125.295225
43.796486,125.295225
43.796486,125.295225
43.796486,125.295225
43.796486,125.295225
43.796486,125.295225
43.796486,125.295225
43.796486,125.295225
43.796486,125.295225
43.796486,125.295225
43.796486,125.295225
43.796486,125.295225
43.796486,125.295225
43.796486,125.295225
43.796486,125.295225
43.796486,125.295225
43.796486,125.295225
43.796486,125.295225
43.796486,125.295225
43.796486,125.295225
43.796486,125.295225
43.796486,125.295225
43.796486,125.295225
43.796486,125.295225
43.796486,125.295225
43.796486,125.295225
43.796486,125.295225
43.796486,125.295225
43.796486,125.295225
43.796486,125.295225
43.796486,125.295225
43.796486,125.295225
43.796486,125.295225
43.796486,125.295225
43.796486,125.295225
43.796486,125.295225
43.796486,125.295225
43.796486,125.295225
43.796486,125.295225
43.796486,125.295225
43.796486,125.295225
43.796486,125.295225
43.796486,125.295225
43.796486,125.295225
43.796486,125.295225
43.796486,125.295225
43.796486,125.295225
43.796486,125.295225
43.796486,125.295225
43.796486,125.295225
43.796486,125.295225
43.796486,125.295225
43.796486,125.295225
43.796486,125.295225
43.796486,125.295225
43.796486,125.295225
43.796486,125.295225
43.796486,125.295225
43.796486,125.295225
43.796486,125.295225
43.796486,125.295225
43.796486,125.295225
43.796486,125.295225
43.796486,125.295225
43.796486,125.295225
43.796486,125.295225
43.796486,125.295225
43.796486,125.295225
43.796486,125.295225
43.796486,125.295225
43.796486,125.295225
43.796486,125.295225
43.796486,125.295225
43.796486,125.295225
43.796486,125.295225
43.796486,125.295225
43.796486,125.295225
43.796486,125.295225
43.796486,125.295225
43.796486,125.295225
43.796486,125.295225
43.796486,125.295225
43.796486,125.295225
43.796486,125.295225
43.796486,125.295225
43.796486,125.295225
43.796486,125.295225
43.796486,125.295225
43.796486,125.295225
43.796486,125.295225
43.796486,125.295225
43.796486,125.295225
43.796486,125.295225
43.796486,125.295225
43.796486,125.295225
43.796486,125.295225
43.796486,125.295225
43.796486,125.295225
43.796486,125.295225
43.796486,125.295225
43.796486,125.295225
43.796486,125.295225
43.796486,125.295225
43.796486,125.295225
43.796486,125.295225
43.796486,125.295225
43.796486,125.295225
43.796486,125.295225
43.796486,125.295225
43.796486,125.295225
43.796486,125.295225
43.796486,125.295225
43.796486,125.295225
43.796486,125.295225
43.796486,125.295225
43.796486,125.295225
43.796486,125.295225
43.796486,125.295225
43.796486,125.295225
43.796486,125.295225
43.796486,125.295225
43.796486,125.295225
43.796486,125.295225
43.796486,125.295225
43.796486,125.295225
43.796486,125.295225
43.796486,125.295225
43.796486,125.295225
43.796486,125.295225
43.796486,125.295225
43.796486,125.295225
43.796486,125.295225
43.796486,125.295225
43.796486,125.295225
43.796486,125.295225
43.796486,125.295225
43.796486,125.295225
43.796486,125.295225
43.796486,125.295225
43.796486,125.295225
43.796486,125.295225
43.796486,125.295225
43.796486,125.295225
43.796486,125.295225
43.796486,125.295225
43.796486,125.295225
43.796486,125.295225
43.796486,125.295225
43.796486,125.295225
43.796486,125.295225
43.796486,125.295225
43.796486,125.295225
43.796486,125.295225
43.796486,125.295225
43.796486,125.295225
43.796486,125.295225
43.796486,125.295225
43.796486,125.295225
43.796486,125.295225
43.796486,125.295225
43.796486,125.295225
43.796486,125.295225
43.796486,125.295225
43.796486,125.295225
43.796486,125.295225
43.796486,125.295225
43.796486,125.295225
43.796486,125.295225
43.796486,125.295225
43.796486,125.295225
43.796486,125.295225
43.796486,125.295225
43.796486,125.295225
43.796486,125.295225
43.796486,125.295225
43.796486,125.295225
43.796486,125.295225
43.796486,125.295225
43.796486,125.295225
43.796486,125.295225
43.796486,125.295225
43.796486,125.295225
43.796486,125.295225
43.796486,125.295225
43.796486,125.295225
43.796486,125.295225
43.796486,125.295225
43.796486,125.295225
43.796486,125.295225
43.796486,125.295225
43.796486,125.295225
43.796486,125.295225
43.796486,125.295225
43.796486,125.295225
43.796486,125.295225
43.796486,125.295225
43.796486,125.295225
43.796486,125.295225
43.796486,125.295225
43.796486,125.295225
43.796486,125.295225
43.796486,125.295225
43.796486,125.295225
43.796486,125.295225
43.796486,125.295225
43.796486,125.295225
43.796486,125.295225
43.796486,125.295225
43.796486,125.295225
43.796486,125.295225
43.796486,125.295225
43.796486,125.295225
43.796486,125.295225
43.796486,125.295225
43.796486,125.295225
43.796486,125.295225
43.796486,125.295225
43.796486,125.295225
43.796486,125.295225
43.796486,125.295225
43.796486,125.295225
43.796486,125.295225
43.796486,125.295225
43.796486,125.295225
43.796486,125.295225
43.796486,125.295225
43.796486,125.295225
43.796486,125.295225
43.796486,125.295225
43.796486,125.295225
43.796486,125.295225
43.796486,125.295225
43.796486,125.295225
43.796486,125.295225
43.796486,125.295225
43.796486,125.295225
43.796486,125.295225
43.796486,125.295225
43.796486,125.295225
43.796486,125.295225
43.796486,125.295225
43.796486,125.295225
43.796486,125.295225
43.796486,125.295225
43.796486,125.295225
43.796486,125.295225
43.796486,125.295225
43.796486,125.295225
43.796486,125.295225
43.796486,125.295225
43.796486,125.295225
43.796486,125.295225
43.796486,125.295225
43.796486,125.295225
43.796486,125.295225
43.796486,125.295225
43.796486,125.295225
43.796486,125.295225
43.796486,125.295225
43.796486,125.295225
43.796486,125.295225
43.796486,125.295225
43.796486,125.295225
43.796486,125.295225
43.796486,125.295225
43.796486,125.295225
43.796486,125.295225
43.796486,125.295225
43.796486,125.295225
43.796486,125.295225
43.796486,125.295225
43.796486,125.295225
43.796486,125.295225
43.796486,125.295225
43.796486,125.295225
43.796486,125.295225
43.796486,125.295225
43.796486,125.295225
43.796486,125.295225
43.796486,125.295225
43.796486,125.295225
43.796486,125.295225
43.796486,125.295225
43.796486,125.295225
43.796486,125.295225
43.796486,125.295225
43.796486,125.295225
43.796486,125.295225
43.796486,125.295225
43.796486,125.295225
43.796486,125.295225
43.796486,125.295225
43.796486,125.295225
43.796486,125.295225
43.796486,125.295225
43.796486,125.295225
43.796486,125.295225
43.796486,125.295225
43.796486,125.295225
43.796486,125.295225
43.796486,125.295225
43.796486,125.295225
43.796486,125.295225
43.796486,125.295225
43.796486,125.295225
43.796486,125.295225
43.796486,125.295225
43.796486,125.295225
43.796486,125.295225
43.796486,125.295225
43.796486,125.295225
43.796486,125.295225
43.796486,125.295225
43.796486,125.295225
43.796486,125.295225
43.796486,125.295225
43.796486,125.295225
43.796486,125.295225
43.796486,125.295225
43.796486,125.295225
43.796486,125.295225
43.796486,125.295225
43.796486,125.295225
43.796486,125.295225
43.796486,125.295225
43.796486,125.295225
43.796486,125.295225
43.796486,125.295225
43.796486,125.295225
43.796486,125.295225
43.796486,125.295225
43.796486,125.295225
43.796486,125.295225
43.796486,125.295225
43.796486,125.295225
43.796486,125.295225
43.796486,125.295225
43.796486,125.295225
43.796486,125.295225
43.796486,125.295225
43.796486,125.295225
43.796486,125.295225
43.796486,125.295225
43.796486,125.295225
43.796486,125.295225
43.796486,125.295225
43.796486,125.295225
43.796486,125.295225
43.796486,125.295225
43.796486,125.295225
43.796486,125.295225
43.796486,125.295225
43.796486,125.295225
43.796486,125.295225
43.796486,125.295225
43.796486,125.295225
43.796486,125.295225
43.796486,125.295225
43.796486,125.295225
43.796486,125.295225
43.796486,125.295225
43.796486,125.295225
43.796486,125.295225
43.796486,125.295225
43.796486,125.295225
43.796486,125.295225
43.796486,125.295225
43.796486,125.295225
43.796486,125.295225
43.796486,125.295225
43.796486,125.295225
43.796486,125.295225
43.796486,125.295225
43.796486,125.295225
43.796486,125.295225
43.796486,125.295225
43.796486,125.295225
43.796486,125.295225
43.796486,125.295225
43.796486,125.295225
43.796486,125.295225
43.796486,125.295225
43.796486,125.295225
43.796486,125.295225
43.796486,125.295225
43.796486,125.295225
43.796486,125.295225
43.796486,125.295225
43.796486,125.295225
43.796486,125.295225
43.796486,125.295225
43.796486,125.295225
43.796486,125.295225
43.796486,125.295225
43.796486,125.295225
43.796486,125.295225
43.796486,125.295225
43.796486,125.295225
43.796486,125.295225
43.796486,125.295225
43.796486,125.295225
43.796486,125.295225
43.796486,125.295225
43.796486,125.295225
43.796486,125.295225
43.796486,125.295225
43.796486,125.295225
43.796486,125.295225
43.796486,125.295225
43.796486,125.295225
43.796486,125.295225
43.796486,125.295225
43.796486,125.295225
43.796486,125.295225
43.796486,125.295225
43.796486,125.295225
43.796486,125.295225
43.796486,125.295225
43.796486,125.295225
43.796486,125.295225
43.796486,125.295225
43.796486,125.295225
43.796486,125.295225
43.796486,125.295225
43.796486,125.295225
43.796486,125.295225
43.796486,125.295225
43.796486,125.295225
43.796486,125.295225
43.796486,125.295225
43.796486,125.295225
43.796486,125.295225
43.796486,125.295225
43.796486,125.295225
43.796486,125.295225
43.796486,125.295225
43.796486,125.295225
43.796486,125.295225
43.796486,125.295225
43.796486,125.295225
43.796486,125.295225
43.796486,125.295225
43.796486,125.295225
43.796486,125.295225
43.796486,125.295225
43.796486,125.295225
43.796486,125.295225
43.796486,125.295225
43.796486,125.295225
43.796486,125.295225
43.796486,125.295225
43.796486,125.295225
43.796486,125.295225
43.796486,125.295225
43.796486,125.295225
43.796486,125.295225
43.796486,125.295225
43.796486,125.295225
43.796486,125.295225
43.796486,125.295225
43.796486,125.295225
43.796486,125.295225
43.796486,125.295225
43.796486,125.295225
43.796486,125.295225
43.796486,125.295225
43.796486,125.295225
43.796486,125.295225
43.796486,125.295225
43.796486,125.295225
43.796486,125.295225
43.796486,125.295225
43.796486,125.295225
43.796486,125.295225
43.796486,125.295225
43.796486,125.295225
43.796486,125.295225
43.796486,125.295225
43.796486,125.295225
43.796486,125.295225
43.796486,125.295225
43.796486,125.295225
43.796486,125.295225
43.796486,125.295225
43.796486,125.295225
43.796486,125.295225
43.796486,125.295225
43.796486,125.295225
43.796486,125.295225
43.796486,125.295225
43.796486,125.295225
43.796486,125.295225
43.796486,125.295225
43.796486,125.295225
43.796486,125.295225
43.796486,125.295225
43.796486,125.295225
43.796486,125.295225
43.796486,125.295225
43.796486,125.295225
43.796486,125.295225
43.796486,125.295225
43.796486,125.295225
43.796486,125.295225
43.796486,125.295225
43.796486,125.295225
43.796486,125.295225
43.796486,125.295225
43.796486,125.295225
43.796486,125.295225
43.796486,125.295225
43.796486,125.295225
43.796486,125.295225
43.796486,125.295225
43.796486,125.295225
43.796486,125.295225
43.796486,125.295225
43.796486,125.295225
43.796486,125.295225
43.796486,125.295225
43.796486,125.295225
43.796486,125.295225
43.796486,125.295225
43.796486,125.295225
43.796486,125.295225
43.796486,125.295225
43.796486,125.295225
43.796486,125.295225
43.796486,125.295225
43.796486,125.295225
43.796486,125.295225
43.796486,125.295225
43.796486,125.295225
43.796486,125.295225
43.796486,125.295225
43.796486,125.295225
43.796486,125.295225
43.796486,125.295225
43.796486,125.295225
43.796486,125.295225
43.796486,125.295225
43.796486,125.295225
43.796486,125.295225
43.796486,125.295225
43.796486,125.295225
43.796486,125.295225
43.796486,125.295225
43.796486,125.295225
43.796486,125.295225
43.796486,125.295225
43.796486,125.295225
43.796486,125.295225
43.796486,125.295225
43.796486,125.295225
43.796486,125.295225
43.796486,125.295225
43.796486,125.295225
43.796486,125.295225
43.796486,125.295225
43.796486,125.295225
43.796486,125.295225
43.796486,125.295225
43.796486,125.295225
43.796486,125.295225
43.796486,125.295225
43.796486,125.295225
43.796486,125.295225
43.796486,125.295225
43.796486,125.295225
43.796486,125.295225
43.796486,125.295225
43.796486,125.295225
43.796486,125.295225
43.796486,125.295225
43.796486,125.295225
43.796486,125.295225
43.796486,125.295225
43.796486,125.295225
43.796486,125.295225
43.796486,125.295225
43.796486,125.295225
43.796486,125.295225
43.796486,125.295225
43.796486,125.295225
43.796486,125.295225
43.796486,125.295225
43.796486,125.295225
43.796486,125.295225
43.796486,125.295225
43.796486,125.295225
43.796486,125.295225
43.796486,125.295225
43.796486,125.295225
43.796486,125.295225
43.796486,125.295225
43.796486,125.295225
43.796486,125.295225
43.796486,125.295225
43.796486,125.295225
43.796486,125.295225
43.796486,125.295225
43.796486,125.295225
43.796486,125.295225
43.796486,125.295225
43.796486,125.295225
43.796486,125.295225
43.796486,125.295225
43.796486,125.295225
43.796486,125.295225
43.796486,125.295225
43.796486,125.295225
43.796486,125.295225
43.796486,125.295225
43.796486,125.295225
43.796486,125.295225
43.796486,125.295225
43.796486,125.295225
43.796486,125.295225
43.796486,125.295225
43.796486,125.295225
43.796486,125.295225
43.796486,125.295225
43.796486,125.295225
43.796486,125.295225
43.796486,125.295225
43.796486,125.295225
43.796486,125.295225
43.796486,125.295225
43.796486,125.295225
43.796486,125.295225
43.796486,125.295225
43.796486,125.295225
43.796486,125.295225
43.796486,125.295225
43.796486,125.295225
43.796486,125.295225
43.796486,125.295225
43.796486,125.295225
43.796486,125.295225
43.796486,125.295225
43.796486,125.295225
43.796486,125.295225
43.796486,125.295225
43.796486,125.295225
43.796486,125.295225
43.796486,125.295225
43.796486,125.295225
43.796486,125.295225
43.796486,125.295225
43.796486,125.295225
43.796486,125.295225
43.796486,125.295225
43.796486,125.295225
43.796486,125.295225
43.796486,125.295225
43.796486,125.295225
43.796486,125.295225
43.796486,125.295225
43.796486,125.295225
43.796486,125.295225
43.796486,125.295225
43.796486,125.295225
43.796486,125.295225
43.796486,125.295225
43.796486,125.295225
43.796486,125.295225
43.796486,125.295225
43.796486,125.295225
43.796486,125.295225
43.796486,125.295225
43.796486,125.295225
43.796486,125.295225
43.796486,125.295225
43.796486,125.295225
43.796486,125.295225
43.796486,125.295225
43.796486,125.295225
43.796486,125.295225
43.796486,125.295225
43.796486,125.295225
43.796486,125.295225
43.796486,125.295225
43.796486,125.295225
43.796486,125.295225
43.796486,125.295225
43.796486,125.295225
43.796486,125.295225
43.796486,125.295225
43.796486,125.295225
43.796486,125.295225
43.796486,125.295225
43.796486,125.295225
43.796486,125.295225
43.796486,125.295225
43.796486,125.295225
43.796486,125.295225
43.796486,125.295225
43.796486,125.295225
43.796486,125.295225
43.796486,125.295225
43.796486,125.295225
43.796486,125.295225
43.796486,125.295225
43.796486,125.295225
43.796486,125.295225
43.796486,125.295225
43.796486,125.295225
43.796486,125.295225
43.796486,125.295225
43.796486,125.295225
43.796486,125.295225
43.796486,125.295225
43.796486,125.295225
43.796486,125.295225
43.796486,125.295225
43.796486,125.295225
43.796486,125.295225
43.796486,125.295225
43.796486,125.295225
43.796486,125.295225
43.796486,125.295225
43.796486,125.295225
43.796486,125.295225
43.796486,125.295225
43.796486,125.295225
43.796486,125.295225
43.796486,125.295225
43.796486,125.295225
43.796486,125.295225
43.796486,125.295225
43.796486,125.295225
43.796486,125.295225
43.796486,125.295225
43.796486,125.295225
43.796486,125.295225
43.796486,125.295225
43.796486,125.295225
43.796486,125.295225
43.796486,125.295225
43.796486,125.295225
43.796486,125.295225
43.796486,125.295225
43.796486,125.295225
43.796486,125.295225
43.796486,125.295225
43.796486,125.295225
43.796486,125.295225
43.796486,125.295225
43.796486,125.295225
43.796486,125.295225
43.796486,125.295225
43.796486,125.295225
43.796486,125.295225
43.796486,125.295225
43.796486,125.295225
43.796486,125.295225
43.796486,125.295225
43.796486,125.295225
43.796486,125.295225
43.796486,125.295225
43.796486,125.295225
43.796486,125.295225
43.796486,125.295225
43.796486,125.295225
43.796486,125.295225
43.796486,125.295225
43.796486,125.295225
43.796486,125.295225
43.796486,125.295225
43.796486,125.295225
43.796486,125.295225
43.796486,125.295225
43.796486,125.295225
43.796486,125.295225
43.796486,125.295225
43.796486,125.295225
43.796486,125.295225
43.796486,125.295225
43.796486,125.295225
43.796486,125.295225
43.796486,125.295225
43.796486,125.295225
43.796486,125.295225
43.796486,125.295225
43.796486,125.295225
43.796486,125.295225
43.796486,125.295225
43.796486,125.295225
43.796486,125.295225
43.796486,125.295225
43.796486,125.295225
43.796486,125.295225
43.796486,125.295225
43.796486,125.295225
43.796486,125.295225
43.796486,125.295225
43.796486,125.295225
43.796486,125.295225
43.796486,125.295225
43.796486,125.295225
43.796486,125.295225
43.796486,125.295225
43.796486,125.295225
43.796486,125.295225
43.796486,125.295225
43.796486,125.295225
43.796486,125.295225
43.796486,125.295225
43.796486,125.295225
43.796486,125.295225
43.796486,125.295225
43.796486,125.295225
43.796486,125.295225
43.796486,125.295225
43.796486,125.295225
43.796486,125.295225
43.796486,125.295225
43.796486,125.295225
43.796486,125.295225
43.796486,125.295225
43.796486,125.295225
43.796486,125.295225
43.796486,125.295225
43.796486,125.295225
43.796486,125.295225
43.796486,125.295225
43.796486,125.295225
43.796486,125.295225
43.796486,125.295225
43.796486,125.295225
43.796486,125.295225
43.796486,125.295225
43.796486,125.295225
43.796486,125.295225
43.796486,125.295225
43.796486,125.295225
43.796486,125.295225
43.796486,125.295225
43.796486,125.295225
43.796486,125.295225
43.796486,125.295225
43.796486,125.295225
43.796486,125.295225
43.796486,125.295225
43.796486,125.295225
43.796486,125.295225
43.796486,125.295225
43.796486,125.295225
43.796486,125.295225
43.796486,125.295225
43.796486,125.295225
43.796486,125.295225
43.796486,125.295225
43.796486,125.295225
43.796486,125.295225
43.796486,125.295225
43.796486,125.295225
43.796486,125.295225
43.796486,125.295225
43.796486,125.295225
43.796486,125.295225
43.796486,125.295225
43.796486,125.295225
43.796486,125.295225
43.796486,125.295225
43.796486,125.295225
43.796486,125.295225
43.796486,125.295225
43.796486,125.295225
43.796486,125.295225
43.796486,125.295225
43.796486,125.295225
43.796486,125.295225
43.796486,125.295225
43.796486,125.295225
43.796486,125.295225
43.796486,125.295225
43.796486,125.295225
43.796486,125.295225
43.796486,125.295225
43.796486,125.295225
43.796486,125.295225
43.796486,125.295225
43.796486,125.295225
43.796486,125.295225
43.796486,125.295225
43.796486,125.295225
43.796486,125.295225
43.796486,125.295225
43.796486,125.295225
43.796486,125.295225
43.796486,125.295225
43.796486,125.295225
43.796486,125.295225
43.796486,125.295225
43.796486,125.295225
43.796486,125.295225
43.796486,125.295225
43.796486,125.295225
43.796486,125.295225
43.796486,125.295225
43.796486,125.295225
43.796486,125.295225
43.796486,125.295225
43.796486,125.295225
43.796486,125.295225
43.796486,125.295225
43.796486,125.295225
43.796486,125.295225
43.796486,125.295225
43.796486,125.295225
43.796486,125.295225
43.796486,125.295225
43.796486,125.295225
43.796486,125.295225
43.796486,125.295225
43.796486,125.295225
43.796486,125.295225
43.796486,125.295225
43.796486,125.295225
43.796486,125.295225
43.796486,125.295225
43.796486,125.295225
43.796486,125.295225
43.796486,125.295225
43.796486,125.295225
43.796486,125.295225
43.796486,125.295225
43.796486,125.295225
43.796486,125.295225
43.796486,125.295225
43.796486,125.295225
43.796486,125.295225
43.796486,125.295225
43.796486,125.295225
43.796486,125.295225
43.796486,125.295225
43.796486,125.295225
43.796486,125.295225
43.796486,125.295225
43.796486,125.295225
43.796486,125.295225
43.796486,125.295225
43.796486,125.295225
43.796486,125.295225
43.796486,125.295225
43.796486,125.295225
43.796486,125.295225
43.796486,125.295225
43.796486,125.295225
43.796486,125.295225
43.796486,125.295225
43.796486,125.295225
43.796486,125.295225
43.796486,125.295225
43.796486,125.295225
43.796486,125.295225
43.796486,125.295225
43.796486,125.295225
43.796486,125.295225
43.796486,125.295225
43.796486,125.295225
43.796486,125.295225
43.796486,125.295225
43.796486,125.295225
43.796486,125.295225
43.796486,125.295225
43.796486,125.295225
43.796486,125.295225
43.796486,125.295225
43.796486,125.295225
43.796486,125.295225
43.796486,125.295225
43.796486,125.295225
43.796486,125.295225
43.796486,125.295225
43.796486,125.295225
43.796486,125.295225
43.796486,125.295225
43.796486,125.295225
43.796486,125.295225
43.796486,125.295225
43.796486,125.295225
43.796486,125.295225
43.796486,125.295225
43.796486,125.295225
43.796486,125.295225
43.796486,125.295225
43.796486,125.295225
43.796486,125.295225
43.796486,125.295225
43.796486,125.295225
43.796486,125.295225
43.796486,125.295225
43.796486,125.295225
43.796486,125.295225
43.796486,125.295225
43.796486,125.295225
43.796486,125.295225
43.796486,125.295225
43.796486,125.295225
43.796486,125.295225
43.796486,125.295225
43.796486,125.295225
43.796486,125.295225
43.796486,125.295225
43.796486,125.295225
43.796486,125.295225
43.796486,125.295225
43.796486,125.295225
43.796486,125.295225
43.796486,125.295225
43.796486,125.295225
43.796486,125.295225
43.796486,125.295225
43.796486,125.295225
43.796486,125.295225
43.796486,125.295225
43.796486,125.295225
43.796486,125.295225
43.796486,125.295225
43.796486,125.295225
43.796486,125.295225
43.796486,125.295225
43.796486,125.295225
43.796486,125.295225
43.796486,125.295225
43.796486,125.295225
43.796486,125.295225
43.796486,125.295225
43.796486,125.295225
43.796486,125.295225
43.796486,125.295225
43.796486,125.295225
43.796486,125.295225
43.796486,125.295225
43.796486,125.295225
43.796486,125.295225
43.796486,125.295225
43.796486,125.295225
43.796486,125.295225
43.796486,125.295225
43.796486,125.295225
43.796486,125.295225
43.796486,125.295225
43.796486,125.295225
43.796486,125.295225
43.796486,125.295225
43.796486,125.295225
43.796486,125.295225
43.796486,125.295225
43.796486,125.295225
43.796486,125.295225
43.796486,125.295225
43.796486,125.295225
43.796486,125.295225
43.796486,125.295225
43.796486,125.295225
43.796486,125.295225
43.796486,125.295225
43.796486,125.295225
43.796486,125.295225
43.796486,125.295225
43.796486,125.295225
43.796486,125.295225
43.796486,125.295225
43.796486,125.295225
43.796486,125.295225
43.796486,125.295225
43.796486,125.295225
43.796486,125.295225
43.796486,125.295225
43.796486,125.295225
43.796486,125.295225
43.796486,125.295225
43.796486,125.295225
43.796486,125.295225
43.796486,125.295225
43.796486,125.295225
43.796486,125.295225
43.796486,125.295225
43.796486,125.295225
43.796486,125.295225
43.796486,125.295225
43.796486,125.295225
43.796486,125.295225
43.796486,125.295225
43.796486,125.295225
43.796486,125.295225
43.796486,125.295225
43.796486,125.295225
43.796486,125.295225
43.796486,125.295225
43.796486,125.295225
43.796486,125.295225
43.796486,125.295225
43.796486,125.295225
43.796486,125.295225
43.796486,125.295225
43.796486,125.295225
43.796486,125.295225
43.796486,125.295225
43.796486,125.295225
43.796486,125.295225
43.796486,125.295225
43.796486,125.295225
43.796486,125.295225
43.796486,125.295225
43.796486,125.295225
43.796486,125.295225
43.796486,125.295225
43.796486,125.295225
43.796486,125.295225
43.796486,125.295225
43.796486,125.295225
43.796486,125.295225
43.796486,125.295225
43.796486,125.295225
43.796486,125.295225
43.796486,125.295225
43.796486,125.295225
43.796486,125.295225
43.796486,125.295225
43.796486,125.295225
43.796486,125.295225
43.796486,125.295225
43.796486,125.295225
43.796486,125.295225
43.796486,125.295225
43.796486,125.295225
43.796486,125.295225
43.796486,125.295225
43.796486,125.295225
43.796486,125.295225
43.796486,125.295225
43.796486,125.295225
43.796486,125.295225
43.796486,125.295225
43.796486,125.295225
43.796486,125.295225
43.796486,125.295225
43.796486,125.295225
43.796486,125.295225
43.796486,125.295225
43.796486,125.295225
43.796486,125.295225
43.796486,125.295225
43.796486,125.295225
43.796486,125.295225
43.796486,125.295225
43.796486,125.295225
43.796486,125.295225
43.796486,125.295225
43.796486,125.295225
43.796486,125.295225
43.796486,125.295225
43.796486,125.295225
43.796486,125.295225
43.796486,125.295225
43.796486,125.295225
43.796486,125.295225
43.796486,125.295225
43.796486,125.295225
43.796486,125.295225
43.796486,125.295225
43.796486,125.295225
43.796486,125.295225
43.796486,125.295225
43.796486,125.295225
43.796486,125.295225
43.796486,125.295225
43.796486,125.295225
43.796486,125.295225
43.796486,125.295225
43.796486,125.295225
43.796486,125.295225
43.796486,125.295225
43.796486,125.295225
43.796486,125.295225
43.796486,125.295225
43.796486,125.295225
43.796486,125.295225
43.796486,125.295225
43.796486,125.295225
43.796486,125.295225
43.796486,125.295225
43.796486,125.295225
43.796486,125.295225
43.796486,125.295225
43.796486,125.295225
43.796486,125.295225
43.796486,125.295225
43.796486,125.295225
43.796486,125.295225
43.796486,125.295225
43.796486,125.295225
43.796486,125.295225
43.796486,125.295225
43.796486,125.295225
43.796486,125.295225
43.796486,125.295225
43.796486,125.295225
43.796486,125.295225
43.796486,125.295225
43.796486,125.295225
43.796486,125.295225
43.796486,125.295225
43.796486,125.295225
43.796486,125.295225
43.796486,125.295225
43.796486,125.295225
43.796486,125.295225
43.796486,125.295225
43.796486,125.295225
43.796486,125.295225
43.796486,125.295225
43.796486,125.295225
43.796486,125.295225
43.796486,125.295225
43.796486,125.295225
43.796486,125.295225
43.796486,125.295225
43.796486,125.295225
43.796486,125.295225
43.796486,125.295225
43.796486,125.295225
43.796486,125.295225
43.796486,125.295225
43.796486,125.295225
43.796486,125.295225
43.796486,125.295225
43.796486,125.295225
43.796486,125.295225
43.796486,125.295225
43.796486,125.295225
43.796486,125.295225
43.796486,125.295225
43.796486,125.295225
43.796486,125.295225
43.796486,125.295225
43.796486,125.295225
43.796486,125.295225
43.796486,125.295225
43.796486,125.295225
43.796486,125.295225
43.796486,125.295225
43.796486,125.295225
43.796486,125.295225
43.796486,125.295225
43.796486,125.295225
43.796486,125.295225
43.796486,125.295225
43.796486,125.295225
43.796486,125.295225
43.796486,125.295225
43.796486,125.295225
43.796486,125.295225
43.796486,125.295225
43.796486,125.295225
43.796486,125.295225
43.796486,125.295225
43.796486,125.295225
43.796486,125.295225
43.796486,125.295225
43.796486,125.295225
43.796486,125.295225
43.796486,125.295225
43.796486,125.295225
43.796486,125.295225
43.796486,125.295225
43.796486,125.295225
43.796486,125.295225
43.796486,125.295225
43.796486,125.295225
43.796486,125.295225
43.796486,125.295225
43.796486,125.295225
43.796486,125.295225
43.796486,125.295225
43.796486,125.295225
43.796486,125.295225
43.796486,125.295225
43.796486,125.295225
43.796486,125.295225
43.796486,125.295225
43.796486,125.295225
43.796486,125.295225
43.796486,125.295225
43.796486,125.295225
43.796486,125.295225
43.796486,125.295225
43.796486,125.295225
43.796486,125.295225
43.796486,125.295225
43.796486,125.295225
43.796486,125.295225
43.796486,125.295225
43.796486,125.295225
43.796486,125.295225
43.796486,125.295225
43.796486,125.295225
43.796486,125.295225
43.796486,125.295225
43.796486,125.295225
43.796486,125.295225
43.796486,125.295225
43.796486,125.295225
43.796486,125.295225
43.796486,125.295225
43.796486,125.295225
43.796486,125.295225
43.796486,125.295225
43.796486,125.295225
43.796486,125.295225
43.796486,125.295225
43.796486,125.295225
43.796486,125.295225
43.796486,125.295225
43.796486,125.295225
43.796486,125.295225
43.796486,125.295225
43.796486,125.295225
43.796486,125.295225
43.796486,125.295225
43.796486,125.295225
43.796486,125.295225
43.796486,125.295225
43.796486,125.295225
43.796486,125.295225
43.796486,125.295225
43.796486,125.295225
43.796486,125.295225
43.796486,125.295225
43.796486,125.295225
43.796486,125.295225
43.796486,125.295225
43.796486,125.295225
43.796486,125.295225
43.796486,125.295225
43.796486,125.295225
43.796486,125.295225
43.796486,125.295225
43.796486,125.295225
43.796486,125.295225
43.796486,125.295225
43.796486,125.295225
43.796486,125.295225
43.796486,125.295225
43.796486,125.295225
43.796486,125.295225
43.796486,125.295225
43.796486,125.295225
43.796486,125.295225
43.796486,125.295225
43.796486,125.295225
43.796486,125.295225
43.796486,125.295225
43.796486,125.295225
43.796486,125.295225
43.796486,125.295225
43.796486,125.295225
43.796486,125.295225
43.796486,125.295225
43.796486,125.295225
43.796486,125.295225
43.796486,125.295225
43.796486,125.295225
43.796486,125.295225
43.796486,125.295225
43.796486,125.295225
43.796486,125.295225
43.796486,125.295225
43.796486,125.295225
43.796486,125.295225
43.796486,125.295225
43.796486,125.295225
43.796486,125.295225
43.796486,125.295225
43.796486,125.295225
43.796486,125.295225
43.796486,125.295225
43.796486,125.295225
43.796486,125.295225
43.796486,125.295225
43.796486,125.295225
43.796486,125.295225
43.796486,125.295225
43.796486,125.295225
43.796486,125.295225
43.796486,125.295225
43.796486,125.295225
43.796486,125.295225
43.796486,125.295225
43.796486,125.295225
43.796486,125.295225
43.796486,125.295225
43.796486,125.295225
43.796486,125.295225
43.796486,125.295225
43.796486,125.295225
43.796486,125.295225
43.796486,125.295225
43.796486,125.295225
43.796486,125.295225
43.796486,125.295225
43.796486,125.295225
43.796486,125.295225
43.796486,125.295225
43.796486,125.295225
43.796486,125.295225
43.796486,125.295225
43.796486,125.295225
43.796486,125.295225
43.796486,125.295225
43.796486,125.295225
43.796486,125.295225
43.796486,125.295225
43.796486,125.295225
43.796486,125.295225
43.796486,125.295225
43.796486,125.295225
43.796486,125.295225
43.796486,125.295225
43.796486,125.295225
43.796486,125.295225
43.796486,125.295225
43.796486,125.295225
43.796486,125.295225
43.796486,125.295225
43.796486,125.295225
43.796486,125.295225
43.796486,125.295225
43.796486,125.295225
43.796486,125.295225
43.796486,125.295225
43.796486,125.295225
43.796486,125.295225
43.796486,125.295225
43.796486,125.295225
43.796486,125.295225
43.796486,125.295225
43.796486,125.295225
43.796486,125.295225
43.796486,125.295225
43.796486,125.295225
43.796486,125.295225
43.796486,125.295225
43.796486,125.295225
43.796486,125.295225
43.796486,125.295225
43.796486,125.295225
43.796486,125.295225
43.796486,125.295225
43.796486,125.295225
43.796486,125.295225
43.796486,125.295225
43.796486,125.295225
43.796486,125.295225
43.796486,125.295225
43.796486,125.295225
43.796486,125.295225
43.796486,125.295225
43.796486,125.295225
43.796486,125.295225
43.796486,125.295225
43.796486,125.295225
43.796486,125.295225
43.796486,125.295225
43.796486,125.295225
43.796486,125.295225
43.796486,125.295225
43.796486,125.295225
43.796486,125.295225
43.796486,125.295225
43.796486,125.295225
43.796486,125.295225
43.796486,125.295225
43.796486,125.295225
43.796486,125.295225
43.796486,125.295225
43.796486,125.295225
43.796486,125.295225
43.796486,125.295225
43.796486,125.295225
43.796486,125.295225
43.796486,125.295225
43.796486,125.295225
43.796486,125.295225
43.796486,125.295225
43.796486,125.295225
43.796486,125.295225
43.796486,125.295225
43.796486,125.295225
43.796486,125.295225
43.796486,125.295225
43.796486,125.295225
43.796486,125.295225
43.796486,125.295225
43.796486,125.295225
43.796486,125.295225
43.796486,125.295225
43.796486,125.295225
43.796486,125.295225
43.796486,125.295225
43.796486,125.295225
43.796486,125.295225
43.796486,125.295225
43.796486,125.295225
43.796486,125.295225
43.796486,125.295225
43.796486,125.295225
43.796486,125.295225
43.796486,125.295225
43.796486,125.295225
43.796486,125.295225
43.796486,125.295225
43.796486,125.295225
43.796486,125.295225
43.796486,125.295225
43.796486,125.295225
43.796486,125.295225
43.796486,125.295225
43.796486,125.295225
43.796486,125.295225
43.796486,125.295225
43.796486,125.295225
43.796486,125.295225
43.796486,125.295225
43.796486,125.295225
43.796486,125.295225
43.796486,125.295225
43.796486,125.295225
43.796486,125.295225
43.796486,125.295225
43.796486,125.295225
43.796486,125.295225
43.796486,125.295225
43.796486,125.295225
43.796486,125.295225
43.796486,125.295225
43.796486,125.295225
43.796486,125.295225
43.796486,125.295225
43.796486,125.295225
43.796486,125.295225
43.796486,125.295225
43.796486,125.295225
43.796486,125.295225
43.796486,125.295225
43.796486,125.295225
43.796486,125.295225
43.796486,125.295225
43.796486,125.295225
43.796486,125.295225
43.796486,125.295225
43.796486,125.295225
43.796486,125.295225
43.796486,125.295225
43.796486,125.295225
43.796486,125.295225
43.796486,125.295225
43.796486,125.295225
43.796486,125.295225
43.796486,125.295225
43.796486,125.295225
43.796486,125.295225
43.796486,125.295225
43.796486,125.295225
43.796486,125.295225
43.796486,125.295225
43.796486,125.295225
43.796486,125.295225
43.796486,125.295225
43.796486,125.295225
43.796486,125.295225
43.796486,125.295225
43.796486,125.295225
43.796486,125.295225
43.796486,125.295225
43.796486,125.295225
43.796486,125.295225
43.796486,125.295225
43.796486,125.295225
43.796486,125.295225
43.796486,125.295225
43.796486,125.295225
43.796486,125.295225
43.796486,125.295225
43.796486,125.295225
43.796486,125.295225
43.796486,125.295225
43.796486,125.295225
43.796486,125.295225
43.796486,125.295225
43.796486,125.295225
43.796486,125.295225
43.796486,125.295225
43.796486,125.295225
43.796486,125.295225
43.796486,125.295225
43.796486,125.295225
43.796486,125.295225
43.796486,125.295225
43.796486,125.295225
43.796486,125.295225
43.796486,125.295225
43.796486,125.295225
43.796486,125.295225
43.796486,125.295225
43.796486,125.295225
43.796486,125.295225
43.796486,125.295225
43.796486,125.295225
43.796486,125.295225
43.796486,125.295225
43.796486,125.295225
43.796486,125.295225
43.796486,125.295225
43.796486,125.295225
43.796486,125.295225
43.796486,125.295225
43.796486,125.295225
43.796486,125.295225
43.796486,125.295225
43.796486,125.295225
43.796486,125.295225
43.796486,125.295225
43.796486,125.295225
43.796486,125.295225
43.796486,125.295225
43.796486,125.295225
43.796486,125.295225
43.796486,125.295225
43.796486,125.295225
43.796486,125.295225
43.796486,125.295225
43.796486,125.295225
43.796486,125.295225
43.796486,125.295225
43.796486,125.295225
43.796486,125.295225
43.796486,125.295225
43.796486,125.295225
43.796486,125.295225
43.796486,125.295225
43.796486,125.295225
43.796486,125.295225
43.796486,125.295225
43.796486,125.295225
43.796486,125.295225
43.796486,125.295225
43.796486,125.295225
43.796486,125.295225
43.796486,125.295225
43.796486,125.295225
43.796486,125.295225
43.796486,125.295225
43.796486,125.295225
43.796486,125.295225
43.796486,125.295225
43.796486,125.295225
43.796486,125.295225
43.796486,125.295225
43.796486,125.295225
43.796486,125.295225
43.796486,125.295225
43.796486,125.295225
43.796486,125.295225
43.796486,125.295225
43.796486,125.295225
43.796486,125.295225
43.796486,125.295225
43.796486,125.295225
43.796486,125.295225
43.796486,125.295225
43.796486,125.295225
43.796486,125.295225
43.796486,125.295225
43.796486,125.295225
43.796486,125.295225
43.796486,125.295225
43.796486,125.295225
43.796486,125.295225
43.796486,125.295225
43.796486,125.295225
43.796486,125.295225
43.796486,125.295225
43.796486,125.295225
43.796486,125.295225
43.796486,125.295225
43.796486,125.295225
43.796486,125.295225
43.796486,125.295225
43.796486,125.295225
43.796486,125.295225
43.796486,125.295225
43.796486,125.295225
43.796486,125.295225
43.796486,125.295225
43.796486,125.295225
43.796486,125.295225
43.796486,125.295225
43.796486,125.295225
43.796486,125.295225
43.796486,125.295225
43.796486,125.295225
43.796486,125.295225
43.796486,125.295225
43.796486,125.295225
43.796486,125.295225
43.796486,125.295225
43.796486,125.295225
43.796486,125.295225
43.796486,125.295225
43.796486,125.295225
43.796486,125.295225
43.796486,125.295225
43.796486,125.295225
43.796486,125.295225
43.796486,125.295225
43.796486,125.295225
43.796486,125.295225
43.796486,125.295225
43.796486,125.295225
43.796486,125.295225
43.796486,125.295225
43.796486,125.295225
43.796486,125.295225
43.796486,125.295225
43.796486,125.295225
43.796486,125.295225
43.796486,125.295225
43.796486,125.295225
43.796486,125.295225
43.796486,125.295225
43.796486,125.295225
43.796486,125.295225
43.796486,125.295225
43.796486,125.295225
43.796486,125.295225
43.796486,125.295225
43.796486,125.295225
43.796486,125.295225
43.796486,125.295225
43.796486,125.295225
43.796486,125.295225
43.796486,125.295225
43.796486,125.295225
43.796486,125.295225
43.796486,125.295225
43.796486,125.295225
43.796486,125.295225
43.796486,125.295225
43.796486,125.295225
43.796486,125.295225
43.796486,125.295225
43.796486,125.295225
43.796486,125.295225
43.796486,125.295225
43.796486,125.295225
43.796486,125.295225
43.796486,125.295225
43.796486,125.295225
43.796486,125.295225
43.796486,125.295225
43.796486,125.295225
43.796486,125.295225
43.796486,125.295225
43.796486,125.295225
43.796486,125.295225
43.796486,125.295225
43.796486,125.295225
43.796486,125.295225
43.796486,125.295225
43.796486,125.295225
43.796486,125.295225
43.796486,125.295225
43.796486,125.295225
43.796486,125.295225
43.796486,125.295225
43.796486,125.295225
43.796486,125.295225
43.796486,125.295225
43.796486,125.295225
43.796486,125.295225
43.796486,125.295225
43.796486,125.295225
43.796486,125.295225
43.796486,125.295225
43.796486,125.295225
43.796486,125.295225
43.796486,125.295225
43.796486,125.295225
43.796486,125.295225
43.796486,125.295225
43.796486,125.295225
43.796486,125.295225
43.796486,125.295225
43.796486,125.295225
43.796486,125.295225
43.796486,125.295225
43.796486,125.295225
43.796486,125.295225
43.796486,125.295225
43.796486,125.295225
43.796486,125.295225
43.796486,125.295225
43.796486,125.295225
43.796486,125.295225
43.796486,125.295225
43.796486,125.295225
43.796486,125.295225
43.796486,125.295225
43.796486,125.295225
43.796486,125.295225
43.796486,125.295225
43.796486,125.295225
43.796486,125.295225
43.796486,125.295225
43.796486,125.295225
43.796486,125.295225
43.796486,125.295225
43.796486,125.295225
43.796486,125.295225
43.796486,125.295225
43.796486,125.295225
43.796486,125.295225
43.796486,125.295225
43.796486,125.295225
43.796486,125.295225
43.796486,125.295225
43.796486,125.295225
43.796486,125.295225
43.796486,125.295225
43.796486,125.295225
43.796486,125.295225
43.796486,125.295225
43.796486,125.295225
43.796486,125.295225
43.796486,125.295225
43.796486,125.295225
43.796486,125.295225
43.796486,125.295225
43.796486,125.295225
43.796486,125.295225
43.796486,125.295225
43.796486,125.295225
43.796486,125.295225
43.796486,125.295225
43.796486,125.295225
43.796486,125.295225
43.796486,125.295225
43.796486,125.295225
43.796486,125.295225
43.796486,125.295225
43.796486,125.295225
43.796486,125.295225
43.796486,125.295225
43.796486,125.295225
43.796486,125.295225
43.796486,125.295225
43.796486,125.295225
43.796486,125.295225
43.796486,125.295225
43.796486,125.295225
43.796486,125.295225
43.796486,125.295225
43.796486,125.295225
43.796486,125.295225
43.796486,125.295225
43.796486,125.295225
43.796486,125.295225
43.796486,125.295225
43.796486,125.295225
43.796486,125.295225
43.796486,125.295225
43.796486,125.295225
43.796486,125.295225
43.796486,125.295225
43.796486,125.295225
43.796486,125.295225
43.796486,125.295225
43.796486,125.295225
43.796486,125.295225
43.796486,125.295225
43.796486,125.295225
43.796486,125.295225
43.796486,125.295225
43.796486,125.295225
43.796486,125.295225
43.796486,125.295225
43.796486,125.295225
43.796486,125.295225
43.796486,125.295225
43.796486,125.295225
43.796486,125.295225
43.796486,125.295225
43.796486,125.295225
43.796486,125.295225
43.796486,125.295225
43.796486,125.295225
43.796486,125.295225
43.796486,125.295225
43.796486,125.295225
43.796486,125.295225
43.796486,125.295225
43.796486,125.295225
43.796486,125.295225
43.796486,125.295225
43.796486,125.295225
43.796486,125.295225
43.796486,125.295225
43.796486,125.295225
43.796486,125.295225
43.796486,125.295225
43.796486,125.295225
43.796486,125.295225
43.796486,125.295225
43.796486,125.295225
43.796486,125.295225
43.796486,125.295225
43.796486,125.295225
43.796486,125.295225
43.796486,125.295225
43.796486,125.295225
43.796486,125.295225
43.796486,125.295225
43.796486,125.295225
43.796486,125.295225
43.796486,125.295225
43.796486,125.295225
43.796486,125.295225
43.796486,125.295225
43.796486,125.295225
43.796486,125.295225
43.796486,125.295225
43.796486,125.295225
43.796486,125.295225
43.796486,125.295225
43.796486,125.295225
43.796486,125.295225
43.796486,125.295225
43.796486,125.295225
43.796486,125.295225
43.796486,125.295225
43.796486,125.295225
43.796486,125.295225
43.796486,125.295225
43.796486,125.295225
43.796486,125.295225
43.796486,125.295225
43.796486,125.295225
43.796486,125.295225
43.796486,125.295225
43.796486,125.295225
43.796486,125.295225
43.796486,125.295225
43.796486,125.295225
43.796486,125.295225
43.796486,125.295225
43.796486,125.295225
43.796486,125.295225
43.796486,125.295225
43.796486,125.295233
43.796486,125.295233
43.796486,125.295233
43.796486,125.295233
43.796486,125.295233
43.796486,125.295233
43.796486,125.295233
43.796486,125.295233
43.796486,125.295233
43.796486,125.295233
43.796486,125.295233
43.796486,125.295233
43.796486,125.295233
43.796486,125.295233
43.796486,125.295233
43.796486,125.295233
43.796486,125.295233
43.796486,125.295233
43.796486,125.295233
43.796486,125.295233
43.796485,125.295253
43.796485,125.295253
43.796485,125.295253
43.796485,125.295253
43.796485,125.295253
43.796485,125.295253
43.796485,125.295253
43.796485,125.295253
43.796485,125.295253
43.796485,125.295253
43.796485,125.295253
43.796485,125.295253
43.796485,125.295253
43.796485,125.295253
43.796485,125.295253
43.796485,125.295253
43.796485,125.295253
43.796485,125.295253
43.796485,125.295253
43.796485,125.295253
43.796485,125.295311
43.796485,125.295311
43.796485,125.295311
43.796485,125.295311
43.796485,125.295311
43.796485,125.295311
43.796485,125.295311
43.796485,125.295311
43.796485,125.295311
43.796485,125.295311
43.796485,125.295311
43.796485,125.295311
43.796485,125.295311
43.796485,125.295311
43.796485,125.295311
43.796485,125.295311
43.796485,125.295311
43.796485,125.295311
43.796485,125.295311
43.796485,125.295311
43.796484,125.295394
43.796484,125.295394
43.796484,125.295394
43.796484,125.295394
43.796484,125.295394
43.796484,125.295394
43.796484,125.295394
43.796484,125.295394
43.796484,125.295394
43.796484,125.295394
43.796484,125.295394
43.796484,125.295394
43.796484,125.295394
43.796484,125.295394
43.796484,125.295394
43.796484,125.295394
43.796484,125.295394
43.796484,125.295394
43.796484,125.295394
43.796484,125.295394
43.796484,125.295503
43.796484,125.295503
43.796484,125.295503
43.796484,125.295503
43.796484,125.295503
43.796484,125.295503
43.796484,125.295503
43.796484,125.295503
43.796484,125.295503
43.796484,125.295503
43.796484,125.295503
43.796484,125.295503
43.796484,125.295503
43.796484,125.295503
43.796484,125.295503
43.796484,125.295503
43.796484,125.295503
43.796484,125.295503
43.796484,125.295503
43.796484,125.295503
43.796483,125.295626
43.796483,125.295626
43.796483,125.295626
43.796483,125.295626
43.796483,125.295626
43.796483,125.295626
43.796483,125.295626
43.796483,125.295626
43.796483,125.295626
43.796483,125.295626
43.796483,125.295626
43.796483,125.295626
43.796483,125.295626
43.796483,125.295626
43.796483,125.295626
43.796483,125.295626
43.796483,125.295626
43.796483,125.295626
43.796483,125.295626
43.796483,125.295626
43.796483,125.295754
43.796483,125.295754
43.796483,125.295754
43.796483,125.295754
43.796483,125.295754
43.796483,125.295754
43.796483,125.295754
43.796483,125.295754
43.796483,125.295754
43.796483,125.295754
43.796483,125.295754
43.796483,125.295754
43.796483,125.295754
43.796483,125.295754
43.796483,125.295754
43.796483,125.295754
43.796483,125.295754
43.796483,125.295754
43.796483,125.295754
43.796483,125.295754
43.796481,125.295905
43.796481,125.295905
43.796481,125.295905
43.796481,125.295905
43.796481,125.295905
43.796481,125.295905
43.796481,125.295905
43.796481,125.295905
43.796481,125.295905
43.796481,125.295905
43.796481,125.295905
43.796481,125.295905
43.796481,125.295905
43.796481,125.295905
43.796481,125.295905
43.796481,125.295905
43.796481,125.295905
43.796481,125.295905
43.796481,125.295905
43.796481,125.295905
43.79648,125.296082
43.79648,125.296082
43.79648,125.296082
43.79648,125.296082
43.79648,125.296082
43.79648,125.296082
43.79648,125.296082
43.79648,125.296082
43.79648,125.296082
43.79648,125.296082
43.79648,125.296082
43.79648,125.296082
43.79648,125.296082
43.79648,125.296082
43.79648,125.296082
43.79648,125.296082
43.79648,125.296082
43.79648,125.296082
43.79648,125.296082
43.79648,125.296082
43.796479,125.296265
43.796479,125.296265
43.796479,125.296265
43.796479,125.296265
43.796479,125.296265
43.796479,125.296265
43.796479,125.296265
43.796479,125.296265
43.796479,125.296265
43.796479,125.296265
43.796479,125.296265
43.796479,125.296265
43.796479,125.296265
43.796479,125.296265
43.796479,125.296265
43.796479,125.296265
43.796479,125.296265
43.796479,125.296265
43.796479,125.296265
43.796479,125.296265
43.796477,125.296446
43.796477,125.296446
43.796477,125.296446
43.796477,125.296446
43.796477,125.296446
43.796477,125.296446
43.796477,125.296446
43.796477,125.296446
43.796477,125.296446
43.796477,125.296446
43.796477,125.296446
43.796477,125.296446
43.796477,125.296446
43.796477,125.296446
43.796477,125.296446
43.796477,125.296446
43.796477,125.296446
43.796477,125.296446
43.796477,125.296446
43.796477,125.296446
43.796476,125.296651
43.796476,125.296651
43.796476,125.296651
43.796476,125.296651
43.796476,125.296651
43.796476,125.296651
43.796476,125.296651
43.796476,125.296651
43.796476,125.296651
43.796476,125.296651
43.796476,125.296651
43.796476,125.296651
43.796476,125.296651
43.796476,125.296651
43.796476,125.296651
43.796476,125.296651
43.796476,125.296651
43.796476,125.296651
43.796476,125.296651
43.796476,125.296651
43.796476,125.296861
43.796476,125.296861
43.796476,125.296861
43.796476,125.296861
43.796476,125.296861
43.796476,125.296861
43.796476,125.296861
43.796476,125.296861
43.796476,125.296861
43.796476,125.296861
43.796476,125.296861
43.796476,125.296861
43.796476,125.296861
43.796476,125.296861
43.796476,125.296861
43.796476,125.296861
43.796476,125.296861
43.796476,125.296861
43.796476,125.296861
43.796476,125.296861
43.796477,125.297066
43.796477,125.297066
43.796477,125.297066
43.796477,125.297066
43.796477,125.297066
43.796477,125.297066
43.796477,125.297066
43.796477,125.297066
43.796477,125.297066
43.796477,125.297066
43.796477,125.297066
43.796477,125.297066
43.796477,125.297066
43.796477,125.297066
43.796477,125.297066
43.796477,125.297066
43.796477,125.297066
43.796477,125.297066
43.796477,125.297066
43.796477,125.297066
43.796476,125.297286
43.796476,125.297286
43.796476,125.297286
43.796476,125.297286
43.796476,125.297286
43.796476,125.297286
43.796476,125.297286
43.796476,125.297286
43.796476,125.297286
43.796476,125.297286
43.796476,125.297286
43.796476,125.297286
43.796476,125.297286
43.796476,125.297286
43.796476,125.297286
43.796476,125.297286
43.796476,125.297286
43.796476,125.297286
43.796476,125.297286
43.796476,125.297286
43.796476,125.297483
43.796476,125.297483
43.796476,125.297483
43.796476,125.297483
43.796476,125.297483
43.796476,125.297483
43.796476,125.297483
43.796476,125.297483
43.796476,125.297483
43.796476,125.297483
43.796476,125.297483
43.796476,125.297483
43.796476,125.297483
43.796476,125.297483
43.796476,125.297483
43.796476,125.297483
43.796476,125.297483
43.796476,125.297483
43.796476,125.297483
43.796476,125.297483
43.796479,125.297678
43.796479,125.297678
43.796479,125.297678
43.796479,125.297678
43.796479,125.297678
43.796479,125.297678
43.796479,125.297678
43.796479,125.297678
43.796479,125.297678
43.796479,125.297678
43.796479,125.297678
43.796479,125.297678
43.796479,125.297678
43.796479,125.297678
43.796479,125.297678
43.796479,125.297678
43.796479,125.297678
43.796479,125.297678
43.796479,125.297678
43.796479,125.297678
43.79648,125.297872
43.79648,125.297872
43.79648,125.297872
43.79648,125.297872
43.79648,125.297872
43.79648,125.297872
43.79648,125.297872
43.79648,125.297872
43.79648,125.297872
43.79648,125.297872
43.79648,125.297872
43.79648,125.297872
43.79648,125.297872
43.79648,125.297872
43.79648,125.297872
43.79648,125.297872
43.79648,125.297872
43.79648,125.297872
43.79648,125.297872
43.79648,125.297872
43.796479,125.29807
43.796479,125.29807
43.796479,125.29807
43.796479,125.29807
43.796479,125.29807
43.796479,125.29807
43.796479,125.29807
43.796479,125.29807
43.796479,125.29807
43.796479,125.29807
43.796479,125.29807
43.796479,125.29807
43.796479,125.29807
43.796479,125.29807
43.796479,125.29807
43.796479,125.29807
43.796479,125.29807
43.796479,125.29807
43.796479,125.29807
43.796479,125.29807
43.79648,125.298257
43.79648,125.298257
43.79648,125.298257
43.79648,125.298257
43.79648,125.298257
43.79648,125.298257
43.79648,125.298257
43.79648,125.298257
43.79648,125.298257
43.79648,125.298257
43.79648,125.298257
43.79648,125.298257
43.79648,125.298257
43.79648,125.298257
43.79648,125.298257
43.79648,125.298257
43.79648,125.298257
43.79648,125.298257
43.79648,125.298257
43.79648,125.298257
43.79648,125.298431
43.79648,125.298431
43.79648,125.298431
43.79648,125.298431
43.79648,125.298431
43.79648,125.298431
43.79648,125.298431
43.79648,125.298431
43.79648,125.298431
43.79648,125.298431
43.79648,125.298431
43.79648,125.298431
43.79648,125.298431
43.79648,125.298431
43.79648,125.298431
43.79648,125.298431
43.79648,125.298431
43.79648,125.298431
43.79648,125.298431
43.79648,125.298431
43.796482,125.298626
43.796482,125.298626
43.796482,125.298626
43.796482,125.298626
43.796482,125.298626
43.796482,125.298626
43.796482,125.298626
43.796482,125.298626
43.796482,125.298626
43.796482,125.298626
43.796482,125.298626
43.796482,125.298626
43.796482,125.298626
43.796482,125.298626
43.796482,125.298626
43.796482,125.298626
43.796482,125.298626
43.796482,125.298626
43.796482,125.298626
43.796482,125.298626
43.796482,125.298808
43.796482,125.298808
43.796482,125.298808
43.796482,125.298808
43.796482,125.298808
43.796482,125.298808
43.796482,125.298808
43.796482,125.298808
43.796482,125.298808
43.796482,125.298808
43.796482,125.298808
43.796482,125.298808
43.796482,125.298808
43.796482,125.298808
43.796482,125.298808
43.796482,125.298808
43.796482,125.298808
43.796482,125.298808
43.796482,125.298808
43.796482,125.298808
43.796481,125.298995
43.796481,125.298995
43.796481,125.298995
43.796481,125.298995
43.796481,125.298995
43.796481,125.298995
43.796481,125.298995
43.796481,125.298995
43.796481,125.298995
43.796481,125.298995
43.796481,125.298995
43.796481,125.298995
43.796481,125.298995
43.796481,125.298995
43.796481,125.298995
43.796481,125.298995
43.796481,125.298995
43.796481,125.298995
43.796481,125.298995
43.796481,125.298995
43.79648,125.299191
43.79648,125.299191
43.79648,125.299191
43.79648,125.299191
43.79648,125.299191
43.79648,125.299191
43.79648,125.299191
43.79648,125.299191
43.79648,125.299191
43.79648,125.299191
43.79648,125.299191
43.79648,125.299191
43.79648,125.299191
43.79648,125.299191
43.79648,125.299191
43.79648,125.299191
43.79648,125.299191
43.79648,125.299191
43.79648,125.299191
43.79648,125.299191
43.79648,125.299396
43.79648,125.299396
43.79648,125.299396
43.79648,125.299396
43.79648,125.299396
43.79648,125.299396
43.79648,125.299396
43.79648,125.299396
43.79648,125.299396
43.79648,125.299396
43.79648,125.299396
43.79648,125.299396
43.79648,125.299396
43.79648,125.299396
43.79648,125.299396
43.79648,125.299396
43.79648,125.299396
43.79648,125.299396
43.79648,125.299396
43.79648,125.299396
43.79648,125.299566
43.79648,125.299566
43.79648,125.299566
43.79648,125.299566
43.79648,125.299566
43.79648,125.299566
43.79648,125.299566
43.79648,125.299566
43.79648,125.299566
43.79648,125.299566
43.79648,125.299566
43.79648,125.299566
43.79648,125.299566
43.79648,125.299566
43.79648,125.299566
43.79648,125.299566
43.79648,125.299566
43.79648,125.299566
43.79648,125.299566
43.79648,125.299566
43.796479,125.299777
43.796479,125.299777
43.796479,125.299777
43.796479,125.299777
43.796479,125.299777
43.796479,125.299777
43.796479,125.299777
43.796479,125.299777
43.796479,125.299777
43.796479,125.299777
43.796479,125.299777
43.796479,125.299777
43.796479,125.299777
43.796479,125.299777
43.796479,125.299777
43.796479,125.299777
43.796479,125.299777
43.796479,125.299777
43.796479,125.299777
43.796479,125.299777
43.796479,125.299981
43.796479,125.299981
43.796479,125.299981
43.796479,125.299981
43.796479,125.299981
43.796479,125.299981
43.796479,125.299981
43.796479,125.299981
43.796479,125.299981
43.796479,125.299981
43.796479,125.299981
43.796479,125.299981
43.796479,125.299981
43.796479,125.299981
43.796479,125.299981
43.796479,125.299981
43.796479,125.299981
43.796479,125.299981
43.796479,125.299981
43.796479,125.299981
43.796478,125.300202
43.796478,125.300202
43.796478,125.300202
43.796478,125.300202
43.796478,125.300202
43.796478,125.300202
43.796478,125.300202
43.796478,125.300202
43.796478,125.300202
43.796478,125.300202
43.796478,125.300202
43.796478,125.300202
43.796478,125.300202
43.796478,125.300202
43.796478,125.300202
43.796478,125.300202
43.796478,125.300202
43.796478,125.300202
43.796478,125.300202
43.796478,125.300202
43.796478,125.300408
43.796478,125.300408
43.796478,125.300408
43.796478,125.300408
43.796478,125.300408
43.796478,125.300408
43.796478,125.300408
43.796478,125.300408
43.796478,125.300408
43.796478,125.300408
43.796478,125.300408
43.796478,125.300408
43.796478,125.300408
43.796478,125.300408
43.796478,125.300408
43.796478,125.300408
43.796478,125.300408
43.796478,125.300408
43.796478,125.300408
43.796478,125.300408
43.796479,125.300579
43.796479,125.300579
43.796479,125.300579
43.796479,125.300579
43.796479,125.300579
43.796479,125.300579
43.796479,125.300579
43.796479,125.300579
43.796479,125.300579
43.796479,125.300579
43.796479,125.300579
43.796479,125.300579
43.796479,125.300579
43.796479,125.300579
43.796479,125.300579
43.796479,125.300579
43.796479,125.300579
43.796479,125.300579
43.796479,125.300579
43.796479,125.300579
43.796479,125.300753
43.796479,125.300753
43.796479,125.300753
43.796479,125.300753
43.796479,125.300753
43.796479,125.300753
43.796479,125.300753
43.796479,125.300753
43.796479,125.300753
43.796479,125.300753
43.796479,125.300753
43.796479,125.300753
43.796479,125.300753
43.796479,125.300753
43.796479,125.300753
43.796479,125.300753
43.796479,125.300753
43.796479,125.300753
43.796479,125.300753
43.796479,125.300753
43.796479,125.300926
43.796479,125.300926
43.796479,125.300926
43.796479,125.300926
43.796479,125.300926
43.796479,125.300926
43.796479,125.300926
43.796479,125.300926
43.796479,125.300926
43.796479,125.300926
43.796479,125.300926
43.796479,125.300926
43.796479,125.300926
43.796479,125.300926
43.796479,125.300926
43.796479,125.300926
43.796479,125.300926
43.796479,125.300926
43.796479,125.300926
43.796479,125.300926
43.796479,125.301117
43.796479,125.301117
43.796479,125.301117
43.796479,125.301117
43.796479,125.301117
43.796479,125.301117
43.796479,125.301117
43.796479,125.301117
43.796479,125.301117
43.796479,125.301117
43.796479,125.301117
43.796479,125.301117
43.796479,125.301117
43.796479,125.301117
43.796479,125.301117
43.796479,125.301117
43.796479,125.301117
43.796479,125.301117
43.796479,125.301117
43.796479,125.301117
43.796478,125.301327
43.796478,125.301327
43.796478,125.301327
43.796478,125.301327
43.796478,125.301327
43.796478,125.301327
43.796478,125.301327
43.796478,125.301327
43.796478,125.301327
43.796478,125.301327
43.796478,125.301327
43.796478,125.301327
43.796478,125.301327
43.796478,125.301327
43.796478,125.301327
43.796478,125.301327
43.796478,125.301327
43.796478,125.301327
43.796478,125.301327
43.796478,125.301327
43.796478,125.301494
43.796478,125.301494
43.796478,125.301494
43.796478,125.301494
43.796478,125.301494
43.796478,125.301494
43.796478,125.301494
43.796478,125.301494
43.796478,125.301494
43.796478,125.301494
43.796478,125.301494
43.796478,125.301494
43.796478,125.301494
43.796478,125.301494
43.796478,125.301494
43.796478,125.301494
43.796478,125.301494
43.796478,125.301494
43.796478,125.301494
43.796478,125.301494
43.796478,125.301689
43.796478,125.301689
43.796478,125.301689
43.796478,125.301689
43.796478,125.301689
43.796478,125.301689
43.796478,125.301689
43.796478,125.301689
43.796478,125.301689
43.796478,125.301689
43.796478,125.301689
43.796478,125.301689
43.796478,125.301689
43.796478,125.301689
43.796478,125.301689
43.796478,125.301689
43.796478,125.301689
43.796478,125.301689
43.796478,125.301689
43.796478,125.301689
43.796479,125.301891
43.796479,125.301891
43.796479,125.301891
43.796479,125.301891
43.796479,125.301891
43.796479,125.301891
43.796479,125.301891
43.796479,125.301891
43.796479,125.301891
43.796479,125.301891
43.796479,125.301891
43.796479,125.301891
43.796479,125.301891
43.796479,125.301891
43.796479,125.301891
43.796479,125.301891
43.796479,125.301891
43.796479,125.301891
43.796479,125.301891
43.796479,125.301891
43.796479,125.302078
43.796479,125.302078
43.796479,125.302078
43.796479,125.302078
43.796479,125.302078
43.796479,125.302078
43.796479,125.302078
43.796479,125.302078
43.796479,125.302078
43.796479,125.302078
43.796479,125.302078
43.796479,125.302078
43.796479,125.302078
43.796479,125.302078
43.796479,125.302078
43.796479,125.302078
43.796479,125.302078
43.796479,125.302078
43.796479,125.302078
43.796479,125.302078
43.796481,125.302248
43.796481,125.302248
43.796481,125.302248
43.796481,125.302248
43.796481,125.302248
43.796481,125.302248
43.796481,125.302248
43.796481,125.302248
43.796481,125.302248
43.796481,125.302248
43.796481,125.302248
43.796481,125.302248
43.796481,125.302248
43.796481,125.302248
43.796481,125.302248
43.796481,125.302248
43.796481,125.302248
43.796481,125.302248
43.796481,125.302248
43.796481,125.302248
43.796481,125.30244
43.796481,125.30244
43.796481,125.30244
43.796481,125.30244
43.796481,125.30244
43.796481,125.30244
43.796481,125.30244
43.796481,125.30244
43.796481,125.30244
43.796481,125.30244
43.796481,125.30244
43.796481,125.30244
43.796481,125.30244
43.796481,125.30244
43.796481,125.30244
43.796481,125.30244
43.796481,125.30244
43.796481,125.30244
43.796481,125.30244
43.796481,125.30244
43.796481,125.302625
43.796481,125.302625
43.796481,125.302625
43.796481,125.302625
43.796481,125.302625
43.796481,125.302625
43.796481,125.302625
43.796481,125.302625
43.796481,125.302625
43.796481,125.302625
43.796481,125.302625
43.796481,125.302625
43.796481,125.302625
43.796481,125.302625
43.796481,125.302625
43.796481,125.302625
43.796481,125.302625
43.796481,125.302625
43.796481,125.302625
43.796481,125.302625
43.796481,125.30281
43.796481,125.30281
43.796481,125.30281
43.796481,125.30281
43.796481,125.30281
43.796481,125.30281
43.796481,125.30281
43.796481,125.30281
43.796481,125.30281
43.796481,125.30281
43.796481,125.30281
43.796481,125.30281
43.796481,125.30281
43.796481,125.30281
43.796481,125.30281
43.796481,125.30281
43.796481,125.30281
43.796481,125.30281
43.796481,125.30281
43.796481,125.30281
43.796484,125.302994
43.796484,125.302994
43.796484,125.302994
43.796484,125.302994
43.796484,125.302994
43.796484,125.302994
43.796484,125.302994
43.796484,125.302994
43.796484,125.302994
43.796484,125.302994
43.796484,125.302994
43.796484,125.302994
43.796484,125.302994
43.796484,125.302994
43.796484,125.302994
43.796484,125.302994
43.796484,125.302994
43.796484,125.302994
43.796484,125.302994
43.796484,125.302994
43.796485,125.303181
43.796485,125.303181
43.796485,125.303181
43.796485,125.303181
43.796485,125.303181
43.796485,125.303181
43.796485,125.303181
43.796485,125.303181
43.796485,125.303181
43.796485,125.303181
43.796485,125.303181
43.796485,125.303181
43.796485,125.303181
43.796485,125.303181
43.796485,125.303181
43.796485,125.303181
43.796485,125.303181
43.796485,125.303181
43.796485,125.303181
43.796485,125.303181
43.796486,125.303337
43.796486,125.303337
43.796486,125.303337
43.796486,125.303337
43.796486,125.303337
43.796486,125.303337
43.796486,125.303337
43.796486,125.303337
43.796486,125.303337
43.796486,125.303337
43.796486,125.303337
43.796486,125.303337
43.796486,125.303337
43.796486,125.303337
43.796486,125.303337
43.796486,125.303337
43.796486,125.303337
43.796486,125.303337
43.796486,125.303337
43.796486,125.303337
43.796487,125.303507
43.796487,125.303507
43.796487,125.303507
43.796487,125.303507
43.796487,125.303507
43.796487,125.303507
43.796487,125.303507
43.796487,125.303507
43.796487,125.303507
43.796487,125.303507
43.796487,125.303507
43.796487,125.303507
43.796487,125.303507
43.796487,125.303507
43.796487,125.303507
43.796487,125.303507
43.796487,125.303507
43.796487,125.303507
43.796487,125.303507
43.796487,125.303507
43.796487,125.303681
43.796487,125.303681
43.796487,125.303681
43.796487,125.303681
43.796487,125.303681
43.796487,125.303681
43.796487,125.303681
43.796487,125.303681
43.796487,125.303681
43.796487,125.303681
43.796487,125.303681
43.796487,125.303681
43.796487,125.303681
43.796487,125.303681
43.796487,125.303681
43.796487,125.303681
43.796487,125.303681
43.796487,125.303681
43.796487,125.303681
43.796487,125.303681
43.796486,125.303845
43.796486,125.303845
43.796486,125.303845
43.796486,125.303845
43.796486,125.303845
43.796486,125.303845
43.796486,125.303845
43.796486,125.303845
43.796486,125.303845
43.796486,125.303845
43.796486,125.303845
43.796486,125.303845
43.796486,125.303845
43.796486,125.303845
43.796486,125.303845
43.796486,125.303845
43.796486,125.303845
43.796486,125.303845
43.796486,125.303845
43.796486,125.303845
43.796486,125.304007
43.796486,125.304007
43.796486,125.304007
43.796486,125.304007
43.796486,125.304007
43.796486,125.304007
43.796486,125.304007
43.796486,125.304007
43.796486,125.304007
43.796486,125.304007
43.796486,125.304007
43.796486,125.304007
43.796486,125.304007
43.796486,125.304007
43.796486,125.304007
43.796486,125.304007
43.796486,125.304007
43.796486,125.304007
43.796486,125.304007
43.796486,125.304007
43.796485,125.304143
43.796485,125.304143
43.796485,125.304143
43.796485,125.304143
43.796485,125.304143
43.796485,125.304143
43.796485,125.304143
43.796485,125.304143
43.796485,125.304143
43.796485,125.304143
43.796485,125.304143
43.796485,125.304143
43.796485,125.304143
43.796485,125.304143
43.796485,125.304143
43.796485,125.304143
43.796485,125.304143
43.796485,125.304143
43.796485,125.304143
43.796485,125.304143
43.796484,125.304264
43.796484,125.304264
43.796484,125.304264
43.796484,125.304264
43.796484,125.304264
43.796484,125.304264
43.796484,125.304264
43.796484,125.304264
43.796484,125.304264
43.796484,125.304264
43.796484,125.304264
43.796484,125.304264
43.796484,125.304264
43.796484,125.304264
43.796484,125.304264
43.796484,125.304264
43.796484,125.304264
43.796484,125.304264
43.796484,125.304264
43.796484,125.304264
43.796483,125.304369
43.796483,125.304369
43.796483,125.304369
43.796483,125.304369
43.796483,125.304369
43.796483,125.304369
43.796483,125.304369
43.796483,125.304369
43.796483,125.304369
43.796483,125.304369
43.796483,125.304369
43.796483,125.304369
43.796483,125.304369
43.796483,125.304369
43.796483,125.304369
43.796483,125.304369
43.796483,125.304369
43.796483,125.304369
43.796483,125.304369
43.796483,125.304369
43.796482,125.304461
43.796482,125.304461
43.796482,125.304461
43.796482,125.304461
43.796482,125.304461
43.796482,125.304461
43.796482,125.304461
43.796482,125.304461
43.796482,125.304461
43.796482,125.304461
43.796482,125.304461
43.796482,125.304461
43.796482,125.304461
43.796482,125.304461
43.796482,125.304461
43.796482,125.304461
43.796482,125.304461
43.796482,125.304461
43.796482,125.304461
43.796482,125.304461
43.796481,125.304557
43.796481,125.304557
43.796481,125.304557
43.796481,125.304557
43.796481,125.304557
43.796481,125.304557
43.796481,125.304557
43.796481,125.304557
43.796481,125.304557
43.796481,125.304557
43.796481,125.304557
43.796481,125.304557
43.796481,125.304557
43.796481,125.304557
43.796481,125.304557
43.796481,125.304557
43.796481,125.304557
43.796481,125.304557
43.796481,125.304557
43.796481,125.304557
43.796481,125.304632
43.796481,125.304632
43.796481,125.304632
43.796481,125.304632
43.796481,125.304632
43.796481,125.304632
43.796481,125.304632
43.796481,125.304632
43.796481,125.304632
43.796481,125.304632
43.796481,125.304632
43.796481,125.304632
43.796481,125.304632
43.796481,125.304632
43.796481,125.304632
43.796481,125.304632
43.796481,125.304632
43.796481,125.304632
43.796481,125.304632
43.796481,125.304632
43.796482,125.304682
43.796482,125.304682
43.796482,125.304682
43.796482,125.304682
43.796482,125.304682
43.796482,125.304682
43.796482,125.304682
43.796482,125.304682
43.796482,125.304682
43.796482,125.304682
43.796482,125.304682
43.796482,125.304682
43.796482,125.304682
43.796482,125.304682
43.796482,125.304682
43.796482,125.304682
43.796482,125.304682
43.796482,125.304682
43.796482,125.304682
43.796482,125.304682
43.796482,125.304734
43.796482,125.304734
43.796482,125.304734
43.796482,125.304734
43.796482,125.304734
43.796482,125.304734
43.796482,125.304734
43.796482,125.304734
43.796482,125.304734
43.796482,125.304734
43.796482,125.304734
43.796482,125.304734
43.796482,125.304734
43.796482,125.304734
43.796482,125.304734
43.796482,125.304734
43.796482,125.304734
43.796482,125.304734
43.796482,125.304734
43.796482,125.304734
43.796482,125.304775
43.796482,125.304775
43.796482,125.304775
43.796482,125.304775
43.796482,125.304775
43.796482,125.304775
43.796482,125.304775
43.796482,125.304775
43.796482,125.304775
43.796482,125.304775
43.796482,125.304775
43.796482,125.304775
43.796482,125.304775
43.796482,125.304775
43.796482,125.304775
43.796482,125.304775
43.796482,125.304775
43.796482,125.304775
43.796482,125.304775
43.796482,125.304775
43.796482,125.304809
43.796482,125.304809
43.796482,125.304809
43.796482,125.304809
43.796482,125.304809
43.796482,125.304809
43.796482,125.304809
43.796482,125.304809
43.796482,125.304809
43.796482,125.304809
43.796482,125.304809
43.796482,125.304809
43.796482,125.304809
43.796482,125.304809
43.796482,125.304809
43.796482,125.304809
43.796482,125.304809
43.796482,125.304809
43.796482,125.304809
43.796482,125.304809
43.796482,125.304844
43.796482,125.304844
43.796482,125.304844
43.796482,125.304844
43.796482,125.304844
43.796482,125.304844
43.796482,125.304844
43.796482,125.304844
43.796482,125.304844
43.796482,125.304844
43.796482,125.304844
43.796482,125.304844
43.796482,125.304844
43.796482,125.304844
43.796482,125.304844
43.796482,125.304844
43.796482,125.304844
43.796482,125.304844
43.796482,125.304844
43.796482,125.304844
43.796481,125.304892
43.796481,125.304892
43.796481,125.304892
43.796481,125.304892
43.796481,125.304892
43.796481,125.304892
43.796481,125.304892
43.796481,125.304892
43.796481,125.304892
43.796481,125.304892
43.796481,125.304892
43.796481,125.304892
43.796481,125.304892
43.796481,125.304892
43.796481,125.304892
43.796481,125.304892
43.796481,125.304892
43.796481,125.304892
43.796481,125.304892
43.796481,125.304892
43.796481,125.304952
43.796481,125.304952
43.796481,125.304952
43.796481,125.304952
43.796481,125.304952
43.796481,125.304952
43.796481,125.304952
43.796481,125.304952
43.796481,125.304952
43.796481,125.304952
43.796481,125.304952
43.796481,125.304952
43.796481,125.304952
43.796481,125.304952
43.796481,125.304952
43.796481,125.304952
43.796481,125.304952
43.796481,125.304952
43.796481,125.304952
43.796481,125.304952
43.796481,125.30502
43.796481,125.30502
43.796481,125.30502
43.796481,125.30502
43.796481,125.30502
43.796481,125.30502
43.796481,125.30502
43.796481,125.30502
43.796481,125.30502
43.796481,125.30502
43.796481,125.30502
43.796481,125.30502
43.796481,125.30502
43.796481,125.30502
43.796481,125.30502
43.796481,125.30502
43.796481,125.30502
43.796481,125.30502
43.796481,125.30502
43.796481,125.30502
43.796482,125.305101
43.796482,125.305101
43.796482,125.305101
43.796482,125.305101
43.796482,125.305101
43.796482,125.305101
43.796482,125.305101
43.796482,125.305101
43.796482,125.305101
43.796482,125.305101
43.796482,125.305101
43.796482,125.305101
43.796482,125.305101
43.796482,125.305101
43.796482,125.305101
43.796482,125.305101
43.796482,125.305101
43.796482,125.305101
43.796482,125.305101
43.796482,125.305101
43.796482,125.30518
43.796482,125.30518
43.796482,125.30518
43.796482,125.30518
43.796482,125.30518
43.796482,125.30518
43.796482,125.30518
43.796482,125.30518
43.796482,125.30518
43.796482,125.30518
43.796482,125.30518
43.796482,125.30518
43.796482,125.30518
43.796482,125.30518
43.796482,125.30518
43.796482,125.30518
43.796482,125.30518
43.796482,125.30518
43.796482,125.30518
43.796482,125.30518
43.796482,125.30526
43.796482,125.30526
43.796482,125.30526
43.796482,125.30526
43.796482,125.30526
43.796482,125.30526
43.796482,125.30526
43.796482,125.30526
43.796482,125.30526
43.796482,125.30526
43.796482,125.30526
43.796482,125.30526
43.796482,125.30526
43.796482,125.30526
43.796482,125.30526
43.796482,125.30526
43.796482,125.30526
43.796482,125.30526
43.796482,125.30526
43.796482,125.30526
43.796484,125.305341
43.796484,125.305341
43.796484,125.305341
43.796484,125.305341
43.796484,125.305341
43.796484,125.305341
43.796484,125.305341
43.796484,125.305341
43.796484,125.305341
43.796484,125.305341
43.796484,125.305341
43.796484,125.305341
43.796484,125.305341
43.796484,125.305341
43.796484,125.305341
43.796484,125.305341
43.796484,125.305341
43.796484,125.305341
43.796484,125.305341
43.796484,125.305341
43.796485,125.305425
43.796485,125.305425
43.796485,125.305425
43.796485,125.305425
43.796485,125.305425
43.796485,125.305425
43.796485,125.305425
43.796485,125.305425
43.796485,125.305425
43.796485,125.305425
43.796485,125.305425
43.796485,125.305425
43.796485,125.305425
43.796485,125.305425
43.796485,125.305425
43.796485,125.305425
43.796485,125.305425
43.796485,125.305425
43.796485,125.305425
43.796485,125.305425
43.796487,125.305523
43.796487,125.305523
43.796487,125.305523
43.796487,125.305523
43.796487,125.305523
43.796487,125.305523
43.796487,125.305523
43.796487,125.305523
43.796487,125.305523
43.796487,125.305523
43.796487,125.305523
43.796487,125.305523
43.796487,125.305523
43.796487,125.305523
43.796487,125.305523
43.796487,125.305523
43.796487,125.305523
43.796487,125.305523
43.796487,125.305523
43.796487,125.305523
43.796488,125.305628
43.796488,125.305628
43.796488,125.305628
43.796488,125.305628
43.796488,125.305628
43.796488,125.305628
43.796488,125.305628
43.796488,125.305628
43.796488,125.305628
43.796488,125.305628
43.796488,125.305628
43.796488,125.305628
43.796488,125.305628
43.796488,125.305628
43.796488,125.305628
43.796488,125.305628
43.796488,125.305628
43.796488,125.305628
43.796488,125.305628
43.796488,125.305628
43.796489,125.305747
43.796489,125.305747
43.796489,125.305747
43.796489,125.305747
43.796489,125.305747
43.796489,125.305747
43.796489,125.305747
43.796489,125.305747
43.796489,125.305747
43.796489,125.305747
43.796489,125.305747
43.796489,125.305747
43.796489,125.305747
43.796489,125.305747
43.796489,125.305747
43.796489,125.305747
43.796489,125.305747
43.796489,125.305747
43.796489,125.305747
43.796489,125.305747
43.79649,125.305858
43.79649,125.305858
43.79649,125.305858
43.79649,125.305858
43.79649,125.305858
43.79649,125.305858
43.79649,125.305858
43.79649,125.305858
43.79649,125.305858
43.79649,125.305858
43.79649,125.305858
43.79649,125.305858
43.79649,125.305858
43.79649,125.305858
43.79649,125.305858
43.79649,125.305858
43.79649,125.305858
43.79649,125.305858
43.79649,125.305858
43.79649,125.305858
43.796489,125.305966
43.796489,125.305966
43.796489,125.305966
43.796489,125.305966
43.796489,125.305966
43.796489,125.305966
43.796489,125.305966
43.796489,125.305966
43.796489,125.305966
43.796489,125.305966
43.796489,125.305966
43.796489,125.305966
43.796489,125.305966
43.796489,125.305966
43.796489,125.305966
43.796489,125.305966
43.796489,125.305966
43.796489,125.305966
43.796489,125.305966
43.796489,125.305966
43.796489,125.306102
43.796489,125.306102
43.796489,125.306102
43.796489,125.306102
43.796489,125.306102
43.796489,125.306102
43.796489,125.306102
43.796489,125.306102
43.796489,125.306102
43.796489,125.306102
43.796489,125.306102
43.796489,125.306102
43.796489,125.306102
43.796489,125.306102
43.796489,125.306102
43.796489,125.306102
43.796489,125.306102
43.796489,125.306102
43.796489,125.306102
43.796489,125.306102
43.79649,125.306249
43.79649,125.306249
43.79649,125.306249
43.79649,125.306249
43.79649,125.306249
43.79649,125.306249
43.79649,125.306249
43.79649,125.306249
43.79649,125.306249
43.79649,125.306249
43.79649,125.306249
43.79649,125.306249
43.79649,125.306249
43.79649,125.306249
43.79649,125.306249
43.79649,125.306249
43.79649,125.306249
43.79649,125.306249
43.79649,125.306249
43.79649,125.306249
43.796492,125.306386
43.796492,125.306386
43.796492,125.306386
43.796492,125.306386
43.796492,125.306386
43.796492,125.306386
43.796492,125.306386
43.796492,125.306386
43.796492,125.306386
43.796492,125.306386
43.796492,125.306386
43.796492,125.306386
43.796492,125.306386
43.796492,125.306386
43.796492,125.306386
43.796492,125.306386
43.796492,125.306386
43.796492,125.306386
43.796492,125.306386
43.796492,125.306386
43.796492,125.306533
43.796492,125.306533
43.796492,125.306533
43.796492,125.306533
43.796492,125.306533
43.796492,125.306533
43.796492,125.306533
43.796492,125.306533
43.796492,125.306533
43.796492,125.306533
43.796492,125.306533
43.796492,125.306533
43.796492,125.306533
43.796492,125.306533
43.796492,125.306533
43.796492,125.306533
43.796492,125.306533
43.796492,125.306533
43.796492,125.306533
43.796492,125.306533
43.796491,125.306692
43.796491,125.306692
43.796491,125.306692
43.796491,125.306692
43.796491,125.306692
43.796491,125.306692
43.796491,125.306692
43.796491,125.306692
43.796491,125.306692
43.796491,125.306692
43.796491,125.306692
43.796491,125.306692
43.796491,125.306692
43.796491,125.306692
43.796491,125.306692
43.796491,125.306692
43.796491,125.306692
43.796491,125.306692
43.796491,125.306692
43.796491,125.306692
43.79649,125.306851
43.79649,125.306851
43.79649,125.306851
43.79649,125.306851
43.79649,125.306851
43.79649,125.306851
43.79649,125.306851
43.79649,125.306851
43.79649,125.306851
43.79649,125.306851
43.79649,125.306851
43.79649,125.306851
43.79649,125.306851
43.79649,125.306851
43.79649,125.306851
43.79649,125.306851
43.79649,125.306851
43.79649,125.306851
43.79649,125.306851
43.79649,125.306851
43.796489,125.306978
43.796489,125.306978
43.796489,125.306978
43.796489,125.306978
43.796489,125.306978
43.796489,125.306978
43.796489,125.306978
43.796489,125.306978
43.796489,125.306978
43.796489,125.306978
43.796489,125.306978
43.796489,125.306978
43.796489,125.306978
43.796489,125.306978
43.796489,125.306978
43.796489,125.306978
43.796489,125.306978
43.796489,125.306978
43.796489,125.306978
43.796489,125.306978
43.796488,125.307126
43.796488,125.307126
43.796488,125.307126
43.796488,125.307126
43.796488,125.307126
43.796488,125.307126
43.796488,125.307126
43.796488,125.307126
43.796488,125.307126
43.796488,125.307126
43.796488,125.307126
43.796488,125.307126
43.796488,125.307126
43.796488,125.307126
43.796488,125.307126
43.796488,125.307126
43.796488,125.307126
43.796488,125.307126
43.796488,125.307126
43.796488,125.307126
43.796488,125.307271
43.796488,125.307271
43.796488,125.307271
43.796488,125.307271
43.796488,125.307271
43.796488,125.307271
43.796488,125.307271
43.796488,125.307271
43.796488,125.307271
43.796488,125.307271
43.796488,125.307271
43.796488,125.307271
43.796488,125.307271
43.796488,125.307271
43.796488,125.307271
43.796488,125.307271
43.796488,125.307271
43.796488,125.307271
43.796488,125.307271
43.796488,125.307271
43.796488,125.307422
43.796488,125.307422
43.796488,125.307422
43.796488,125.307422
43.796488,125.307422
43.796488,125.307422
43.796488,125.307422
43.796488,125.307422
43.796488,125.307422
43.796488,125.307422
43.796488,125.307422
43.796488,125.307422
43.796488,125.307422
43.796488,125.307422
43.796488,125.307422
43.796488,125.307422
43.796488,125.307422
43.796488,125.307422
43.796488,125.307422
43.796488,125.307422
43.796489,125.30757
43.796489,125.30757
43.796489,125.30757
43.796489,125.30757
43.796489,125.30757
43.796489,125.30757
43.796489,125.30757
43.796489,125.30757
43.796489,125.30757
43.796489,125.30757
43.796489,125.30757
43.796489,125.30757
43.796489,125.30757
43.796489,125.30757
43.796489,125.30757
43.796489,125.30757
43.796489,125.30757
43.796489,125.30757
43.796489,125.30757
43.796489,125.30757
43.796491,125.307685
43.796491,125.307685
43.796491,125.307685
43.796491,125.307685
43.796491,125.307685
43.796491,125.307685
43.796491,125.307685
43.796491,125.307685
43.796491,125.307685
43.796491,125.307685
43.796491,125.307685
43.796491,125.307685
43.796491,125.307685
43.796491,125.307685
43.796491,125.307685
43.796491,125.307685
43.796491,125.307685
43.796491,125.307685
43.796491,125.307685
43.796491,125.307685
43.79649,125.307788
43.79649,125.307788
43.79649,125.307788
43.79649,125.307788
43.79649,125.307788
43.79649,125.307788
43.79649,125.307788
43.79649,125.307788
43.79649,125.307788
43.79649,125.307788
43.79649,125.307788
43.79649,125.307788
43.79649,125.307788
43.79649,125.307788
43.79649,125.307788
43.79649,125.307788
43.79649,125.307788
43.79649,125.307788
43.79649,125.307788
43.79649,125.307788
43.796489,125.307868
43.796489,125.307868
43.796489,125.307868
43.796489,125.307868
43.796489,125.307868
43.796489,125.307868
43.796489,125.307868
43.796489,125.307868
43.796489,125.307868
43.796489,125.307868
43.796489,125.307868
43.796489,125.307868
43.796489,125.307868
43.796489,125.307868
43.796489,125.307868
43.796489,125.307868
43.796489,125.307868
43.796489,125.307868
43.796489,125.307868
43.796489,125.307868
43.796488,125.307934
43.796488,125.307934
43.796488,125.307934
43.796488,125.307934
43.796488,125.307934
43.796488,125.307934
43.796488,125.307934
43.796488,125.307934
43.796488,125.307934
43.796488,125.307934
43.796488,125.307934
43.796488,125.307934
43.796488,125.307934
43.796488,125.307934
43.796488,125.307934
43.796488,125.307934
43.796488,125.307934
43.796488,125.307934
43.796488,125.307934
43.796488,125.307934
43.796488,125.307992
43.796488,125.307992
43.796488,125.307992
43.796488,125.307992
43.796488,125.307992
43.796488,125.307992
43.796488,125.307992
43.796488,125.307992
43.796488,125.307992
43.796488,125.307992
43.796488,125.307992
43.796488,125.307992
43.796488,125.307992
43.796488,125.307992
43.796488,125.307992
43.796488,125.307992
43.796488,125.307992
43.796488,125.307992
43.796488,125.307992
43.796488,125.307992
43.796488,125.308045
43.796488,125.308045
43.796488,125.308045
43.796488,125.308045
43.796488,125.308045
43.796488,125.308045
43.796488,125.308045
43.796488,125.308045
43.796488,125.308045
43.796488,125.308045
43.796488,125.308045
43.796488,125.308045
43.796488,125.308045
43.796488,125.308045
43.796488,125.308045
43.796488,125.308045
43.796488,125.308045
43.796488,125.308045
43.796488,125.308045
43.796488,125.308045
43.796489,125.308091
43.796489,125.308091
43.796489,125.308091
43.796489,125.308091
43.796489,125.308091
43.796489,125.308091
43.796489,125.308091
43.796489,125.308091
43.796489,125.308091
43.796489,125.308091
43.796489,125.308091
43.796489,125.308091
43.796489,125.308091
43.796489,125.308091
43.796489,125.308091
43.796489,125.308091
43.796489,125.308091
43.796489,125.308091
43.796489,125.308091
43.796489,125.308091
43.796488,125.308139
43.796488,125.308139
43.796488,125.308139
43.796488,125.308139
43.796488,125.308139
43.796488,125.308139
43.796488,125.308139
43.796488,125.308139
43.796488,125.308139
43.796488,125.308139
43.796488,125.308139
43.796488,125.308139
43.796488,125.308139
43.796488,125.308139
43.796488,125.308139
43.796488,125.308139
43.796488,125.308139
43.796488,125.308139
43.796488,125.308139
43.796488,125.308139
43.796488,125.308188
43.796488,125.308188
43.796488,125.308188
43.796488,125.308188
43.796488,125.308188
43.796488,125.308188
43.796488,125.308188
43.796488,125.308188
43.796488,125.308188
43.796488,125.308188
43.796488,125.308188
43.796488,125.308188
43.796488,125.308188
43.796488,125.308188
43.796488,125.308188
43.796488,125.308188
43.796488,125.308188
43.796488,125.308188
43.796488,125.308188
43.796488,125.308188
43.796487,125.30826
43.796487,125.30826
43.796487,125.30826
43.796487,125.30826
43.796487,125.30826
43.796487,125.30826
43.796487,125.30826
43.796487,125.30826
43.796487,125.30826
43.796487,125.30826
43.796487,125.30826
43.796487,125.30826
43.796487,125.30826
43.796487,125.30826
43.796487,125.30826
43.796487,125.30826
43.796487,125.30826
43.796487,125.30826
43.796487,125.30826
43.796487,125.30826
43.796486,125.308348
43.796486,125.308348
43.796486,125.308348
43.796486,125.308348
43.796486,125.308348
43.796486,125.308348
43.796486,125.308348
43.796486,125.308348
43.796486,125.308348
43.796486,125.308348
43.796486,125.308348
43.796486,125.308348
43.796486,125.308348
43.796486,125.308348
43.796486,125.308348
43.796486,125.308348
43.796486,125.308348
43.796486,125.308348
43.796486,125.308348
43.796486,125.308348
43.796486,125.308445
43.796486,125.308445
43.796486,125.308445
43.796486,125.308445
43.796486,125.308445
43.796486,125.308445
43.796486,125.308445
43.796486,125.308445
43.796486,125.308445
43.796486,125.308445
43.796486,125.308445
43.796486,125.308445
43.796486,125.308445
43.796486,125.308445
43.796486,125.308445
43.796486,125.308445
43.796486,125.308445
43.796486,125.308445
43.796486,125.308445
43.796486,125.308445
43.796487,125.308546
43.796487,125.308546
43.796487,125.308546
43.796487,125.308546
43.796487,125.308546
43.796487,125.308546
43.796487,125.308546
43.796487,125.308546
43.796487,125.308546
43.796487,125.308546
43.796487,125.308546
43.796487,125.308546
43.796487,125.308546
43.796487,125.308546
43.796487,125.308546
43.796487,125.308546
43.796487,125.308546
43.796487,125.308546
43.796487,125.308546
43.796487,125.308546
43.796487,125.308667
43.796487,125.308667
43.796487,125.308667
43.796487,125.308667
43.796487,125.308667
43.796487,125.308667
43.796487,125.308667
43.796487,125.308667
43.796487,125.308667
43.796487,125.308667
43.796487,125.308667
43.796487,125.308667
43.796487,125.308667
43.796487,125.308667
43.796487,125.308667
43.796487,125.308667
43.796487,125.308667
43.796487,125.308667
43.796487,125.308667
43.796487,125.308667
43.796487,125.308799
43.796487,125.308799
43.796487,125.308799
43.796487,125.308799
43.796487,125.308799
43.796487,125.308799
43.796487,125.308799
43.796487,125.308799
43.796487,125.308799
43.796487,125.308799
43.796487,125.308799
43.796487,125.308799
43.796487,125.308799
43.796487,125.308799
43.796487,125.308799
43.796487,125.308799
43.796487,125.308799
43.796487,125.308799
43.796487,125.308799
43.796487,125.308799
43.796487,125.30893
43.796487,125.30893
43.796487,125.30893
43.796487,125.30893
43.796487,125.30893
43.796487,125.30893
43.796487,125.30893
43.796487,125.30893
43.796487,125.30893
43.796487,125.30893
43.796487,125.30893
43.796487,125.30893
43.796487,125.30893
43.796487,125.30893
43.796487,125.30893
43.796487,125.30893
43.796487,125.30893
43.796487,125.30893
43.796487,125.30893
43.796487,125.30893
43.796487,125.309064
43.796487,125.309064
43.796487,125.309064
43.796487,125.309064
43.796487,125.309064
43.796487,125.309064
43.796487,125.309064
43.796487,125.309064
43.796487,125.309064
43.796487,125.309064
43.796487,125.309064
43.796487,125.309064
43.796487,125.309064
43.796487,125.309064
43.796487,125.309064
43.796487,125.309064
43.796487,125.309064
43.796487,125.309064
43.796487,125.309064
43.796487,125.309064
43.796488,125.309183
43.796488,125.309183
43.796488,125.309183
43.796488,125.309183
43.796488,125.309183
43.796488,125.309183
43.796488,125.309183
43.796488,125.309183
43.796488,125.309183
43.796488,125.309183
43.796488,125.309183
43.796488,125.309183
43.796488,125.309183
43.796488,125.309183
43.796488,125.309183
43.796488,125.309183
43.796488,125.309183
43.796488,125.309183
43.796488,125.309183
43.796488,125.309183
43.796489,125.309283
43.796489,125.309283
43.796489,125.309283
43.796489,125.309283
43.796489,125.309283
43.796489,125.309283
43.796489,125.309283
43.796489,125.309283
43.796489,125.309283
43.796489,125.309283
43.796489,125.309283
43.796489,125.309283
43.796489,125.309283
43.796489,125.309283
43.796489,125.309283
43.796489,125.309283
43.796489,125.309283
43.796489,125.309283
43.796489,125.309283
43.796489,125.309283
43.796491,125.309377
43.796491,125.309377
43.796491,125.309377
43.796491,125.309377
43.796491,125.309377
43.796491,125.309377
43.796491,125.309377
43.796491,125.309377
43.796491,125.309377
43.796491,125.309377
43.796491,125.309377
43.796491,125.309377
43.796491,125.309377
43.796491,125.309377
43.796491,125.309377
43.796491,125.309377
43.796491,125.309377
43.796491,125.309377
43.796491,125.309377
43.796491,125.309377
43.796492,125.309483
43.796492,125.309483
43.796492,125.309483
43.796492,125.309483
43.796492,125.309483
43.796492,125.309483
43.796492,125.309483
43.796492,125.309483
43.796492,125.309483
43.796492,125.309483
43.796492,125.309483
43.796492,125.309483
43.796492,125.309483
43.796492,125.309483
43.796492,125.309483
43.796492,125.309483
43.796492,125.309483
43.796492,125.309483
43.796492,125.309483
43.796492,125.309483
43.796491,125.309614
43.796491,125.309614
43.796491,125.309614
43.796491,125.309614
43.796491,125.309614
43.796491,125.309614
43.796491,125.309614
43.796491,125.309614
43.796491,125.309614
43.796491,125.309614
43.796491,125.309614
43.796491,125.309614
43.796491,125.309614
43.796491,125.309614
43.796491,125.309614
43.796491,125.309614
43.796491,125.309614
43.796491,125.309614
43.796491,125.309614
43.796491,125.309614
43.796491,125.309764
43.796491,125.309764
43.796491,125.309764
43.796491,125.309764
43.796491,125.309764
43.796491,125.309764
43.796491,125.309764
43.796491,125.309764
43.796491,125.309764
43.796491,125.309764
43.796491,125.309764
43.796491,125.309764
43.796491,125.309764
43.796491,125.309764
43.796491,125.309764
43.796491,125.309764
43.796491,125.309764
43.796491,125.309764
43.796491,125.309764
43.796491,125.309764
43.796489,125.309925
43.796489,125.309925
43.796489,125.309925
43.796489,125.309925
43.796489,125.309925
43.796489,125.309925
43.796489,125.309925
43.796489,125.309925
43.796489,125.309925
43.796489,125.309925
43.796489,125.309925
43.796489,125.309925
43.796489,125.309925
43.796489,125.309925
43.796489,125.309925
43.796489,125.309925
43.796489,125.309925
43.796489,125.309925
43.796489,125.309925
43.796489,125.309925
43.796487,125.310093
43.796487,125.310093
43.796487,125.310093
43.796487,125.310093
43.796487,125.310093
43.796487,125.310093
43.796487,125.310093
43.796487,125.310093
43.796487,125.310093
43.796487,125.310093
43.796487,125.310093
43.796487,125.310093
43.796487,125.310093
43.796487,125.310093
43.796487,125.310093
43.796487,125.310093
43.796487,125.310093
43.796487,125.310093
43.796487,125.310093
43.796487,125.310093
43.796486,125.310262
43.796486,125.310262
43.796486,125.310262
43.796486,125.310262
43.796486,125.310262
43.796486,125.310262
43.796486,125.310262
43.796486,125.310262
43.796486,125.310262
43.796486,125.310262
43.796486,125.310262
43.796486,125.310262
43.796486,125.310262
43.796486,125.310262
43.796486,125.310262
43.796486,125.310262
43.796486,125.310262
43.796486,125.310262
43.796486,125.310262
43.796486,125.310262
43.796488,125.310458
43.796488,125.310458
43.796488,125.310458
43.796488,125.310458
43.796488,125.310458
43.796488,125.310458
43.796488,125.310458
43.796488,125.310458
43.796488,125.310458
43.796488,125.310458
43.796488,125.310458
43.796488,125.310458
43.796488,125.310458
43.796488,125.310458
43.796488,125.310458
43.796488,125.310458
43.796488,125.310458
43.796488,125.310458
43.796488,125.310458
43.796488,125.310458
43.79649,125.310659
43.79649,125.310659
43.79649,125.310659
43.79649,125.310659
43.79649,125.310659
43.79649,125.310659
43.79649,125.310659
43.79649,125.310659
43.79649,125.310659
43.79649,125.310659
43.79649,125.310659
43.79649,125.310659
43.79649,125.310659
43.79649,125.310659
43.79649,125.310659
43.79649,125.310659
43.79649,125.310659
43.79649,125.310659
43.79649,125.310659
43.79649,125.310659
43.796492,125.310827
43.796492,125.310827
43.796492,125.310827
43.796492,125.310827
43.796492,125.310827
43.796492,125.310827
43.796492,125.310827
43.796492,125.310827
43.796492,125.310827
43.796492,125.310827
43.796492,125.310827
43.796492,125.310827
43.796492,125.310827
43.796492,125.310827
43.796492,125.310827
43.796492,125.310827
43.796492,125.310827
43.796492,125.310827
43.796492,125.310827
43.796492,125.310827
43.796488,125.311031
43.796488,125.311031
43.796488,125.311031
43.796488,125.311031
43.796488,125.311031
43.796488,125.311031
43.796488,125.311031
43.796488,125.311031
43.796488,125.311031
43.796488,125.311031
43.796488,125.311031
43.796488,125.311031
43.796488,125.311031
43.796488,125.311031
43.796488,125.311031
43.796488,125.311031
43.796488,125.311031
43.796488,125.311031
43.796488,125.311031
43.796488,125.311031
43.796486,125.311246
43.796486,125.311246
43.796486,125.311246
43.796486,125.311246
43.796486,125.311246
43.796486,125.311246
43.796486,125.311246
43.796486,125.311246
43.796486,125.311246
43.796486,125.311246
43.796486,125.311246
43.796486,125.311246
43.796486,125.311246
43.796486,125.311246
43.796486,125.311246
43.796486,125.311246
43.796486,125.311246
43.796486,125.311246
43.796486,125.311246
43.796486,125.311246
43.796486,125.311443
43.796486,125.311443
43.796486,125.311443
43.796486,125.311443
43.796486,125.311443
43.796486,125.311443
43.796486,125.311443
43.796486,125.311443
43.796486,125.311443
43.796486,125.311443
43.796486,125.311443
43.796486,125.311443
43.796486,125.311443
43.796486,125.311443
43.796486,125.311443
43.796486,125.311443
43.796486,125.311443
43.796486,125.311443
43.796486,125.311443
43.796486,125.311443
43.796487,125.311627
43.796487,125.311627
43.796487,125.311627
43.796487,125.311627
43.796487,125.311627
43.796487,125.311627
43.796487,125.311627
43.796487,125.311627
43.796487,125.311627
43.796487,125.311627
43.796487,125.311627
43.796487,125.311627
43.796487,125.311627
43.796487,125.311627
43.796487,125.311627
43.796487,125.311627
43.796487,125.311627
43.796487,125.311627
43.796487,125.311627
43.796487,125.311627
43.796487,125.311824
43.796487,125.311824
43.796487,125.311824
43.796487,125.311824
43.796487,125.311824
43.796487,125.311824
43.796487,125.311824
43.796487,125.311824
43.796487,125.311824
43.796487,125.311824
43.796487,125.311824
43.796487,125.311824
43.796487,125.311824
43.796487,125.311824
43.796487,125.311824
43.796487,125.311824
43.796487,125.311824
43.796487,125.311824
43.796487,125.311824
43.796487,125.311824
43.796486,125.311996
43.796486,125.311996
43.796486,125.311996
43.796486,125.311996
43.796486,125.311996
43.796486,125.311996
43.796486,125.311996
43.796486,125.311996
43.796486,125.311996
43.796486,125.311996
43.796486,125.311996
43.796486,125.311996
43.796486,125.311996
43.796486,125.311996
43.796486,125.311996
43.796486,125.311996
43.796486,125.311996
43.796486,125.311996
43.796486,125.311996
43.796486,125.311996
43.796485,125.312197
43.796485,125.312197
43.796485,125.312197
43.796485,125.312197
43.796485,125.312197
43.796485,125.312197
43.796485,125.312197
43.796485,125.312197
43.796485,125.312197
43.796485,125.312197
43.796485,125.312197
43.796485,125.312197
43.796485,125.312197
43.796485,125.312197
43.796485,125.312197
43.796485,125.312197
43.796485,125.312197
43.796485,125.312197
43.796485,125.312197
43.796485,125.312197
43.796486,125.312411
43.796486,125.312411
43.796486,125.312411
43.796486,125.312411
43.796486,125.312411
43.796486,125.312411
43.796486,125.312411
43.796486,125.312411
43.796486,125.312411
43.796486,125.312411
43.796486,125.312411
43.796486,125.312411
43.796486,125.312411
43.796486,125.312411
43.796486,125.312411
43.796486,125.312411
43.796486,125.312411
43.796486,125.312411
43.796486,125.312411
43.796486,125.312411
43.796487,125.312605
43.796487,125.312605
43.796487,125.312605
43.796487,125.312605
43.796487,125.312605
43.796487,125.312605
43.796487,125.312605
43.796487,125.312605
43.796487,125.312605
43.796487,125.312605
43.796487,125.312605
43.796487,125.312605
43.796487,125.312605
43.796487,125.312605
43.796487,125.312605
43.796487,125.312605
43.796487,125.312605
43.796487,125.312605
43.796487,125.312605
43.796487,125.312605
43.796487,125.312802
43.796487,125.312802
43.796487,125.312802
43.796487,125.312802
43.796487,125.312802
43.796487,125.312802
43.796487,125.312802
43.796487,125.312802
43.796487,125.312802
43.796487,125.312802
43.796487,125.312802
43.796487,125.312802
43.796487,125.312802
43.796487,125.312802
43.796487,125.312802
43.796487,125.312802
43.796487,125.312802
43.796487,125.312802
43.796487,125.312802
43.796487,125.312802
43.796487,125.313003
43.796487,125.313003
43.796487,125.313003
43.796487,125.313003
43.796487,125.313003
43.796487,125.313003
43.796487,125.313003
43.796487,125.313003
43.796487,125.313003
43.796487,125.313003
43.796487,125.313003
43.796487,125.313003
43.796487,125.313003
43.796487,125.313003
43.796487,125.313003
43.796487,125.313003
43.796487,125.313003
43.796487,125.313003
43.796487,125.313003
43.796487,125.313003
43.796486,125.313196
43.796486,125.313196
43.796486,125.313196
43.796486,125.313196
43.796486,125.313196
43.796486,125.313196
43.796486,125.313196
43.796486,125.313196
43.796486,125.313196
43.796486,125.313196
43.796486,125.313196
43.796486,125.313196
43.796486,125.313196
43.796486,125.313196
43.796486,125.313196
43.796486,125.313196
43.796486,125.313196
43.796486,125.313196
43.796486,125.313196
43.796486,125.313196
43.796486,125.313365
43.796486,125.313365
43.796486,125.313365
43.796486,125.313365
43.796486,125.313365
43.796486,125.313365
43.796486,125.313365
43.796486,125.313365
43.796486,125.313365
43.796486,125.313365
43.796486,125.313365
43.796486,125.313365
43.796486,125.313365
43.796486,125.313365
43.796486,125.313365
43.796486,125.313365
43.796486,125.313365
43.796486,125.313365
43.796486,125.313365
43.796486,125.313365
43.796487,125.313538
43.796487,125.313538
43.796487,125.313538
43.796487,125.313538
43.796487,125.313538
43.796487,125.313538
43.796487,125.313538
43.796487,125.313538
43.796487,125.313538
43.796487,125.313538
43.796487,125.313538
43.796487,125.313538
43.796487,125.313538
43.796487,125.313538
43.796487,125.313538
43.796487,125.313538
43.796487,125.313538
43.796487,125.313538
43.796487,125.313538
43.796487,125.313538
43.796485,125.313729
43.796485,125.313729
43.796485,125.313729
43.796485,125.313729
43.796485,125.313729
43.796485,125.313729
43.796485,125.313729
43.796485,125.313729
43.796485,125.313729
43.796485,125.313729
43.796485,125.313729
43.796485,125.313729
43.796485,125.313729
43.796485,125.313729
43.796485,125.313729
43.796485,125.313729
43.796485,125.313729
43.796485,125.313729
43.796485,125.313729
43.796485,125.313729
43.796484,125.31393
43.796484,125.31393
43.796484,125.31393
43.796484,125.31393
43.796484,125.31393
43.796484,125.31393
43.796484,125.31393
43.796484,125.31393
43.796484,125.31393
43.796484,125.31393
43.796484,125.31393
43.796484,125.31393
43.796484,125.31393
43.796484,125.31393
43.796484,125.31393
43.796484,125.31393
43.796484,125.31393
43.796484,125.31393
43.796484,125.31393
43.796484,125.31393
43.796482,125.314125
43.796482,125.314125
43.796482,125.314125
43.796482,125.314125
43.796482,125.314125
43.796482,125.314125
43.796482,125.314125
43.796482,125.314125
43.796482,125.314125
43.796482,125.314125
43.796482,125.314125
43.796482,125.314125
43.796482,125.314125
43.796482,125.314125
43.796482,125.314125
43.796482,125.314125
43.796482,125.314125
43.796482,125.314125
43.796482,125.314125
43.796482,125.314125
43.796482,125.314328
43.796482,125.314328
43.796482,125.314328
43.796482,125.314328
43.796482,125.314328
43.796482,125.314328
43.796482,125.314328
43.796482,125.314328
43.796482,125.314328
43.796482,125.314328
43.796482,125.314328
43.796482,125.314328
43.796482,125.314328
43.796482,125.314328
43.796482,125.314328
43.796482,125.314328
43.796482,125.314328
43.796482,125.314328
43.796482,125.314328
43.796482,125.314328
43.796484,125.314532
43.796484,125.314532
43.796484,125.314532
43.796484,125.314532
43.796484,125.314532
43.796484,125.314532
43.796484,125.314532
43.796484,125.314532
43.796484,125.314532
43.796484,125.314532
43.796484,125.314532
43.796484,125.314532
43.796484,125.314532
43.796484,125.314532
43.796484,125.314532
43.796484,125.314532
43.796484,125.314532
43.796484,125.314532
43.796484,125.314532
43.796484,125.314532
43.796485,125.314719
43.796485,125.314719
43.796485,125.314719
43.796485,125.314719
43.796485,125.314719
43.796485,125.314719
43.796485,125.314719
43.796485,125.314719
43.796485,125.314719
43.796485,125.314719
43.796485,125.314719
43.796485,125.314719
43.796485,125.314719
43.796485,125.314719
43.796485,125.314719
43.796485,125.314719
43.796485,125.314719
43.796485,125.314719
43.796485,125.314719
43.796485,125.314719
43.796484,125.314905
43.796484,125.314905
43.796484,125.314905
43.796484,125.314905
43.796484,125.314905
43.796484,125.314905
43.796484,125.314905
43.796484,125.314905
43.796484,125.314905
43.796484,125.314905
43.796484,125.314905
43.796484,125.314905
43.796484,125.314905
43.796484,125.314905
43.796484,125.314905
43.796484,125.314905
43.796484,125.314905
43.796484,125.314905
43.796484,125.314905
43.796484,125.314905
43.796484,125.315084
43.796484,125.315084
43.796484,125.315084
43.796484,125.315084
43.796484,125.315084
43.796484,125.315084
43.796484,125.315084
43.796484,125.315084
43.796484,125.315084
43.796484,125.315084
43.796484,125.315084
43.796484,125.315084
43.796484,125.315084
43.796484,125.315084
43.796484,125.315084
43.796484,125.315084
43.796484,125.315084
43.796484,125.315084
43.796484,125.315084
43.796484,125.315084
43.796487,125.315259
43.796487,125.315259
43.796487,125.315259
43.796487,125.315259
43.796487,125.315259
43.796487,125.315259
43.796487,125.315259
43.796487,125.315259
43.796487,125.315259
43.796487,125.315259
43.796487,125.315259
43.796487,125.315259
43.796487,125.315259
43.796487,125.315259
43.796487,125.315259
43.796487,125.315259
43.796487,125.315259
43.796487,125.315259
43.796487,125.315259
43.796487,125.315259
43.796489,125.315452
43.796489,125.315452
43.796489,125.315452
43.796489,125.315452
43.796489,125.315452
43.796489,125.315452
43.796489,125.315452
43.796489,125.315452
43.796489,125.315452
43.796489,125.315452
43.796489,125.315452
43.796489,125.315452
43.796489,125.315452
43.796489,125.315452
43.796489,125.315452
43.796489,125.315452
43.796489,125.315452
43.796489,125.315452
43.796489,125.315452
43.796489,125.315452
43.796492,125.315643
43.796492,125.315643
43.796492,125.315643
43.796492,125.315643
43.796492,125.315643
43.796492,125.315643
43.796492,125.315643
43.796492,125.315643
43.796492,125.315643
43.796492,125.315643
43.796492,125.315643
43.796492,125.315643
43.796492,125.315643
43.796492,125.315643
43.796492,125.315643
43.796492,125.315643
43.796492,125.315643
43.796492,125.315643
43.796492,125.315643
43.796492,125.315643
43.796493,125.315831
43.796493,125.315831
43.796493,125.315831
43.796493,125.315831
43.796493,125.315831
43.796493,125.315831
43.796493,125.315831
43.796493,125.315831
43.796493,125.315831
43.796493,125.315831
43.796493,125.315831
43.796493,125.315831
43.796493,125.315831
43.796493,125.315831
43.796493,125.315831
43.796493,125.315831
43.796493,125.315831
43.796493,125.315831
43.796493,125.315831
43.796493,125.315831
43.796494,125.316006
43.796494,125.316006
43.796494,125.316006
43.796494,125.316006
43.796494,125.316006
43.796494,125.316006
43.796494,125.316006
43.796494,125.316006
43.796494,125.316006
43.796494,125.316006
43.796494,125.316006
43.796494,125.316006
43.796494,125.316006
43.796494,125.316006
43.796494,125.316006
43.796494,125.316006
43.796494,125.316006
43.796494,125.316006
43.796494,125.316006
43.796494,125.316006
43.796495,125.316174
43.796495,125.316174
43.796495,125.316174
43.796495,125.316174
43.796495,125.316174
43.796495,125.316174
43.796495,125.316174
43.796495,125.316174
43.796495,125.316174
43.796495,125.316174
43.796495,125.316174
43.796495,125.316174
43.796495,125.316174
43.796495,125.316174
43.796495,125.316174
43.796495,125.316174
43.796495,125.316174
43.796495,125.316174
43.796495,125.316174
43.796495,125.316174
43.796496,125.316345
43.796496,125.316345
43.796496,125.316345
43.796496,125.316345
43.796496,125.316345
43.796496,125.316345
43.796496,125.316345
43.796496,125.316345
43.796496,125.316345
43.796496,125.316345
43.796496,125.316345
43.796496,125.316345
43.796496,125.316345
43.796496,125.316345
43.796496,125.316345
43.796496,125.316345
43.796496,125.316345
43.796496,125.316345
43.796496,125.316345
43.796496,125.316345
43.796496,125.316544
43.796496,125.316544
43.796496,125.316544
43.796496,125.316544
43.796496,125.316544
43.796496,125.316544
43.796496,125.316544
43.796496,125.316544
43.796496,125.316544
43.796496,125.316544
43.796496,125.316544
43.796496,125.316544
43.796496,125.316544
43.796496,125.316544
43.796496,125.316544
43.796496,125.316544
43.796496,125.316544
43.796496,125.316544
43.796496,125.316544
43.796496,125.316544
43.796496,125.316751
43.796496,125.316751
43.796496,125.316751
43.796496,125.316751
43.796496,125.316751
43.796496,125.316751
43.796496,125.316751
43.796496,125.316751
43.796496,125.316751
43.796496,125.316751
43.796496,125.316751
43.796496,125.316751
43.796496,125.316751
43.796496,125.316751
43.796496,125.316751
43.796496,125.316751
43.796496,125.316751
43.796496,125.316751
43.796496,125.316751
43.796496,125.316751
43.796496,125.316966
43.796496,125.316966
43.796496,125.316966
43.796496,125.316966
43.796496,125.316966
43.796496,125.316966
43.796496,125.316966
43.796496,125.316966
43.796496,125.316966
43.796496,125.316966
43.796496,125.316966
43.796496,125.316966
43.796496,125.316966
43.796496,125.316966
43.796496,125.316966
43.796496,125.316966
43.796496,125.316966
43.796496,125.316966
43.796496,125.316966
43.796496,125.316966
43.796496,125.317153
43.796496,125.317153
43.796496,125.317153
43.796496,125.317153
43.796496,125.317153
43.796496,125.317153
43.796496,125.317153
43.796496,125.317153
43.796496,125.317153
43.796496,125.317153
43.796496,125.317153
43.796496,125.317153
43.796496,125.317153
43.796496,125.317153
43.796496,125.317153
43.796496,125.317153
43.796496,125.317153
43.796496,125.317153
43.796496,125.317153
43.796496,125.317153
43.796496,125.31732
43.796496,125.31732
43.796496,125.31732
43.796496,125.31732
43.796496,125.31732
43.796496,125.31732
43.796496,125.31732
43.796496,125.31732
43.796496,125.31732
43.796496,125.31732
43.796496,125.31732
43.796496,125.31732
43.796496,125.31732
43.796496,125.31732
43.796496,125.31732
43.796496,125.31732
43.796496,125.31732
43.796496,125.31732
43.796496,125.31732
43.796496,125.31732
43.796496,125.317508
43.796496,125.317508
43.796496,125.317508
43.796496,125.317508
43.796496,125.317508
43.796496,125.317508
43.796496,125.317508
43.796496,125.317508
43.796496,125.317508
43.796496,125.317508
43.796496,125.317508
43.796496,125.317508
43.796496,125.317508
43.796496,125.317508
43.796496,125.317508
43.796496,125.317508
43.796496,125.317508
43.796496,125.317508
43.796496,125.317508
43.796496,125.317508
43.796496,125.317677
43.796496,125.317677
43.796496,125.317677
43.796496,125.317677
43.796496,125.317677
43.796496,125.317677
43.796496,125.317677
43.796496,125.317677
43.796496,125.317677
43.796496,125.317677
43.796496,125.317677
43.796496,125.317677
43.796496,125.317677
43.796496,125.317677
43.796496,125.317677
43.796496,125.317677
43.796496,125.317677
43.796496,125.317677
43.796496,125.317677
43.796496,125.317677
43.796495,125.317818
43.796495,125.317818
43.796495,125.317818
43.796495,125.317818
43.796495,125.317818
43.796495,125.317818
43.796495,125.317818
43.796495,125.317818
43.796495,125.317818
43.796495,125.317818
43.796495,125.317818
43.796495,125.317818
43.796495,125.317818
43.796495,125.317818
43.796495,125.317818
43.796495,125.317818
43.796495,125.317818
43.796495,125.317818
43.796495,125.317818
43.796495,125.317818
43.796494,125.318001
43.796494,125.318001
43.796494,125.318001
43.796494,125.318001
43.796494,125.318001
43.796494,125.318001
43.796494,125.318001
43.796494,125.318001
43.796494,125.318001
43.796494,125.318001
43.796494,125.318001
43.796494,125.318001
43.796494,125.318001
43.796494,125.318001
43.796494,125.318001
43.796494,125.318001
43.796494,125.318001
43.796494,125.318001
43.796494,125.318001
43.796494,125.318001
43.796494,125.31818
43.796494,125.31818
43.796494,125.31818
43.796494,125.31818
43.796494,125.31818
43.796494,125.31818
43.796494,125.31818
43.796494,125.31818
43.796494,125.31818
43.796494,125.31818
43.796494,125.31818
43.796494,125.31818
43.796494,125.31818
43.796494,125.31818
43.796494,125.31818
43.796494,125.31818
43.796494,125.31818
43.796494,125.31818
43.796494,125.31818
43.796494,125.31818
43.796495,125.318341
43.796495,125.318341
43.796495,125.318341
43.796495,125.318341
43.796495,125.318341
43.796495,125.318341
43.796495,125.318341
43.796495,125.318341
43.796495,125.318341
43.796495,125.318341
43.796495,125.318341
43.796495,125.318341
43.796495,125.318341
43.796495,125.318341
43.796495,125.318341
43.796495,125.318341
43.796495,125.318341
43.796495,125.318341
43.796495,125.318341
43.796495,125.318341
43.796495,125.318518
43.796495,125.318518
43.796495,125.318518
43.796495,125.318518
43.796495,125.318518
43.796495,125.318518
43.796495,125.318518
43.796495,125.318518
43.796495,125.318518
43.796495,125.318518
43.796495,125.318518
43.796495,125.318518
43.796495,125.318518
43.796495,125.318518
43.796495,125.318518
43.796495,125.318518
43.796495,125.318518
43.796495,125.318518
43.796495,125.318518
43.796495,125.318518
43.796495,125.318689
43.796495,125.318689
43.796495,125.318689
43.796495,125.318689
43.796495,125.318689
43.796495,125.318689
43.796495,125.318689
43.796495,125.318689
43.796495,125.318689
43.796495,125.318689
43.796495,125.318689
43.796495,125.318689
43.796495,125.318689
43.796495,125.318689
43.796495,125.318689
43.796495,125.318689
43.796495,125.318689
43.796495,125.318689
43.796495,125.318689
43.796495,125.318689
43.796494,125.318826
43.796494,125.318826
43.796494,125.318826
43.796494,125.318826
43.796494,125.318826
43.796494,125.318826
43.796494,125.318826
43.796494,125.318826
43.796494,125.318826
43.796494,125.318826
43.796494,125.318826
43.796494,125.318826
43.796494,125.318826
43.796494,125.318826
43.796494,125.318826
43.796494,125.318826
43.796494,125.318826
43.796494,125.318826
43.796494,125.318826
43.796494,125.318826
43.796495,125.318992
43.796495,125.318992
43.796495,125.318992
43.796495,125.318992
43.796495,125.318992
43.796495,125.318992
43.796495,125.318992
43.796495,125.318992
43.796495,125.318992
43.796495,125.318992
43.796495,125.318992
43.796495,125.318992
43.796495,125.318992
43.796495,125.318992
43.796495,125.318992
43.796495,125.318992
43.796495,125.318992
43.796495,125.318992
43.796495,125.318992
43.796495,125.318992
43.796495,125.319157
43.796495,125.319157
43.796495,125.319157
43.796495,125.319157
43.796495,125.319157
43.796495,125.319157
43.796495,125.319157
43.796495,125.319157
43.796495,125.319157
43.796495,125.319157
43.796495,125.319157
43.796495,125.319157
43.796495,125.319157
43.796495,125.319157
43.796495,125.319157
43.796495,125.319157
43.796495,125.319157
43.796495,125.319157
43.796495,125.319157
43.796495,125.319157
43.796496,125.319297
43.796496,125.319297
43.796496,125.319297
43.796496,125.319297
43.796496,125.319297
43.796496,125.319297
43.796496,125.319297
43.796496,125.319297
43.796496,125.319297
43.796496,125.319297
43.796496,125.319297
43.796496,125.319297
43.796496,125.319297
43.796496,125.319297
43.796496,125.319297
43.796496,125.319297
43.796496,125.319297
43.796496,125.319297
43.796496,125.319297
43.796496,125.319297
43.796498,125.319455
43.796498,125.319455
43.796498,125.319455
43.796498,125.319455
43.796498,125.319455
43.796498,125.319455
43.796498,125.319455
43.796498,125.319455
43.796498,125.319455
43.796498,125.319455
43.796498,125.319455
43.796498,125.319455
43.796498,125.319455
43.796498,125.319455
43.796498,125.319455
43.796498,125.319455
43.796498,125.319455
43.796498,125.319455
43.796498,125.319455
43.796498,125.319455
43.796499,125.319596
43.796499,125.319596
43.796499,125.319596
43.796499,125.319596
43.796499,125.319596
43.796499,125.319596
43.796499,125.319596
43.796499,125.319596
43.796499,125.319596
43.796499,125.319596
43.796499,125.319596
43.796499,125.319596
43.796499,125.319596
43.796499,125.319596
43.796499,125.319596
43.796499,125.319596
43.796499,125.319596
43.796499,125.319596
43.796499,125.319596
43.796499,125.319596
43.796501,125.319713
43.796501,125.319713
43.796501,125.319713
43.796501,125.319713
43.796501,125.319713
43.796501,125.319713
43.796501,125.319713
43.796501,125.319713
43.796501,125.319713
43.796501,125.319713
43.796501,125.319713
43.796501,125.319713
43.796501,125.319713
43.796501,125.319713
43.796501,125.319713
43.796501,125.319713
43.796501,125.319713
43.796501,125.319713
43.796501,125.319713
43.796501,125.319713
43.796502,125.319845
43.796502,125.319845
43.796502,125.319845
43.796502,125.319845
43.796502,125.319845
43.796502,125.319845
43.796502,125.319845
43.796502,125.319845
43.796502,125.319845
43.796502,125.319845
43.796502,125.319845
43.796502,125.319845
43.796502,125.319845
43.796502,125.319845
43.796502,125.319845
43.796502,125.319845
43.796502,125.319845
43.796502,125.319845
43.796502,125.319845
43.796502,125.319845
43.796501,125.31997
43.796501,125.31997
43.796501,125.31997
43.796501,125.31997
43.796501,125.31997
43.796501,125.31997
43.796501,125.31997
43.796501,125.31997
43.796501,125.31997
43.796501,125.31997
43.796501,125.31997
43.796501,125.31997
43.796501,125.31997
43.796501,125.31997
43.796501,125.31997
43.796501,125.31997
43.796501,125.31997
43.796501,125.31997
43.796501,125.31997
43.796501,125.31997
43.796502,125.320081
43.796502,125.320081
43.796502,125.320081
43.796502,125.320081
43.796502,125.320081
43.796502,125.320081
43.796502,125.320081
43.796502,125.320081
43.796502,125.320081
43.796502,125.320081
43.796502,125.320081
43.796502,125.320081
43.796502,125.320081
43.796502,125.320081
43.796502,125.320081
43.796502,125.320081
43.796502,125.320081
43.796502,125.320081
43.796502,125.320081
43.796502,125.320081
43.796503,125.320157
43.796503,125.320157
43.796503,125.320157
43.796503,125.320157
43.796503,125.320157
43.796503,125.320157
43.796503,125.320157
43.796503,125.320157
43.796503,125.320157
43.796503,125.320157
43.796503,125.320157
43.796503,125.320157
43.796503,125.320157
43.796503,125.320157
43.796503,125.320157
43.796503,125.320157
43.796503,125.320157
43.796503,125.320157
43.796503,125.320157
43.796503,125.320157
43.796503,125.320208
43.796503,125.320208
43.796503,125.320208
43.796503,125.320208
43.796503,125.320208
43.796503,125.320208
43.796503,125.320208
43.796503,125.320208
43.796503,125.320208
43.796503,125.320208
43.796503,125.320208
43.796503,125.320208
43.796503,125.320208
43.796503,125.320208
43.796503,125.320208
43.796503,125.320208
43.796503,125.320208
43.796503,125.320208
43.796503,125.320208
43.796503,125.320208
43.796503,125.320246
43.796503,125.320246
43.796503,125.320246
43.796503,125.320246
43.796503,125.320246
43.796503,125.320246
43.796503,125.320246
43.796503,125.320246
43.796503,125.320246
43.796503,125.320246
43.796503,125.320246
43.796503,125.320246
43.796503,125.320246
43.796503,125.320246
43.796503,125.320246
43.796503,125.320246
43.796503,125.320246
43.796503,125.320246
43.796503,125.320246
43.796503,125.320246
43.796503,125.320276
43.796503,125.320276
43.796503,125.320276
43.796503,125.320276
43.796503,125.320276
43.796503,125.320276
43.796503,125.320276
43.796503,125.320276
43.796503,125.320276
43.796503,125.320276
43.796503,125.320276
43.796503,125.320276
43.796503,125.320276
43.796503,125.320276
43.796503,125.320276
43.796503,125.320276
43.796503,125.320276
43.796503,125.320276
43.796503,125.320276
43.796503,125.320276
43.796505,125.320303
43.796505,125.320303
43.796505,125.320303
43.796505,125.320303
43.796505,125.320303
43.796505,125.320303
43.796505,125.320303
43.796505,125.320303
43.796505,125.320303
43.796505,125.320303
43.796505,125.320303
43.796505,125.320303
43.796505,125.320303
43.796505,125.320303
43.796505,125.320303
43.796505,125.320303
43.796505,125.320303
43.796505,125.320303
43.796505,125.320303
43.796505,125.320303
43.796504,125.320331
43.796504,125.320331
43.796504,125.320331
43.796504,125.320331
43.796504,125.320331
43.796504,125.320331
43.796504,125.320331
43.796504,125.320331
43.796504,125.320331
43.796504,125.320331
43.796504,125.320331
43.796504,125.320331
43.796504,125.320331
43.796504,125.320331
43.796504,125.320331
43.796504,125.320331
43.796504,125.320331
43.796504,125.320331
43.796504,125.320331
43.796504,125.320331
43.796505,125.32036
43.796505,125.32036
43.796505,125.32036
43.796505,125.32036
43.796505,125.32036
43.796505,125.32036
43.796505,125.32036
43.796505,125.32036
43.796505,125.32036
43.796505,125.32036
43.796505,125.32036
43.796505,125.32036
43.796505,125.32036
43.796505,125.32036
43.796505,125.32036
43.796505,125.32036
43.796505,125.32036
43.796505,125.32036
43.796505,125.32036
43.796505,125.32036
43.796505,125.320389
43.796505,125.320389
43.796505,125.320389
43.796505,125.320389
43.796505,125.320389
43.796505,125.320389
43.796505,125.320389
43.796505,125.320389
43.796505,125.320389
43.796505,125.320389
43.796505,125.320389
43.796505,125.320389
43.796505,125.320389
43.796505,125.320389
43.796505,125.320389
43.796505,125.320389
43.796505,125.320389
43.796505,125.320389
43.796505,125.320389
43.796505,125.320389
43.796505,125.320412
43.796505,125.320412
43.796505,125.320412
43.796505,125.320412
43.796505,125.320412
43.796505,125.320412
43.796505,125.320412
43.796505,125.320412
43.796505,125.320412
43.796505,125.320412
43.796505,125.320412
43.796505,125.320412
43.796505,125.320412
43.796505,125.320412
43.796505,125.320412
43.796505,125.320412
43.796505,125.320412
43.796505,125.320412
43.796505,125.320412
43.796505,125.320412
43.796505,125.320437
43.796505,125.320437
43.796505,125.320437
43.796505,125.320437
43.796505,125.320437
43.796505,125.320437
43.796505,125.320437
43.796505,125.320437
43.796505,125.320437
43.796505,125.320437
43.796505,125.320437
43.796505,125.320437
43.796505,125.320437
43.796505,125.320437
43.796505,125.320437
43.796505,125.320437
43.796505,125.320437
43.796505,125.320437
43.796505,125.320437
43.796505,125.320437
43.796505,125.320453
43.796505,125.320453
43.796505,125.320453
43.796505,125.320453
43.796505,125.320453
43.796505,125.320453
43.796505,125.320453
43.796505,125.320453
43.796505,125.320453
43.796505,125.320453
43.796505,125.320453
43.796505,125.320453
43.796505,125.320453
43.796505,125.320453
43.796505,125.320453
43.796505,125.320453
43.796505,125.320453
43.796505,125.320453
43.796505,125.320453
43.796505,125.320453
43.796506,125.320469
43.796506,125.320469
43.796506,125.320469
43.796506,125.320469
43.796506,125.320469
43.796506,125.320469
43.796506,125.320469
43.796506,125.320469
43.796506,125.320469
43.796506,125.320469
43.796506,125.320469
43.796506,125.320469
43.796506,125.320469
43.796506,125.320469
43.796506,125.320469
43.796506,125.320469
43.796506,125.320469
43.796506,125.320469
43.796506,125.320469
43.796506,125.320469
43.796506,125.320484
43.796506,125.320484
43.796506,125.320484
43.796506,125.320484
43.796506,125.320484
43.796506,125.320484
43.796506,125.320484
43.796506,125.320484
43.796506,125.320484
43.796506,125.320484
43.796506,125.320484
43.796506,125.320484
43.796506,125.320484
43.796506,125.320484
43.796506,125.320484
43.796506,125.320484
43.796506,125.320484
43.796506,125.320484
43.796506,125.320484
43.796506,125.320484
43.796506,125.320492
43.796506,125.320492
43.796506,125.320492
43.796506,125.320492
43.796506,125.320492
43.796506,125.320492
43.796506,125.320492
43.796506,125.320492
43.796506,125.320492
43.796506,125.320492
43.796506,125.320492
43.796506,125.320492
43.796506,125.320492
43.796506,125.320492
43.796506,125.320492
43.796506,125.320494
43.796506,125.320494
43.796506,125.320494
43.796506,125.320494
43.796506,125.320494
43.796506,125.320494
43.796506,125.320494
43.796506,125.320494
43.796506,125.320494
43.796506,125.320494
43.796506,125.320494
43.796506,125.320494
43.796506,125.320494
43.796506,125.320494
43.796506,125.320494
43.796506,125.320494
43.796506,125.320494
43.796506,125.320494
43.796506,125.320494
43.796506,125.320494
43.796506,125.320495
43.796506,125.320495
43.796506,125.320495
43.796506,125.320495
43.796506,125.320495
43.796506,125.320495
43.796506,125.320495
43.796506,125.320495
43.796506,125.320495
43.796506,125.320495
43.796506,125.320495
43.796506,125.320495
43.796506,125.320495
43.796506,125.320495
43.796506,125.320495
43.796506,125.320495
43.796506,125.320495
43.796506,125.320495
43.796506,125.320495
43.796506,125.320495
43.796506,125.320495
43.796506,125.320495
43.796506,125.320495
43.796506,125.320495
43.796506,125.320495
43.796506,125.320495
43.796506,125.320495
43.796506,125.320495
43.796506,125.320495
43.796506,125.320495
43.796506,125.320495
43.796506,125.320495
43.796506,125.320495
43.796506,125.320495
43.796506,125.320495
43.796506,125.320495
43.796506,125.320495
43.796506,125.320495
43.796506,125.320495
43.796506,125.320495
43.796506,125.320495
43.796506,125.320495
43.796506,125.320495
43.796506,125.320495
43.796506,125.320495
43.796506,125.320495
43.796506,125.320495
43.796506,125.320495
43.796506,125.320495
43.796506,125.320495
43.796506,125.320495
43.796506,125.320495
43.796506,125.320495
43.796506,125.320495
43.796506,125.320495
43.796506,125.320495
43.796506,125.320495
43.796506,125.320495
43.796506,125.320495
43.796506,125.320495
43.796506,125.320495
43.796506,125.320495
43.796506,125.320495
43.796506,125.320495
43.796506,125.320495
43.796506,125.320495
43.796506,125.320495
43.796506,125.320495
43.796506,125.320495
43.796506,125.320495
43.796506,125.320495
43.796506,125.320495
43.796506,125.320495
43.796506,125.320495
43.796506,125.320495
43.796506,125.320495
43.796506,125.320495
43.796506,125.320495
43.796506,125.320495
43.796506,125.320495
43.796506,125.320495
43.796506,125.320495
43.796506,125.320495
43.796506,125.320495
43.796506,125.320495
43.796506,125.320495
43.796506,125.320495
43.796506,125.320495
43.796506,125.320495
43.796506,125.320495
43.796506,125.320495
43.796506,125.320495
43.796506,125.320495
43.796506,125.320495
43.796506,125.320495
43.796506,125.320495
43.796506,125.320495
43.796506,125.320495
43.796506,125.320495
43.796506,125.320495
43.796506,125.320495
43.796506,125.320495
43.796506,125.320495
43.796506,125.320495
43.796506,125.320495
43.796506,125.320495
43.796506,125.320495
43.796506,125.320495
43.796506,125.320495
43.796506,125.320495
43.796506,125.320495
43.796506,125.320495
43.796506,125.320495
43.796506,125.320495
43.796506,125.320495
43.796506,125.320495
43.796506,125.320495
43.796506,125.320495
43.796506,125.320495
43.796506,125.320495
43.796506,125.320495
43.796506,125.320495
43.796506,125.320495
43.796506,125.320495
43.796506,125.320495
43.796506,125.320495
43.796506,125.320495
43.796506,125.320495
43.796506,125.320495
43.796506,125.320495
43.796506,125.320495
43.796506,125.320495
43.796506,125.320495
43.796506,125.320495
43.796506,125.320495
43.796506,125.320495
43.796506,125.320495
43.796506,125.320495
43.796506,125.320495
43.796506,125.320495
43.796506,125.320495
43.796506,125.320495
43.796506,125.320495
43.796506,125.320495
43.796506,125.320495
43.796506,125.320495
43.796506,125.320495
43.796506,125.320495
43.796506,125.320495
43.796506,125.320495
43.796506,125.320495
43.796506,125.320495
43.796506,125.320495
43.796506,125.320495
43.796506,125.320495
43.796506,125.320495
43.796506,125.320495
43.796506,125.320495
43.796506,125.320495
43.796506,125.320495
43.796506,125.320495
43.796506,125.320495
43.796506,125.320495
43.796506,125.320495
43.796506,125.320495
43.796506,125.320495
43.796506,125.320495
43.796506,125.320495
43.796506,125.320495
43.796506,125.320495
43.796506,125.320495
43.796506,125.320495
43.796506,125.320495
43.796506,125.320495
43.796506,125.320495
43.796506,125.320495
43.796506,125.320495
43.796506,125.320495
43.796506,125.320495
43.796506,125.320495
43.796506,125.320495
43.796506,125.320495
43.796506,125.320495
43.796506,125.320495
43.796506,125.320495
43.796506,125.320495
43.796506,125.320495
43.796506,125.320495
43.796506,125.320495
43.796506,125.320495
43.796506,125.320495
43.796506,125.320495
43.796506,125.320495
43.796506,125.320495
43.796506,125.320495
43.796506,125.320495
43.796506,125.320495
43.796506,125.320495
43.796506,125.320495
43.796506,125.320495
43.796506,125.320495
43.796506,125.320495
43.796506,125.320495
43.796506,125.320495
43.796506,125.320495
43.796506,125.320495
43.796506,125.320495
43.796506,125.320495
43.796506,125.320495
43.796506,125.320495
43.796506,125.320495
43.796506,125.320495
43.796506,125.320495
43.796506,125.320495
43.796506,125.320495
43.796506,125.320495
43.796506,125.320495
43.796506,125.320495
43.796506,125.320495
43.796506,125.320495
43.796506,125.320495
43.796506,125.320495
43.796506,125.320495
43.796506,125.320495
43.796506,125.320495
43.796506,125.320495
43.796506,125.320495
43.796506,125.320495
43.796506,125.320495
43.796506,125.320495
43.796506,125.320495
43.796506,125.320495
43.796506,125.320495
43.796506,125.320495
43.796506,125.320495
43.796506,125.320495
43.796506,125.320495
43.796506,125.320495
43.796506,125.320495
43.796506,125.320495
43.796506,125.320495
43.796506,125.320495
43.796506,125.320495
43.796506,125.320495
43.796506,125.320495
43.796506,125.320495
43.796506,125.320495
43.796506,125.320495
43.796506,125.320495
43.796506,125.320495
43.796506,125.320495
43.796506,125.320495
43.796506,125.320495
43.796506,125.320495
43.796506,125.320495
43.796506,125.320495
43.796506,125.320495
43.796506,125.320495
43.796506,125.320495
43.796506,125.320495
43.796506,125.320495
43.796506,125.320495
43.796506,125.320495
43.796506,125.320495
43.796506,125.320495
43.796506,125.320495
43.796506,125.320495
43.796506,125.320495
43.796506,125.320495
43.796506,125.320495
43.796506,125.320495
43.796506,125.320495
43.796506,125.320495
43.796506,125.320495
43.796506,125.320495
43.796506,125.320495
43.796506,125.320495
43.796506,125.320495
43.796506,125.320495
43.796506,125.320495
43.796506,125.3205
43.796506,125.3205
43.796506,125.3205
43.796506,125.3205
43.796506,125.3205
43.796506,125.3205
43.796506,125.3205
43.796506,125.3205
43.796506,125.3205
43.796506,125.3205
43.796506,125.3205
43.796506,125.3205
43.796506,125.3205
43.796506,125.3205
43.796506,125.3205
43.796506,125.3205
43.796506,125.3205
43.796506,125.3205
43.796506,125.3205
43.796506,125.3205
43.796507,125.320514
43.796507,125.320514
43.796507,125.320514
43.796507,125.320514
43.796507,125.320514
43.796507,125.320514
43.796507,125.320514
43.796507,125.320514
43.796507,125.320514
43.796507,125.320514
43.796507,125.320514
43.796507,125.320514
43.796507,125.320514
43.796507,125.320514
43.796507,125.320514
43.796507,125.320514
43.796507,125.320514
43.796507,125.320514
43.796507,125.320514
43.796507,125.320514
43.796508,125.32053
43.796508,125.32053
43.796508,125.32053
43.796508,125.32053
43.796508,125.32053
43.796508,125.32053
43.796508,125.32053
43.796508,125.32053
43.796508,125.32053
43.796508,125.32053
43.796508,125.32053
43.796508,125.32053
43.796508,125.32053
43.796508,125.32053
43.796508,125.32053
43.796508,125.32053
43.796508,125.32053
43.796508,125.32053
43.796508,125.32053
43.796508,125.32053
43.796508,125.320551
43.796508,125.320551
43.796508,125.320551
43.796508,125.320551
43.796508,125.320551
43.796508,125.320551
43.796508,125.320551
43.796508,125.320551
43.796508,125.320551
43.796508,125.320551
43.796508,125.320551
43.796508,125.320551
43.796508,125.320551
43.796508,125.320551
43.796508,125.320551
43.796508,125.320551
43.796508,125.320551
43.796508,125.320551
43.796508,125.320551
43.796508,125.320551
43.796508,125.320572
43.796508,125.320572
43.796508,125.320572
43.796508,125.320572
43.796508,125.320572
43.796508,125.320572
43.796508,125.320572
43.796508,125.320572
43.796508,125.320572
43.796508,125.320572
43.796508,125.320572
43.796508,125.320572
43.796508,125.320572
43.796508,125.320572
43.796508,125.320572
43.796508,125.320572
43.796508,125.320572
43.796508,125.320572
43.796508,125.320572
43.796508,125.320572
43.796508,125.320606
43.796508,125.320606
43.796508,125.320606
43.796508,125.320606
43.796508,125.320606
43.796508,125.320606
43.796508,125.320606
43.796508,125.320606
43.796508,125.320606
43.796508,125.320606
43.796508,125.320606
43.796508,125.320606
43.796508,125.320606
43.796508,125.320606
43.796508,125.320606
43.796508,125.320606
43.796508,125.320606
43.796508,125.320606
43.796508,125.320606
43.796508,125.320606
43.796508,125.320652
43.796508,125.320652
43.796508,125.320652
43.796508,125.320652
43.796508,125.320652
43.796508,125.320652
43.796508,125.320652
43.796508,125.320652
43.796508,125.320652
43.796508,125.320652
43.796508,125.320652
43.796508,125.320652
43.796508,125.320652
43.796508,125.320652
43.796508,125.320652
43.796508,125.320652
43.796508,125.320652
43.796508,125.320652
43.796508,125.320652
43.796508,125.320652
43.796507,125.320705
43.796507,125.320705
43.796507,125.320705
43.796507,125.320705
43.796507,125.320705
43.796507,125.320705
43.796507,125.320705
43.796507,125.320705
43.796507,125.320705
43.796507,125.320705
43.796507,125.320705
43.796507,125.320705
43.796507,125.320705
43.796507,125.320705
43.796507,125.320705
43.796507,125.320705
43.796507,125.320705
43.796507,125.320705
43.796507,125.320705
43.796507,125.320705
43.796507,125.320764
43.796507,125.320764
43.796507,125.320764
43.796507,125.320764
43.796507,125.320764
43.796507,125.320764
43.796507,125.320764
43.796507,125.320764
43.796507,125.320764
43.796507,125.320764
43.796507,125.320764
43.796507,125.320764
43.796507,125.320764
43.796507,125.320764
43.796507,125.320764
43.796507,125.320764
43.796507,125.320764
43.796507,125.320764
43.796507,125.320764
43.796507,125.320764
43.796508,125.320824
43.796508,125.320824
43.796508,125.320824
43.796508,125.320824
43.796508,125.320824
43.796508,125.320824
43.796508,125.320824
43.796508,125.320824
43.796508,125.320824
43.796508,125.320824
43.796508,125.320824
43.796508,125.320824
43.796508,125.320824
43.796508,125.320824
43.796508,125.320824
43.796508,125.320824
43.796508,125.320824
43.796508,125.320824
43.796508,125.320824
43.796508,125.320824
43.796508,125.320885
43.796508,125.320885
43.796508,125.320885
43.796508,125.320885
43.796508,125.320885
43.796508,125.320885
43.796508,125.320885
43.796508,125.320885
43.796508,125.320885
43.796508,125.320885
43.796508,125.320885
43.796508,125.320885
43.796508,125.320885
43.796508,125.320885
43.796508,125.320885
43.796508,125.320885
43.796508,125.320885
43.796508,125.320885
43.796508,125.320885
43.796508,125.320885
43.796509,125.320945
43.796509,125.320945
43.796509,125.320945
43.796509,125.320945
43.796509,125.320945
43.796509,125.320945
43.796509,125.320945
43.796509,125.320945
43.796509,125.320945
43.796509,125.320945
43.796509,125.320945
43.796509,125.320945
43.796509,125.320945
43.796509,125.320945
43.796509,125.320945
43.796509,125.320945
43.796509,125.320945
43.796509,125.320945
43.796509,125.320945
43.796509,125.320945
43.796509,125.321021
43.796509,125.321021
43.796509,125.321021
43.796509,125.321021
43.796509,125.321021
43.796509,125.321021
43.796509,125.321021
43.796509,125.321021
43.796509,125.321021
43.796509,125.321021
43.796509,125.321021
43.796509,125.321021
43.796509,125.321021
43.796509,125.321021
43.796509,125.321021
43.796509,125.321021
43.796509,125.321021
43.796509,125.321021
43.796509,125.321021
43.796509,125.321021
43.796508,125.321111
43.796508,125.321111
43.796508,125.321111
43.796508,125.321111
43.796508,125.321111
43.796508,125.321111
43.796508,125.321111
43.796508,125.321111
43.796508,125.321111
43.796508,125.321111
43.796508,125.321111
43.796508,125.321111
43.796508,125.321111
43.796508,125.321111
43.796508,125.321111
43.796508,125.321111
43.796508,125.321111
43.796508,125.321111
43.796508,125.321111
43.796508,125.321111
43.796506,125.32121
43.796506,125.32121
43.796506,125.32121
43.796506,125.32121
43.796506,125.32121
43.796506,125.32121
43.796506,125.32121
43.796506,125.32121
43.796506,125.32121
43.796506,125.32121
43.796506,125.32121
43.796506,125.32121
43.796506,125.32121
43.796506,125.32121
43.796506,125.32121
43.796506,125.32121
43.796506,125.32121
43.796506,125.32121
43.796506,125.32121
43.796506,125.32121
43.796506,125.321318
43.796506,125.321318
43.796506,125.321318
43.796506,125.321318
43.796506,125.321318
43.796506,125.321318
43.796506,125.321318
43.796506,125.321318
43.796506,125.321318
43.796506,125.321318
43.796506,125.321318
43.796506,125.321318
43.796506,125.321318
43.796506,125.321318
43.796506,125.321318
43.796506,125.321318
43.796506,125.321318
43.796506,125.321318
43.796506,125.321318
43.796506,125.321318
43.796507,125.321433
43.796507,125.321433
43.796507,125.321433
43.796507,125.321433
43.796507,125.321433
43.796507,125.321433
43.796507,125.321433
43.796507,125.321433
43.796507,125.321433
43.796507,125.321433
43.796507,125.321433
43.796507,125.321433
43.796507,125.321433
43.796507,125.321433
43.796507,125.321433
43.796507,125.321433
43.796507,125.321433
43.796507,125.321433
43.796507,125.321433
43.796507,125.321433
43.796509,125.321557
43.796509,125.321557
43.796509,125.321557
43.796509,125.321557
43.796509,125.321557
43.796509,125.321557
43.796509,125.321557
43.796509,125.321557
43.796509,125.321557
43.796509,125.321557
43.796509,125.321557
43.796509,125.321557
43.796509,125.321557
43.796509,125.321557
43.796509,125.321557
43.796509,125.321557
43.796509,125.321557
43.796509,125.321557
43.796509,125.321557
43.796509,125.321557
43.796509,125.321695
43.796509,125.321695
43.796509,125.321695
43.796509,125.321695
43.796509,125.321695
43.796509,125.321695
43.796509,125.321695
43.796509,125.321695
43.796509,125.321695
43.796509,125.321695
43.796509,125.321695
43.796509,125.321695
43.796509,125.321695
43.796509,125.321695
43.796509,125.321695
43.796509,125.321695
43.796509,125.321695
43.796509,125.321695
43.796509,125.321695
43.796509,125.321695
43.796508,125.321847
43.796508,125.321847
43.796508,125.321847
43.796508,125.321847
43.796508,125.321847
43.796508,125.321847
43.796508,125.321847
43.796508,125.321847
43.796508,125.321847
43.796508,125.321847
43.796508,125.321847
43.796508,125.321847
43.796508,125.321847
43.796508,125.321847
43.796508,125.321847
43.796508,125.321847
43.796508,125.321847
43.796508,125.321847
43.796508,125.321847
43.796508,125.321847
43.79651,125.322008
43.79651,125.322008
43.79651,125.322008
43.79651,125.322008
43.79651,125.322008
43.79651,125.322008
43.79651,125.322008
43.79651,125.322008
43.79651,125.322008
43.79651,125.322008
43.79651,125.322008
43.79651,125.322008
43.79651,125.322008
43.79651,125.322008
43.79651,125.322008
43.79651,125.322008
43.79651,125.322008
43.79651,125.322008
43.79651,125.322008
43.79651,125.322008
43.796513,125.322169
43.796513,125.322169
43.796513,125.322169
43.796513,125.322169
43.796513,125.322169
43.796513,125.322169
43.796513,125.322169
43.796513,125.322169
43.796513,125.322169
43.796513,125.322169
43.796513,125.322169
43.796513,125.322169
43.796513,125.322169
43.796513,125.322169
43.796513,125.322169
43.796513,125.322169
43.796513,125.322169
43.796513,125.322169
43.796513,125.322169
43.796513,125.322169
43.796513,125.322321
43.796513,125.322321
43.796513,125.322321
43.796513,125.322321
43.796513,125.322321
43.796513,125.322321
43.796513,125.322321
43.796513,125.322321
43.796513,125.322321
43.796513,125.322321
43.796513,125.322321
43.796513,125.322321
43.796513,125.322321
43.796513,125.322321
43.796513,125.322321
43.796513,125.322321
43.796513,125.322321
43.796513,125.322321
43.796513,125.322321
43.796513,125.322321
43.796513,125.322467
43.796513,125.322467
43.796513,125.322467
43.796513,125.322467
43.796513,125.322467
43.796513,125.322467
43.796513,125.322467
43.796513,125.322467
43.796513,125.322467
43.796513,125.322467
43.796513,125.322467
43.796513,125.322467
43.796513,125.322467
43.796513,125.322467
43.796513,125.322467
43.796513,125.322467
43.796513,125.322467
43.796513,125.322467
43.796513,125.322467
43.796513,125.322467
43.796512,125.322603
43.796512,125.322603
43.796512,125.322603
43.796512,125.322603
43.796512,125.322603
43.796512,125.322603
43.796512,125.322603
43.796512,125.322603
43.796512,125.322603
43.796512,125.322603
43.796512,125.322603
43.796512,125.322603
43.796512,125.322603
43.796512,125.322603
43.796512,125.322603
43.796512,125.322603
43.796512,125.322603
43.796512,125.322603
43.796512,125.322603
43.796512,125.322603
43.796511,125.322745
43.796511,125.322745
43.796511,125.322745
43.796511,125.322745
43.796511,125.322745
43.796511,125.322745
43.796511,125.322745
43.796511,125.322745
43.796511,125.322745
43.796511,125.322745
43.796511,125.322745
43.796511,125.322745
43.796511,125.322745
43.796511,125.322745
43.796511,125.322745
43.796511,125.322745
43.796511,125.322745
43.796511,125.322745
43.796511,125.322745
43.796511,125.322745
43.796512,125.322889
43.796512,125.322889
43.796512,125.322889
43.796512,125.322889
43.796512,125.322889
43.796512,125.322889
43.796512,125.322889
43.796512,125.322889
43.796512,125.322889
43.796512,125.322889
43.796512,125.322889
43.796512,125.322889
43.796512,125.322889
43.796512,125.322889
43.796512,125.322889
43.796512,125.322889
43.796512,125.322889
43.796512,125.322889
43.796512,125.322889
43.796512,125.322889
43.796518,125.323053
43.796518,125.323053
43.796518,125.323053
43.796518,125.323053
43.796518,125.323053
43.796518,125.323053
43.796518,125.323053
43.796518,125.323053
43.796518,125.323053
43.796518,125.323053
43.796518,125.323053
43.796518,125.323053
43.796518,125.323053
43.796518,125.323053
43.796518,125.323053
43.796518,125.323053
43.796518,125.323053
43.796518,125.323053
43.796518,125.323053
43.796518,125.323053
43.796527,125.323216
43.796527,125.323216
43.796527,125.323216
43.796527,125.323216
43.796527,125.323216
43.796527,125.323216
43.796527,125.323216
43.796527,125.323216
43.796527,125.323216
43.796527,125.323216
43.796527,125.323216
43.796527,125.323216
43.796527,125.323216
43.796527,125.323216
43.796527,125.323216
43.796527,125.323216
43.796527,125.323216
43.796527,125.323216
43.796527,125.323216
43.796527,125.323216
43.796532,125.323348
43.796532,125.323348
43.796532,125.323348
43.796532,125.323348
43.796532,125.323348
43.796532,125.323348
43.796532,125.323348
43.796532,125.323348
43.796532,125.323348
43.796532,125.323348
43.796532,125.323348
43.796532,125.323348
43.796532,125.323348
43.796532,125.323348
43.796532,125.323348
43.796532,125.323348
43.796532,125.323348
43.796532,125.323348
43.796532,125.323348
43.796532,125.323348
43.796534,125.323511
43.796534,125.323511
43.796534,125.323511
43.796534,125.323511
43.796534,125.323511
43.796534,125.323511
43.796534,125.323511
43.796534,125.323511
43.796534,125.323511
43.796534,125.323511
43.796534,125.323511
43.796534,125.323511
43.796534,125.323511
43.796534,125.323511
43.796534,125.323511
43.796534,125.323511
43.796534,125.323511
43.796534,125.323511
43.796534,125.323511
43.796534,125.323511
43.796535,125.323662
43.796535,125.323662
43.796535,125.323662
43.796535,125.323662
43.796535,125.323662
43.796535,125.323662
43.796535,125.323662
43.796535,125.323662
43.796535,125.323662
43.796535,125.323662
43.796535,125.323662
43.796535,125.323662
43.796535,125.323662
43.796535,125.323662
43.796535,125.323662
43.796535,125.323662
43.796535,125.323662
43.796535,125.323662
43.796535,125.323662
43.796535,125.323662
43.796535,125.323813
43.796535,125.323813
43.796535,125.323813
43.796535,125.323813
43.796535,125.323813
43.796535,125.323813
43.796535,125.323813
43.796535,125.323813
43.796535,125.323813
43.796535,125.323813
43.796535,125.323813
43.796535,125.323813
43.796535,125.323813
43.796535,125.323813
43.796535,125.323813
43.796535,125.323813
43.796535,125.323813
43.796535,125.323813
43.796535,125.323813
43.796535,125.323813
43.796537,125.323975
43.796537,125.323975
43.796537,125.323975
43.796537,125.323975
43.796537,125.323975
43.796537,125.323975
43.796537,125.323975
43.796537,125.323975
43.796537,125.323975
43.796537,125.323975
43.796537,125.323975
43.796537,125.323975
43.796537,125.323975
43.796537,125.323975
43.796537,125.323975
43.796537,125.323975
43.796537,125.323975
43.796537,125.323975
43.796537,125.323975
43.796537,125.323975
43.796541,125.324159
43.796541,125.324159
43.796541,125.324159
43.796541,125.324159
43.796541,125.324159
43.796541,125.324159
43.796541,125.324159
43.796541,125.324159
43.796541,125.324159
43.796541,125.324159
43.796541,125.324159
43.796541,125.324159
43.796541,125.324159
43.796541,125.324159
43.796541,125.324159
43.796541,125.324159
43.796541,125.324159
43.796541,125.324159
43.796541,125.324159
43.796541,125.324159
43.796545,125.324347
43.796545,125.324347
43.796545,125.324347
43.796545,125.324347
43.796545,125.324347
43.796545,125.324347
43.796545,125.324347
43.796545,125.324347
43.796545,125.324347
43.796545,125.324347
43.796545,125.324347
43.796545,125.324347
43.796545,125.324347
43.796545,125.324347
43.796545,125.324347
43.796545,125.324347
43.796545,125.324347
43.796545,125.324347
43.796545,125.324347
43.796545,125.324347
43.796552,125.324542
43.796552,125.324542
43.796552,125.324542
43.796552,125.324542
43.796552,125.324542
43.796552,125.324542
43.796552,125.324542
43.796552,125.324542
43.796552,125.324542
43.796552,125.324542
43.796552,125.324542
43.796552,125.324542
43.796552,125.324542
43.796552,125.324542
43.796552,125.324542
43.796552,125.324542
43.796552,125.324542
43.796552,125.324542
43.796552,125.324542
43.796552,125.324542
43.796563,125.32473
43.796563,125.32473
43.796563,125.32473
43.796563,125.32473
43.796563,125.32473
43.796563,125.32473
43.796563,125.32473
43.796563,125.32473
43.796563,125.32473
43.796563,125.32473
43.796563,125.32473
43.796563,125.32473
43.796563,125.32473
43.796563,125.32473
43.796563,125.32473
43.796563,125.32473
43.796563,125.32473
43.796563,125.32473
43.796563,125.32473
43.796563,125.32473
43.796577,125.324914
43.796577,125.324914
43.796577,125.324914
43.796577,125.324914
43.796577,125.324914
43.796577,125.324914
43.796577,125.324914
43.796577,125.324914
43.796577,125.324914
43.796577,125.324914
43.796577,125.324914
43.796577,125.324914
43.796577,125.324914
43.796577,125.324914
43.796577,125.324914
43.796577,125.324914
43.796577,125.324914
43.796577,125.324914
43.796577,125.324914
43.796577,125.324914
43.79659,125.325099
43.79659,125.325099
43.79659,125.325099
43.79659,125.325099
43.79659,125.325099
43.79659,125.325099
43.79659,125.325099
43.79659,125.325099
43.79659,125.325099
43.79659,125.325099
43.79659,125.325099
43.79659,125.325099
43.79659,125.325099
43.79659,125.325099
43.79659,125.325099
43.79659,125.325099
43.79659,125.325099
43.79659,125.325099
43.79659,125.325099
43.79659,125.325099
43.796601,125.325272
43.796601,125.325272
43.796601,125.325272
43.796601,125.325272
43.796601,125.325272
43.796601,125.325272
43.796601,125.325272
43.796601,125.325272
43.796601,125.325272
43.796601,125.325272
43.796601,125.325272
43.796601,125.325272
43.796601,125.325272
43.796601,125.325272
43.796601,125.325272
43.796601,125.325272
43.796601,125.325272
43.796601,125.325272
43.796601,125.325272
43.796601,125.325272
43.796611,125.325427
43.796611,125.325427
43.796611,125.325427
43.796611,125.325427
43.796611,125.325427
43.796611,125.325427
43.796611,125.325427
43.796611,125.325427
43.796611,125.325427
43.796611,125.325427
43.796611,125.325427
43.796611,125.325427
43.796611,125.325427
43.796611,125.325427
43.796611,125.325427
43.796611,125.325427
43.796611,125.325427
43.796611,125.325427
43.796611,125.325427
43.796611,125.325427
43.796615,125.325558
43.796615,125.325558
43.796615,125.325558
43.796615,125.325558
43.796615,125.325558
43.796615,125.325558
43.796615,125.325558
43.796615,125.325558
43.796615,125.325558
43.796615,125.325558
43.796615,125.325558
43.796615,125.325558
43.796615,125.325558
43.796615,125.325558
43.796615,125.325558
43.796615,125.325558
43.796615,125.325558
43.796615,125.325558
43.796615,125.325558
43.796615,125.325558
43.796614,125.325661
43.796614,125.325661
43.796614,125.325661
43.796614,125.325661
43.796614,125.325661
43.796614,125.325661
43.796614,125.325661
43.796614,125.325661
43.796614,125.325661
43.796614,125.325661
43.796614,125.325661
43.796614,125.325661
43.796614,125.325661
43.796614,125.325661
43.796614,125.325661
43.796614,125.325661
43.796614,125.325661
43.796614,125.325661
43.796614,125.325661
43.796614,125.325661
43.796613,125.325761
43.796613,125.325761
43.796613,125.325761
43.796613,125.325761
43.796613,125.325761
43.796613,125.325761
43.796613,125.325761
43.796613,125.325761
43.796613,125.325761
43.796613,125.325761
43.796613,125.325761
43.796613,125.325761
43.796613,125.325761
43.796613,125.325761
43.796613,125.325761
43.796613,125.325761
43.796613,125.325761
43.796613,125.325761
43.796613,125.325761
43.796613,125.325761
43.796611,125.325853
43.796611,125.325853
43.796611,125.325853
43.796611,125.325853
43.796611,125.325853
43.796611,125.325853
43.796611,125.325853
43.796611,125.325853
43.796611,125.325853
43.796611,125.325853
43.796611,125.325853
43.796611,125.325853
43.796611,125.325853
43.796611,125.325853
43.796611,125.325853
43.796611,125.325853
43.796611,125.325853
43.796611,125.325853
43.796611,125.325853
43.796611,125.325853
43.79661,125.325922
43.79661,125.325922
43.79661,125.325922
43.79661,125.325922
43.79661,125.325922
43.79661,125.325922
43.79661,125.325922
43.79661,125.325922
43.79661,125.325922
43.79661,125.325922
43.79661,125.325922
43.79661,125.325922
43.79661,125.325922
43.79661,125.325922
43.79661,125.325922
43.79661,125.325922
43.79661,125.325922
43.79661,125.325922
43.79661,125.325922
43.79661,125.325922
43.796609,125.32598
43.796609,125.32598
43.796609,125.32598
43.796609,125.32598
43.796609,125.32598
43.796609,125.32598
43.796609,125.32598
43.796609,125.32598
43.796609,125.32598
43.796609,125.32598
43.796609,125.32598
43.796609,125.32598
43.796609,125.32598
43.796609,125.32598
43.796609,125.32598
43.796609,125.32598
43.796609,125.32598
43.796609,125.32598
43.796609,125.32598
43.796609,125.32598
43.796608,125.326037
43.796608,125.326037
43.796608,125.326037
43.796608,125.326037
43.796608,125.326037
43.796608,125.326037
43.796608,125.326037
43.796608,125.326037
43.796608,125.326037
43.796608,125.326037
43.796608,125.326037
43.796608,125.326037
43.796608,125.326037
43.796608,125.326037
43.796608,125.326037
43.796608,125.326037
43.796608,125.326037
43.796608,125.326037
43.796608,125.326037
43.796608,125.326037
43.796606,125.3261
43.796606,125.3261
43.796606,125.3261
43.796606,125.3261
43.796606,125.3261
43.796606,125.3261
43.796606,125.3261
43.796606,125.3261
43.796606,125.3261
43.796606,125.3261
43.796606,125.3261
43.796606,125.3261
43.796606,125.3261
43.796606,125.3261
43.796606,125.3261
43.796606,125.3261
43.796606,125.3261
43.796606,125.3261
43.796606,125.3261
43.796606,125.3261
43.796605,125.326152
43.796605,125.326152
43.796605,125.326152
43.796605,125.326152
43.796605,125.326152
43.796605,125.326152
43.796605,125.326152
43.796605,125.326152
43.796605,125.326152
43.796605,125.326152
43.796605,125.326152
43.796605,125.326152
43.796605,125.326152
43.796605,125.326152
43.796605,125.326152
43.796605,125.326152
43.796605,125.326152
43.796605,125.326152
43.796605,125.326152
43.796605,125.326152
43.796603,125.3262
43.796603,125.3262
43.796603,125.3262
43.796603,125.3262
43.796603,125.3262
43.796603,125.3262
43.796603,125.3262
43.796603,125.3262
43.796603,125.3262
43.796603,125.3262
43.796603,125.3262
43.796603,125.3262
43.796603,125.3262
43.796603,125.3262
43.796603,125.3262
43.796603,125.3262
43.796603,125.3262
43.796603,125.3262
43.796603,125.3262
43.796603,125.3262
43.796602,125.326238
43.796602,125.326238
43.796602,125.326238
43.796602,125.326238
43.796602,125.326238
43.796602,125.326238
43.796602,125.326238
43.796602,125.326238
43.796602,125.326238
43.796602,125.326238
43.796602,125.326238
43.796602,125.326238
43.796602,125.326238
43.796602,125.326238
43.796602,125.326238
43.796602,125.326238
43.796602,125.326238
43.796602,125.326238
43.796602,125.326238
43.796602,125.326238
43.796602,125.326273
43.796602,125.326273
43.796602,125.326273
43.796602,125.326273
43.796602,125.326273
43.796602,125.326273
43.796602,125.326273
43.796602,125.326273
43.796602,125.326273
43.796602,125.326273
43.796602,125.326273
43.796602,125.326273
43.796602,125.326273
43.796602,125.326273
43.796602,125.326273
43.796602,125.326273
43.796602,125.326273
43.796602,125.326273
43.796602,125.326273
43.796602,125.326273
43.796603,125.326305
43.796603,125.326305
43.796603,125.326305
43.796603,125.326305
43.796603,125.326305
43.796603,125.326305
43.796603,125.326305
43.796603,125.326305
43.796603,125.326305
43.796603,125.326305
43.796603,125.326305
43.796603,125.326305
43.796603,125.326305
43.796603,125.326305
43.796603,125.326305
43.796603,125.326305
43.796603,125.326305
43.796603,125.326305
43.796603,125.326305
43.796603,125.326305
43.796603,125.326338
43.796603,125.326338
43.796603,125.326338
43.796603,125.326338
43.796603,125.326338
43.796603,125.326338
43.796603,125.326338
43.796603,125.326338
43.796603,125.326338
43.796603,125.326338
43.796603,125.326338
43.796603,125.326338
43.796603,125.326338
43.796603,125.326338
43.796603,125.326338
43.796603,125.326338
43.796603,125.326338
43.796603,125.326338
43.796603,125.326338
43.796603,125.326338
43.796602,125.326393
43.796602,125.326393
43.796602,125.326393
43.796602,125.326393
43.796602,125.326393
43.796602,125.326393
43.796602,125.326393
43.796602,125.326393
43.796602,125.326393
43.796602,125.326393
43.796602,125.326393
43.796602,125.326393
43.796602,125.326393
43.796602,125.326393
43.796602,125.326393
43.796602,125.326393
43.796602,125.326393
43.796602,125.326393
43.796602,125.326393
43.796602,125.326393
43.796598,125.326469
43.796598,125.326469
43.796598,125.326469
43.796598,125.326469
43.796598,125.326469
43.796598,125.326469
43.796598,125.326469
43.796598,125.326469
43.796598,125.326469
43.796598,125.326469
43.796598,125.326469
43.796598,125.326469
43.796598,125.326469
43.796598,125.326469
43.796598,125.326469
43.796598,125.326469
43.796598,125.326469
43.796598,125.326469
43.796598,125.326469
43.796598,125.326469
43.796592,125.326559
43.796592,125.326559
43.796592,125.326559
43.796592,125.326559
43.796592,125.326559
43.796592,125.326559
43.796592,125.326559
43.796592,125.326559
43.796592,125.326559
43.796592,125.326559
43.796592,125.326559
43.796592,125.326559
43.796592,125.326559
43.796592,125.326559
43.796592,125.326559
43.796592,125.326559
43.796592,125.326559
43.796592,125.326559
43.796592,125.326559
43.796592,125.326559
43.796585,125.326662
43.796585,125.326662
43.796585,125.326662
43.796585,125.326662
43.796585,125.326662
43.796585,125.326662
43.796585,125.326662
43.796585,125.326662
43.796585,125.326662
43.796585,125.326662
43.796585,125.326662
43.796585,125.326662
43.796585,125.326662
43.796585,125.326662
43.796585,125.326662
43.796585,125.326662
43.796585,125.326662
43.796585,125.326662
43.796585,125.326662
43.796585,125.326662
43.796582,125.326755
43.796582,125.326755
43.796582,125.326755
43.796582,125.326755
43.796582,125.326755
43.796582,125.326755
43.796582,125.326755
43.796582,125.326755
43.796582,125.326755
43.796582,125.326755
43.796582,125.326755
43.796582,125.326755
43.796582,125.326755
43.796582,125.326755
43.796582,125.326755
43.796582,125.326755
43.796582,125.326755
43.796582,125.326755
43.796582,125.326755
43.796582,125.326755
43.796582,125.326836
43.796582,125.326836
43.796582,125.326836
43.796582,125.326836
43.796582,125.326836
43.796582,125.326836
43.796582,125.326836
43.796582,125.326836
43.796582,125.326836
43.796582,125.326836
43.796582,125.326836
43.796582,125.326836
43.796582,125.326836
43.796582,125.326836
43.796582,125.326836
43.796582,125.326836
43.796582,125.326836
43.796582,125.326836
43.796582,125.326836
43.796582,125.326836
43.796581,125.326912
43.796581,125.326912
43.796581,125.326912
43.796581,125.326912
43.796581,125.326912
43.796581,125.326912
43.796581,125.326912
43.796581,125.326912
43.796581,125.326912
43.796581,125.326912
43.796581,125.326912
43.796581,125.326912
43.796581,125.326912
43.796581,125.326912
43.796581,125.326912
43.796581,125.326912
43.796581,125.326912
43.796581,125.326912
43.796581,125.326912
43.796581,125.326912
43.796579,125.32698
43.796579,125.32698
43.796579,125.32698
43.796579,125.32698
43.796579,125.32698
43.796579,125.32698
43.796579,125.32698
43.796579,125.32698
43.796579,125.32698
43.796579,125.32698
43.796579,125.32698
43.796579,125.32698
43.796579,125.32698
43.796579,125.32698
43.796579,125.32698
43.796579,125.32698
43.796579,125.32698
43.796579,125.32698
43.796579,125.32698
43.796579,125.32698
43.796577,125.327042
43.796577,125.327042
43.796577,125.327042
43.796577,125.327042
43.796577,125.327042
43.796577,125.327042
43.796577,125.327042
43.796577,125.327042
43.796577,125.327042
43.796577,125.327042
43.796577,125.327042
43.796577,125.327042
43.796577,125.327042
43.796577,125.327042
43.796577,125.327042
43.796577,125.327042
43.796577,125.327042
43.796577,125.327042
43.796577,125.327042
43.796577,125.327042
43.796574,125.327103
43.796574,125.327103
43.796574,125.327103
43.796574,125.327103
43.796574,125.327103
43.796574,125.327103
43.796574,125.327103
43.796574,125.327103
43.796574,125.327103
43.796574,125.327103
43.796574,125.327103
43.796574,125.327103
43.796574,125.327103
43.796574,125.327103
43.796574,125.327103
43.796574,125.327103
43.796574,125.327103
43.796574,125.327103
43.796574,125.327103
43.796574,125.327103
43.79657,125.327167
43.79657,125.327167
43.79657,125.327167
43.79657,125.327167
43.79657,125.327167
43.79657,125.327167
43.79657,125.327167
43.79657,125.327167
43.79657,125.327167
43.79657,125.327167
43.79657,125.327167
43.79657,125.327167
43.79657,125.327167
43.79657,125.327167
43.79657,125.327167
43.79657,125.327167
43.79657,125.327167
43.79657,125.327167
43.79657,125.327167
43.79657,125.327167
43.796565,125.327233
43.796565,125.327233
43.796565,125.327233
43.796565,125.327233
43.796565,125.327233
43.796565,125.327233
43.796565,125.327233
43.796565,125.327233
43.796565,125.327233
43.796565,125.327233
43.796565,125.327233
43.796565,125.327233
43.796565,125.327233
43.796565,125.327233
43.796565,125.327233
43.796565,125.327233
43.796565,125.327233
43.796565,125.327233
43.796565,125.327233
43.796565,125.327233
43.796559,125.327309
43.796559,125.327309
43.796559,125.327309
43.796559,125.327309
43.796559,125.327309
43.796559,125.327309
43.796559,125.327309
43.796559,125.327309
43.796559,125.327309
43.796559,125.327309
43.796559,125.327309
43.796559,125.327309
43.796559,125.327309
43.796559,125.327309
43.796559,125.327309
43.796559,125.327309
43.796559,125.327309
43.796559,125.327309
43.796559,125.327309
43.796559,125.327309
43.796553,125.327403
43.796553,125.327403
43.796553,125.327403
43.796553,125.327403
43.796553,125.327403
43.796553,125.327403
43.796553,125.327403
43.796553,125.327403
43.796553,125.327403
43.796553,125.327403
43.796553,125.327403
43.796553,125.327403
43.796553,125.327403
43.796553,125.327403
43.796553,125.327403
43.796553,125.327403
43.796553,125.327403
43.796553,125.327403
43.796553,125.327403
43.796553,125.327403
43.79655,125.327513
43.79655,125.327513
43.79655,125.327513
43.79655,125.327513
43.79655,125.327513
43.79655,125.327513
43.79655,125.327513
43.79655,125.327513
43.79655,125.327513
43.79655,125.327513
43.79655,125.327513
43.79655,125.327513
43.79655,125.327513
43.79655,125.327513
43.79655,125.327513
43.79655,125.327513
43.79655,125.327513
43.79655,125.327513
43.79655,125.327513
43.79655,125.327513
43.796546,125.327637
43.796546,125.327637
43.796546,125.327637
43.796546,125.327637
43.796546,125.327637
43.796546,125.327637
43.796546,125.327637
43.796546,125.327637
43.796546,125.327637
43.796546,125.327637
43.796546,125.327637
43.796546,125.327637
43.796546,125.327637
43.796546,125.327637
43.796546,125.327637
43.796546,125.327637
43.796546,125.327637
43.796546,125.327637
43.796546,125.327637
43.796546,125.327637
43.796543,125.327771
43.796543,125.327771
43.796543,125.327771
43.796543,125.327771
43.796543,125.327771
43.796543,125.327771
43.796543,125.327771
43.796543,125.327771
43.796543,125.327771
43.796543,125.327771
43.796543,125.327771
43.796543,125.327771
43.796543,125.327771
43.796543,125.327771
43.796543,125.327771
43.796543,125.327771
43.796543,125.327771
43.796543,125.327771
43.796543,125.327771
43.796543,125.327771
43.796538,125.327915
43.796538,125.327915
43.796538,125.327915
43.796538,125.327915
43.796538,125.327915
43.796538,125.327915
43.796538,125.327915
43.796538,125.327915
43.796538,125.327915
43.796538,125.327915
43.796538,125.327915
43.796538,125.327915
43.796538,125.327915
43.796538,125.327915
43.796538,125.327915
43.796538,125.327915
43.796538,125.327915
43.796538,125.327915
43.796538,125.327915
43.796538,125.327915
43.796533,125.328064
43.796533,125.328064
43.796533,125.328064
43.796533,125.328064
43.796533,125.328064
43.796533,125.328064
43.796533,125.328064
43.796533,125.328064
43.796533,125.328064
43.796533,125.328064
43.796533,125.328064
43.796533,125.328064
43.796533,125.328064
43.796533,125.328064
43.796533,125.328064
43.796533,125.328064
43.796533,125.328064
43.796533,125.328064
43.796533,125.328064
43.796533,125.328064
43.796528,125.32821
43.796528,125.32821
43.796528,125.32821
43.796528,125.32821
43.796528,125.32821
43.796528,125.32821
43.796528,125.32821
43.796528,125.32821
43.796528,125.32821
43.796528,125.32821
43.796528,125.32821
43.796528,125.32821
43.796528,125.32821
43.796528,125.32821
43.796528,125.32821
43.796528,125.32821
43.796528,125.32821
43.796528,125.32821
43.796528,125.32821
43.796528,125.32821
43.796525,125.328353
43.796525,125.328353
43.796525,125.328353
43.796525,125.328353
43.796525,125.328353
43.796525,125.328353
43.796525,125.328353
43.796525,125.328353
43.796525,125.328353
43.796525,125.328353
43.796525,125.328353
43.796525,125.328353
43.796525,125.328353
43.796525,125.328353
43.796525,125.328353
43.796525,125.328353
43.796525,125.328353
43.796525,125.328353
43.796525,125.328353
43.796525,125.328353
43.796523,125.328485
43.796523,125.328485
43.796523,125.328485
43.796523,125.328485
43.796523,125.328485
43.796523,125.328485
43.796523,125.328485
43.796523,125.328485
43.796523,125.328485
43.796523,125.328485
43.796523,125.328485
43.796523,125.328485
43.796523,125.328485
43.796523,125.328485
43.796523,125.328485
43.796523,125.328485
43.796523,125.328485
43.796523,125.328485
43.796523,125.328485
43.796523,125.328485
43.796521,125.328603
43.796521,125.328603
43.796521,125.328603
43.796521,125.328603
43.796521,125.328603
43.796521,125.328603
43.796521,125.328603
43.796521,125.328603
43.796521,125.328603
43.796521,125.328603
43.796521,125.328603
43.796521,125.328603
43.796521,125.328603
43.796521,125.328603
43.796521,125.328603
43.796521,125.328603
43.796521,125.328603
43.796521,125.328603
43.796521,125.328603
43.796521,125.328603
43.796519,125.328701
43.796519,125.328701
43.796519,125.328701
43.796519,125.328701
43.796519,125.328701
43.796519,125.328701
43.796519,125.328701
43.796519,125.328701
43.796519,125.328701
43.796519,125.328701
43.796519,125.328701
43.796519,125.328701
43.796519,125.328701
43.796519,125.328701
43.796519,125.328701
43.796519,125.328701
43.796519,125.328701
43.796519,125.328701
43.796519,125.328701
43.796519,125.328701
43.796517,125.328782
43.796517,125.328782
43.796517,125.328782
43.796517,125.328782
43.796517,125.328782
43.796517,125.328782
43.796517,125.328782
43.796517,125.328782
43.796517,125.328782
43.796517,125.328782
43.796517,125.328782
43.796517,125.328782
43.796517,125.328782
43.796517,125.328782
43.796517,125.328782
43.796517,125.328782
43.796517,125.328782
43.796517,125.328782
43.796517,125.328782
43.796517,125.328782
43.796517,125.32886
43.796517,125.32886
43.796517,125.32886
43.796517,125.32886
43.796517,125.32886
43.796517,125.32886
43.796517,125.32886
43.796517,125.32886
43.796517,125.32886
43.796517,125.32886
43.796517,125.32886
43.796517,125.32886
43.796517,125.32886
43.796517,125.32886
43.796517,125.32886
43.796517,125.32886
43.796517,125.32886
43.796517,125.32886
43.796517,125.32886
43.796517,125.32886
43.796518,125.328945
43.796518,125.328945
43.796518,125.328945
43.796518,125.328945
43.796518,125.328945
43.796518,125.328945
43.796518,125.328945
43.796518,125.328945
43.796518,125.328945
43.796518,125.328945
43.796518,125.328945
43.796518,125.328945
43.796518,125.328945
43.796518,125.328945
43.796518,125.328945
43.796518,125.328945
43.796518,125.328945
43.796518,125.328945
43.796518,125.328945
43.796518,125.328945
43.796523,125.329038
43.796523,125.329038
43.796523,125.329038
43.796523,125.329038
43.796523,125.329038
43.796523,125.329038
43.796523,125.329038
43.796523,125.329038
43.796523,125.329038
43.796523,125.329038
43.796523,125.329038
43.796523,125.329038
43.796523,125.329038
43.796523,125.329038
43.796523,125.329038
43.796523,125.329038
43.796523,125.329038
43.796523,125.329038
43.796523,125.329038
43.796523,125.329038
43.796527,125.329117
43.796527,125.329117
43.796527,125.329117
43.796527,125.329117
43.796527,125.329117
43.796527,125.329117
43.796527,125.329117
43.796527,125.329117
43.796527,125.329117
43.796527,125.329117
43.796527,125.329117
43.796527,125.329117
43.796527,125.329117
43.796527,125.329117
43.796527,125.329117
43.796527,125.329117
43.796527,125.329117
43.796527,125.329117
43.796527,125.329117
43.796527,125.329117
43.796529,125.329184
43.796529,125.329184
43.796529,125.329184
43.796529,125.329184
43.796529,125.329184
43.796529,125.329184
43.796529,125.329184
43.796529,125.329184
43.796529,125.329184
43.796529,125.329184
43.796529,125.329184
43.796529,125.329184
43.796529,125.329184
43.796529,125.329184
43.796529,125.329184
43.796529,125.329184
43.796529,125.329184
43.796529,125.329184
43.796529,125.329184
43.796529,125.329184
43.79653,125.329224
43.79653,125.329224
43.79653,125.329224
43.79653,125.329224
43.79653,125.329224
43.79653,125.329224
43.79653,125.329224
43.79653,125.329224
43.79653,125.329224
43.79653,125.329224
43.79653,125.329224
43.79653,125.329224
43.79653,125.329224
43.79653,125.329224
43.79653,125.329224
43.79653,125.329224
43.79653,125.329224
43.79653,125.329224
43.79653,125.329224
43.79653,125.329224
43.796532,125.329255
43.796532,125.329255
43.796532,125.329255
43.796532,125.329255
43.796532,125.329255
43.796532,125.329255
43.796532,125.329255
43.796532,125.329255
43.796532,125.329255
43.796532,125.329255
43.796532,125.329255
43.796532,125.329255
43.796532,125.329255
43.796532,125.329255
43.796532,125.329255
43.796532,125.329255
43.796532,125.329255
43.796532,125.329255
43.796532,125.329255
43.796532,125.329255
43.796533,125.329295
43.796533,125.329295
43.796533,125.329295
43.796533,125.329295
43.796533,125.329295
43.796533,125.329295
43.796533,125.329295
43.796533,125.329295
43.796533,125.329295
43.796533,125.329295
43.796533,125.329295
43.796533,125.329295
43.796533,125.329295
43.796533,125.329295
43.796533,125.329295
43.796533,125.329295
43.796533,125.329295
43.796533,125.329295
43.796533,125.329295
43.796533,125.329295
43.796537,125.329358
43.796537,125.329358
43.796537,125.329358
43.796537,125.329358
43.796537,125.329358
43.796537,125.329358
43.796537,125.329358
43.796537,125.329358
43.796537,125.329358
43.796537,125.329358
43.796537,125.329358
43.796537,125.329358
43.796537,125.329358
43.796537,125.329358
43.796537,125.329358
43.796537,125.329358
43.796537,125.329358
43.796537,125.329358
43.796537,125.329358
43.796537,125.329358
43.79654,125.329441
43.79654,125.329441
43.79654,125.329441
43.79654,125.329441
43.79654,125.329441
43.79654,125.329441
43.79654,125.329441
43.79654,125.329441
43.79654,125.329441
43.79654,125.329441
43.79654,125.329441
43.79654,125.329441
43.79654,125.329441
43.79654,125.329441
43.79654,125.329441
43.79654,125.329441
43.79654,125.329441
43.79654,125.329441
43.79654,125.329441
43.79654,125.329441
43.796543,125.329548
43.796543,125.329548
43.796543,125.329548
43.796543,125.329548
43.796543,125.329548
43.796543,125.329548
43.796543,125.329548
43.796543,125.329548
43.796543,125.329548
43.796543,125.329548
43.796543,125.329548
43.796543,125.329548
43.796543,125.329548
43.796543,125.329548
43.796543,125.329548
43.796543,125.329548
43.796543,125.329548
43.796543,125.329548
43.796543,125.329548
43.796543,125.329548
43.796543,125.329671
43.796543,125.329671
43.796543,125.329671
43.796543,125.329671
43.796543,125.329671
43.796543,125.329671
43.796543,125.329671
43.796543,125.329671
43.796543,125.329671
43.796543,125.329671
43.796543,125.329671
43.796543,125.329671
43.796543,125.329671
43.796543,125.329671
43.796543,125.329671
43.796543,125.329671
43.796543,125.329671
43.796543,125.329671
43.796543,125.329671
43.796543,125.329671
43.796542,125.329818
43.796542,125.329818
43.796542,125.329818
43.796542,125.329818
43.796542,125.329818
43.796542,125.329818
43.796542,125.329818
43.796542,125.329818
43.796542,125.329818
43.796542,125.329818
43.796542,125.329818
43.796542,125.329818
43.796542,125.329818
43.796542,125.329818
43.796542,125.329818
43.796542,125.329818
43.796542,125.329818
43.796542,125.329818
43.796542,125.329818
43.796542,125.329818
43.796541,125.32997
43.796541,125.32997
43.796541,125.32997
43.796541,125.32997
43.796541,125.32997
43.796541,125.32997
43.796541,125.32997
43.796541,125.32997
43.796541,125.32997
43.796541,125.32997
43.796541,125.32997
43.796541,125.32997
43.796541,125.32997
43.796541,125.32997
43.796541,125.32997
43.796541,125.32997
43.796541,125.32997
43.796541,125.32997
43.796541,125.32997
43.796541,125.32997
43.796543,125.33012
43.796543,125.33012
43.796543,125.33012
43.796543,125.33012
43.796543,125.33012
43.796543,125.33012
43.796543,125.33012
43.796543,125.33012
43.796543,125.33012
43.796543,125.33012
43.796543,125.33012
43.796543,125.33012
43.796543,125.33012
43.796543,125.33012
43.796543,125.33012
43.796543,125.33012
43.796543,125.33012
43.796543,125.33012
43.796543,125.33012
43.796543,125.33012
43.796547,125.330274
43.796547,125.330274
43.796547,125.330274
43.796547,125.330274
43.796547,125.330274
43.796547,125.330274
43.796547,125.330274
43.796547,125.330274
43.796547,125.330274
43.796547,125.330274
43.796547,125.330274
43.796547,125.330274
43.796547,125.330274
43.796547,125.330274
43.796547,125.330274
43.796547,125.330274
43.796547,125.330274
43.796547,125.330274
43.796547,125.330274
43.796547,125.330274
43.79655,125.33044
43.79655,125.33044
43.79655,125.33044
43.79655,125.33044
43.79655,125.33044
43.79655,125.33044
43.79655,125.33044
43.79655,125.33044
43.79655,125.33044
43.79655,125.33044
43.79655,125.33044
43.79655,125.33044
43.79655,125.33044
43.79655,125.33044
43.79655,125.33044
43.79655,125.33044
43.79655,125.33044
43.79655,125.33044
43.79655,125.33044
43.79655,125.33044
43.796552,125.330601
43.796552,125.330601
43.796552,125.330601
43.796552,125.330601
43.796552,125.330601
43.796552,125.330601
43.796552,125.330601
43.796552,125.330601
43.796552,125.330601
43.796552,125.330601
43.796552,125.330601
43.796552,125.330601
43.796552,125.330601
43.796552,125.330601
43.796552,125.330601
43.796552,125.330601
43.796552,125.330601
43.796552,125.330601
43.796552,125.330601
43.796552,125.330601
43.796553,125.330753
43.796553,125.330753
43.796553,125.330753
43.796553,125.330753
43.796553,125.330753
43.796553,125.330753
43.796553,125.330753
43.796553,125.330753
43.796553,125.330753
43.796553,125.330753
43.796553,125.330753
43.796553,125.330753
43.796553,125.330753
43.796553,125.330753
43.796553,125.330753
43.796553,125.330753
43.796553,125.330753
43.796553,125.330753
43.796553,125.330753
43.796553,125.330753
43.796551,125.330894
43.796551,125.330894
43.796551,125.330894
43.796551,125.330894
43.796551,125.330894
43.796551,125.330894
43.796551,125.330894
43.796551,125.330894
43.796551,125.330894
43.796551,125.330894
43.796551,125.330894
43.796551,125.330894
43.796551,125.330894
43.796551,125.330894
43.796551,125.330894
43.796551,125.330894
43.796551,125.330894
43.796551,125.330894
43.796551,125.330894
43.796551,125.330894
43.796552,125.331053
43.796552,125.331053
43.796552,125.331053
43.796552,125.331053
43.796552,125.331053
43.796552,125.331053
43.796552,125.331053
43.796552,125.331053
43.796552,125.331053
43.796552,125.331053
43.796552,125.331053
43.796552,125.331053
43.796552,125.331053
43.796552,125.331053
43.796552,125.331053
43.796552,125.331053
43.796552,125.331053
43.796552,125.331053
43.796552,125.331053
43.796552,125.331053
43.796553,125.331198
43.796553,125.331198
43.796553,125.331198
43.796553,125.331198
43.796553,125.331198
43.796553,125.331198
43.796553,125.331198
43.796553,125.331198
43.796553,125.331198
43.796553,125.331198
43.796553,125.331198
43.796553,125.331198
43.796553,125.331198
43.796553,125.331198
43.796553,125.331198
43.796553,125.331198
43.796553,125.331198
43.796553,125.331198
43.796553,125.331198
43.796553,125.331198
43.796553,125.331337
43.796553,125.331337
43.796553,125.331337
43.796553,125.331337
43.796553,125.331337
43.796553,125.331337
43.796553,125.331337
43.796553,125.331337
43.796553,125.331337
43.796553,125.331337
43.796553,125.331337
43.796553,125.331337
43.796553,125.331337
43.796553,125.331337
43.796553,125.331337
43.796553,125.331337
43.796553,125.331337
43.796553,125.331337
43.796553,125.331337
43.796553,125.331337
43.796552,125.331466
43.796552,125.331466
43.796552,125.331466
43.796552,125.331466
43.796552,125.331466
43.796552,125.331466
43.796552,125.331466
43.796552,125.331466
43.796552,125.331466
43.796552,125.331466
43.796552,125.331466
43.796552,125.331466
43.796552,125.331466
43.796552,125.331466
43.796552,125.331466
43.796552,125.331466
43.796552,125.331466
43.796552,125.331466
43.796552,125.331466
43.796552,125.331466
43.796551,125.331604
43.796551,125.331604
43.796551,125.331604
43.796551,125.331604
43.796551,125.331604
43.796551,125.331604
43.796551,125.331604
43.796551,125.331604
43.796551,125.331604
43.796551,125.331604
43.796551,125.331604
43.796551,125.331604
43.796551,125.331604
43.796551,125.331604
43.796551,125.331604
43.796551,125.331604
43.796551,125.331604
43.796551,125.331604
43.796551,125.331604
43.796551,125.331604
43.796551,125.331726
43.796551,125.331726
43.796551,125.331726
43.796551,125.331726
43.796551,125.331726
43.796551,125.331726
43.796551,125.331726
43.796551,125.331726
43.796551,125.331726
43.796551,125.331726
43.796551,125.331726
43.796551,125.331726
43.796551,125.331726
43.796551,125.331726
43.796551,125.331726
43.796551,125.331726
43.796551,125.331726
43.796551,125.331726
43.796551,125.331726
43.796551,125.331726
43.796553,125.331835
43.796553,125.331835
43.796553,125.331835
43.796553,125.331835
43.796553,125.331835
43.796553,125.331835
43.796553,125.331835
43.796553,125.331835
43.796553,125.331835
43.796553,125.331835
43.796553,125.331835
43.796553,125.331835
43.796553,125.331835
43.796553,125.331835
43.796553,125.331835
43.796553,125.331835
43.796553,125.331835
43.796553,125.331835
43.796553,125.331835
43.796553,125.331835
43.796555,125.331949
43.796555,125.331949
43.796555,125.331949
43.796555,125.331949
43.796555,125.331949
43.796555,125.331949
43.796555,125.331949
43.796555,125.331949
43.796555,125.331949
43.796555,125.331949
43.796555,125.331949
43.796555,125.331949
43.796555,125.331949
43.796555,125.331949
43.796555,125.331949
43.796555,125.331949
43.796555,125.331949
43.796555,125.331949
43.796555,125.331949
43.796555,125.331949
43.796556,125.332057
43.796556,125.332057
43.796556,125.332057
43.796556,125.332057
43.796556,125.332057
43.796556,125.332057
43.796556,125.332057
43.796556,125.332057
43.796556,125.332057
43.796556,125.332057
43.796556,125.332057
43.796556,125.332057
43.796556,125.332057
43.796556,125.332057
43.796556,125.332057
43.796556,125.332057
43.796556,125.332057
43.796556,125.332057
43.796556,125.332057
43.796556,125.332057
43.796556,125.332156
43.796556,125.332156
43.796556,125.332156
43.796556,125.332156
43.796556,125.332156
43.796556,125.332156
43.796556,125.332156
43.796556,125.332156
43.796556,125.332156
43.796556,125.332156
43.796556,125.332156
43.796556,125.332156
43.796556,125.332156
43.796556,125.332156
43.796556,125.332156
43.796556,125.332156
43.796556,125.332156
43.796556,125.332156
43.796556,125.332156
43.796556,125.332156
43.796555,125.332262
43.796555,125.332262
43.796555,125.332262
43.796555,125.332262
43.796555,125.332262
43.796555,125.332262
43.796555,125.332262
43.796555,125.332262
43.796555,125.332262
43.796555,125.332262
43.796555,125.332262
43.796555,125.332262
43.796555,125.332262
43.796555,125.332262
43.796555,125.332262
43.796555,125.332262
43.796555,125.332262
43.796555,125.332262
43.796555,125.332262
43.796555,125.332262
43.796554,125.332352
43.796554,125.332352
43.796554,125.332352
43.796554,125.332352
43.796554,125.332352
43.796554,125.332352
43.796554,125.332352
43.796554,125.332352
43.796554,125.332352
43.796554,125.332352
43.796554,125.332352
43.796554,125.332352
43.796554,125.332352
43.796554,125.332352
43.796554,125.332352
43.796554,125.332352
43.796554,125.332352
43.796554,125.332352
43.796554,125.332352
43.796554,125.332352
43.796554,125.332426
43.796554,125.332426
43.796554,125.332426
43.796554,125.332426
43.796554,125.332426
43.796554,125.332426
43.796554,125.332426
43.796554,125.332426
43.796554,125.332426
43.796554,125.332426
43.796554,125.332426
43.796554,125.332426
43.796554,125.332426
43.796554,125.332426
43.796554,125.332426
43.796554,125.332426
43.796554,125.332426
43.796554,125.332426
43.796554,125.332426
43.796554,125.332426
43.796554,125.33249
43.796554,125.33249
43.796554,125.33249
43.796554,125.33249
43.796554,125.33249
43.796554,125.33249
43.796554,125.33249
43.796554,125.33249
43.796554,125.33249
43.796554,125.33249
43.796554,125.33249
43.796554,125.33249
43.796554,125.33249
43.796554,125.33249
43.796554,125.33249
43.796554,125.33249
43.796554,125.33249
43.796554,125.33249
43.796554,125.33249
43.796554,125.33249
43.79655,125.332546
43.79655,125.332546
43.79655,125.332546
43.79655,125.332546
43.79655,125.332546
43.79655,125.332546
43.79655,125.332546
43.79655,125.332546
43.79655,125.332546
43.79655,125.332546
43.79655,125.332546
43.79655,125.332546
43.79655,125.332546
43.79655,125.332546
43.79655,125.332546
43.79655,125.332546
43.79655,125.332546
43.79655,125.332546
43.79655,125.332546
43.79655,125.332546
43.796542,125.332599
43.796542,125.332599
43.796542,125.332599
43.796542,125.332599
43.796542,125.332599
43.796542,125.332599
43.796542,125.332599
43.796542,125.332599
43.796542,125.332599
43.796542,125.332599
43.796542,125.332599
43.796542,125.332599
43.796542,125.332599
43.796542,125.332599
43.796542,125.332599
43.796542,125.332599
43.796542,125.332599
43.796542,125.332599
43.796542,125.332599
43.796542,125.332599
43.796528,125.332639
43.796528,125.332639
43.796528,125.332639
43.796528,125.332639
43.796528,125.332639
43.796528,125.332639
43.796528,125.332639
43.796528,125.332639
43.796528,125.332639
43.796528,125.332639
43.796528,125.332639
43.796528,125.332639
43.796528,125.332639
43.796528,125.332639
43.796528,125.332639
43.796528,125.332639
43.796528,125.332639
43.796528,125.332639
43.796528,125.332639
43.796528,125.332639
43.796502,125.332674
43.796502,125.332674
43.796502,125.332674
43.796502,125.332674
43.796502,125.332674
43.796502,125.332674
43.796502,125.332674
43.796502,125.332674
43.796502,125.332674
43.796502,125.332674
43.796502,125.332674
43.796502,125.332674
43.796502,125.332674
43.796502,125.332674
43.796502,125.332674
43.796502,125.332674
43.796502,125.332674
43.796502,125.332674
43.796502,125.332674
43.796502,125.332674
43.796463,125.332699
43.796463,125.332699
43.796463,125.332699
43.796463,125.332699
43.796463,125.332699
43.796463,125.332699
43.796463,125.332699
43.796463,125.332699
43.796463,125.332699
43.796463,125.332699
43.796463,125.332699
43.796463,125.332699
43.796463,125.332699
43.796463,125.332699
43.796463,125.332699
43.796463,125.332699
43.796463,125.332699
43.796463,125.332699
43.796463,125.332699
43.796463,125.332699
43.796412,125.332711
43.796412,125.332711
43.796412,125.332711
43.796412,125.332711
43.796412,125.332711
43.796412,125.332711
43.796412,125.332711
43.796412,125.332711
43.796412,125.332711
43.796412,125.332711
43.796412,125.332711
43.796412,125.332711
43.796412,125.332711
43.796412,125.332711
43.796412,125.332711
43.796412,125.332711
43.796412,125.332711
43.796412,125.332711
43.796412,125.332711
43.796412,125.332711
43.796345,125.332718
43.796345,125.332718
43.796345,125.332718
43.796345,125.332718
43.796345,125.332718
43.796345,125.332718
43.796345,125.332718
43.796345,125.332718
43.796345,125.332718
43.796345,125.332718
43.796345,125.332718
43.796345,125.332718
43.796345,125.332718
43.796345,125.332718
43.796345,125.332718
43.796345,125.332718
43.796345,125.332718
43.796345,125.332718
43.796345,125.332718
43.796345,125.332718
43.796264,125.332717
43.796264,125.332717
43.796264,125.332717
43.796264,125.332717
43.796264,125.332717
43.796264,125.332717
43.796264,125.332717
43.796264,125.332717
43.796264,125.332717
43.796264,125.332717
43.796264,125.332717
43.796264,125.332717
43.796264,125.332717
43.796264,125.332717
43.796264,125.332717
43.796264,125.332717
43.796264,125.332717
43.796264,125.332717
43.796264,125.332717
43.796264,125.332717
43.796173,125.332714
43.796173,125.332714
43.796173,125.332714
43.796173,125.332714
43.796173,125.332714
43.796173,125.332714
43.796173,125.332714
43.796173,125.332714
43.796173,125.332714
43.796173,125.332714
43.796173,125.332714
43.796173,125.332714
43.796173,125.332714
43.796173,125.332714
43.796173,125.332714
43.796173,125.332714
43.796173,125.332714
43.796173,125.332714
43.796173,125.332714
43.796173,125.332714
43.796066,125.332708
43.796066,125.332708
43.796066,125.332708
43.796066,125.332708
43.796066,125.332708
43.796066,125.332708
43.796066,125.332708
43.796066,125.332708
43.796066,125.332708
43.796066,125.332708
43.796066,125.332708
43.796066,125.332708
43.796066,125.332708
43.796066,125.332708
43.796066,125.332708
43.796066,125.332708
43.796066,125.332708
43.796066,125.332708
43.796066,125.332708
43.796066,125.332708
43.795949,125.332701
43.795949,125.332701
43.795949,125.332701
43.795949,125.332701
43.795949,125.332701
43.795949,125.332701
43.795949,125.332701
43.795949,125.332701
43.795949,125.332701
43.795949,125.332701
43.795949,125.332701
43.795949,125.332701
43.795949,125.332701
43.795949,125.332701
43.795949,125.332701
43.795949,125.332701
43.795949,125.332701
43.795949,125.332701
43.795949,125.332701
43.795949,125.332701
43.795833,125.332699
43.795833,125.332699
43.795833,125.332699
43.795833,125.332699
43.795833,125.332699
43.795833,125.332699
43.795833,125.332699
43.795833,125.332699
43.795833,125.332699
43.795833,125.332699
43.795833,125.332699
43.795833,125.332699
43.795833,125.332699
43.795833,125.332699
43.795833,125.332699
43.795833,125.332699
43.795833,125.332699
43.795833,125.332699
43.795833,125.332699
43.795833,125.332699
43.795698,125.332699
43.795698,125.332699
43.795698,125.332699
43.795698,125.332699
43.795698,125.332699
43.795698,125.332699
43.795698,125.332699
43.795698,125.332699
43.795698,125.332699
43.795698,125.332699
43.795698,125.332699
43.795698,125.332699
43.795698,125.332699
43.795698,125.332699
43.795698,125.332699
43.795698,125.332699
43.795698,125.332699
43.795698,125.332699
43.795698,125.332699
43.795698,125.332699
43.795569,125.3327
43.795569,125.3327
43.795569,125.3327
43.795569,125.3327
43.795569,125.3327
43.795569,125.3327
43.795569,125.3327
43.795569,125.3327
43.795569,125.3327
43.795569,125.3327
43.795569,125.3327
43.795569,125.3327
43.795569,125.3327
43.795569,125.3327
43.795569,125.3327
43.795569,125.3327
43.795569,125.3327
43.795569,125.3327
43.795569,125.3327
43.795569,125.3327
43.795436,125.332701
43.795436,125.332701
43.795436,125.332701
43.795436,125.332701
43.795436,125.332701
43.795436,125.332701
43.795436,125.332701
43.795436,125.332701
43.795436,125.332701
43.795436,125.332701
43.795436,125.332701
43.795436,125.332701
43.795436,125.332701
43.795436,125.332701
43.795436,125.332701
43.795436,125.332701
43.795436,125.332701
43.795436,125.332701
43.795436,125.332701
43.795436,125.332701
43.795312,125.332702
43.795312,125.332702
43.795312,125.332702
43.795312,125.332702
43.795312,125.332702
43.795312,125.332702
43.795312,125.332702
43.795312,125.332702
43.795312,125.332702
43.795312,125.332702
43.795312,125.332702
43.795312,125.332702
43.795312,125.332702
43.795312,125.332702
43.795312,125.332702
43.795312,125.332702
43.795312,125.332702
43.795312,125.332702
43.795312,125.332702
43.795312,125.332702
43.795172,125.332702
43.795172,125.332702
43.795172,125.332702
43.795172,125.332702
43.795172,125.332702
43.795172,125.332702
43.795172,125.332702
43.795172,125.332702
43.795172,125.332702
43.795172,125.332702
43.795172,125.332702
43.795172,125.332702
43.795172,125.332702
43.795172,125.332702
43.795172,125.332702
43.795172,125.332702
43.795172,125.332702
43.795172,125.332702
43.795172,125.332702
43.795172,125.332702
43.795027,125.332703
43.795027,125.332703
43.795027,125.332703
43.795027,125.332703
43.795027,125.332703
43.795027,125.332703
43.795027,125.332703
43.795027,125.332703
43.795027,125.332703
43.795027,125.332703
43.795027,125.332703
43.795027,125.332703
43.795027,125.332703
43.795027,125.332703
43.795027,125.332703
43.795027,125.332703
43.795027,125.332703
43.795027,125.332703
43.795027,125.332703
43.795027,125.332703
43.794874,125.332703
43.794874,125.332703
43.794874,125.332703
43.794874,125.332703
43.794874,125.332703
43.794874,125.332703
43.794874,125.332703
43.794874,125.332703
43.794874,125.332703
43.794874,125.332703
43.794874,125.332703
43.794874,125.332703
43.794874,125.332703
43.794874,125.332703
43.794874,125.332703
43.794874,125.332703
43.794874,125.332703
43.794874,125.332703
43.794874,125.332703
43.794874,125.332703
43.794742,125.332705
43.794742,125.332705
43.794742,125.332705
43.794742,125.332705
43.794742,125.332705
43.794742,125.332705
43.794742,125.332705
43.794742,125.332705
43.794742,125.332705
43.794742,125.332705
43.794742,125.332705
43.794742,125.332705
43.794742,125.332705
43.794742,125.332705
43.794742,125.332705
43.794742,125.332705
43.794742,125.332705
43.794742,125.332705
43.794742,125.332705
43.794742,125.332705
43.794603,125.332707
43.794603,125.332707
43.794603,125.332707
43.794603,125.332707
43.794603,125.332707
43.794603,125.332707
43.794603,125.332707
43.794603,125.332707
43.794603,125.332707
43.794603,125.332707
43.794603,125.332707
43.794603,125.332707
43.794603,125.332707
43.794603,125.332707
43.794603,125.332707
43.794603,125.332707
43.794603,125.332707
43.794603,125.332707
43.794603,125.332707
43.794603,125.332707
43.794472,125.332709
43.794472,125.332709
43.794472,125.332709
43.794472,125.332709
43.794472,125.332709
43.794472,125.332709
43.794472,125.332709
43.794472,125.332709
43.794472,125.332709
43.794472,125.332709
43.794472,125.332709
43.794472,125.332709
43.794472,125.332709
43.794472,125.332709
43.794472,125.332709
43.794472,125.332709
43.794472,125.332709
43.794472,125.332709
43.794472,125.332709
43.794472,125.332709
43.794356,125.332717
43.794356,125.332717
43.794356,125.332717
43.794356,125.332717
43.794356,125.332717
43.794356,125.332717
43.794356,125.332717
43.794356,125.332717
43.794356,125.332717
43.794356,125.332717
43.794356,125.332717
43.794356,125.332717
43.794356,125.332717
43.794356,125.332717
43.794356,125.332717
43.794356,125.332717
43.794356,125.332717
43.794356,125.332717
43.794356,125.332717
43.794356,125.332717
43.79425,125.332729
43.79425,125.332729
43.79425,125.332729
43.79425,125.332729
43.79425,125.332729
43.79425,125.332729
43.79425,125.332729
43.79425,125.332729
43.79425,125.332729
43.79425,125.332729
43.79425,125.332729
43.79425,125.332729
43.79425,125.332729
43.79425,125.332729
43.79425,125.332729
43.79425,125.332729
43.79425,125.332729
43.79425,125.332729
43.79425,125.332729
43.79425,125.332729
43.794154,125.332738
43.794154,125.332738
43.794154,125.332738
43.794154,125.332738
43.794154,125.332738
43.794154,125.332738
43.794154,125.332738
43.794154,125.332738
43.794154,125.332738
43.794154,125.332738
43.794154,125.332738
43.794154,125.332738
43.794154,125.332738
43.794154,125.332738
43.794154,125.332738
43.794154,125.332738
43.794154,125.332738
43.794154,125.332738
43.794154,125.332738
43.794154,125.332738
43.794092,125.332739
43.794092,125.332739
43.794092,125.332739
43.794092,125.332739
43.794092,125.332739
43.794092,125.332739
43.794092,125.332739
43.794092,125.332739
43.794092,125.332739
43.794092,125.332739
43.794092,125.332739
43.794092,125.332739
43.794092,125.332739
43.794092,125.332739
43.794092,125.332739
43.794092,125.332739
43.794092,125.332739
43.794092,125.332739
43.794092,125.332739
43.794092,125.332739
43.794037,125.33274
43.794037,125.33274
43.794037,125.33274
43.794037,125.33274
43.794037,125.33274
43.794037,125.33274
43.794037,125.33274
43.794037,125.33274
43.794037,125.33274
43.794037,125.33274
43.794037,125.33274
43.794037,125.33274
43.794037,125.33274
43.794037,125.33274
43.794037,125.33274
43.794037,125.33274
43.794037,125.33274
43.794037,125.33274
43.794037,125.33274
43.794037,125.33274
43.793991,125.332738
43.793991,125.332738
43.793991,125.332738
43.793991,125.332738
43.793991,125.332738
43.793991,125.332738
43.793991,125.332738
43.793991,125.332738
43.793991,125.332738
43.793991,125.332738
43.793991,125.332738
43.793991,125.332738
43.793991,125.332738
43.793991,125.332738
43.793991,125.332738
43.793991,125.332738
43.793991,125.332738
43.793991,125.332738
43.793991,125.332738
43.793991,125.332738
43.793936,125.332737
43.793936,125.332737
43.793936,125.332737
43.793936,125.332737
43.793936,125.332737
43.793936,125.332737
43.793936,125.332737
43.793936,125.332737
43.793936,125.332737
43.793936,125.332737
43.793936,125.332737
43.793936,125.332737
43.793936,125.332737
43.793936,125.332737
43.793936,125.332737
43.793936,125.332737
43.793936,125.332737
43.793936,125.332737
43.793936,125.332737
43.793936,125.332737
43.793871,125.332736
43.793871,125.332736
43.793871,125.332736
43.793871,125.332736
43.793871,125.332736
43.793871,125.332736
43.793871,125.332736
43.793871,125.332736
43.793871,125.332736
43.793871,125.332736
43.793871,125.332736
43.793871,125.332736
43.793871,125.332736
43.793871,125.332736
43.793871,125.332736
43.793871,125.332736
43.793871,125.332736
43.793871,125.332736
43.793871,125.332736
43.793871,125.332736
43.793787,125.332736
43.793787,125.332736
43.793787,125.332736
43.793787,125.332736
43.793787,125.332736
43.793787,125.332736
43.793787,125.332736
43.793787,125.332736
43.793787,125.332736
43.793787,125.332736
43.793787,125.332736
43.793787,125.332736
43.793787,125.332736
43.793787,125.332736
43.793787,125.332736
43.793787,125.332736
43.793787,125.332736
43.793787,125.332736
43.793787,125.332736
43.793787,125.332736
43.793685,125.332736
43.793685,125.332736
43.793685,125.332736
43.793685,125.332736
43.793685,125.332736
43.793685,125.332736
43.793685,125.332736
43.793685,125.332736
43.793685,125.332736
43.793685,125.332736
43.793685,125.332736
43.793685,125.332736
43.793685,125.332736
43.793685,125.332736
43.793685,125.332736
43.793685,125.332736
43.793685,125.332736
43.793685,125.332736
43.793685,125.332736
43.793685,125.332736
43.793573,125.332737
43.793573,125.332737
43.793573,125.332737
43.793573,125.332737
43.793573,125.332737
43.793573,125.332737
43.793573,125.332737
43.793573,125.332737
43.793573,125.332737
43.793573,125.332737
43.793573,125.332737
43.793573,125.332737
43.793573,125.332737
43.793573,125.332737
43.793573,125.332737
43.793573,125.332737
43.793573,125.332737
43.793573,125.332737
43.793573,125.332737
43.793573,125.332737
43.793454,125.332738
43.793454,125.332738
43.793454,125.332738
43.793454,125.332738
43.793454,125.332738
43.793454,125.332738
43.793454,125.332738
43.793454,125.332738
43.793454,125.332738
43.793454,125.332738
43.793454,125.332738
43.793454,125.332738
43.793454,125.332738
43.793454,125.332738
43.793454,125.332738
43.793454,125.332738
43.793454,125.332738
43.793454,125.332738
43.793454,125.332738
43.793454,125.332738
43.793333,125.332739
43.793333,125.332739
43.793333,125.332739
43.793333,125.332739
43.793333,125.332739
43.793333,125.332739
43.793333,125.332739
43.793333,125.332739
43.793333,125.332739
43.793333,125.332739
43.793333,125.332739
43.793333,125.332739
43.793333,125.332739
43.793333,125.332739
43.793333,125.332739
43.793333,125.332739
43.793333,125.332739
43.793333,125.332739
43.793333,125.332739
43.793333,125.332739
43.793206,125.332738
43.793206,125.332738
43.793206,125.332738
43.793206,125.332738
43.793206,125.332738
43.793206,125.332738
43.793206,125.332738
43.793206,125.332738
43.793206,125.332738
43.793206,125.332738
43.793206,125.332738
43.793206,125.332738
43.793206,125.332738
43.793206,125.332738
43.793206,125.332738
43.793206,125.332738
43.793206,125.332738
43.793206,125.332738
43.793206,125.332738
43.793206,125.332738
43.793086,125.332738
43.793086,125.332738
43.793086,125.332738
43.793086,125.332738
43.793086,125.332738
43.793086,125.332738
43.793086,125.332738
43.793086,125.332738
43.793086,125.332738
43.793086,125.332738
43.793086,125.332738
43.793086,125.332738
43.793086,125.332738
43.793086,125.332738
43.793086,125.332738
43.793086,125.332738
43.793086,125.332738
43.793086,125.332738
43.793086,125.332738
43.793086,125.332738
43.79296,125.332739
43.79296,125.332739
43.79296,125.332739
43.79296,125.332739
43.79296,125.332739
43.79296,125.332739
43.79296,125.332739
43.79296,125.332739
43.79296,125.332739
43.79296,125.332739
43.79296,125.332739
43.79296,125.332739
43.79296,125.332739
43.79296,125.332739
43.79296,125.332739
43.79296,125.332739
43.79296,125.332739
43.79296,125.332739
43.79296,125.332739
43.79296,125.332739
43.792845,125.332739
43.792845,125.332739
43.792845,125.332739
43.792845,125.332739
43.792845,125.332739
43.792845,125.332739
43.792845,125.332739
43.792845,125.332739
43.792845,125.332739
43.792845,125.332739
43.792845,125.332739
43.792845,125.332739
43.792845,125.332739
43.792845,125.332739
43.792845,125.332739
43.792845,125.332739
43.792845,125.332739
43.792845,125.332739
43.792845,125.332739
43.792845,125.332739
43.792739,125.332742
43.792739,125.332742
43.792739,125.332742
43.792739,125.332742
43.792739,125.332742
43.792739,125.332742
43.792739,125.332742
43.792739,125.332742
43.792739,125.332742
43.792739,125.332742
43.792739,125.332742
43.792739,125.332742
43.792739,125.332742
43.792739,125.332742
43.792739,125.332742
43.792739,125.332742
43.792739,125.332742
43.792739,125.332742
43.792739,125.332742
43.792739,125.332742
43.792614,125.332744
43.792614,125.332744
43.792614,125.332744
43.792614,125.332744
43.792614,125.332744
43.792614,125.332744
43.792614,125.332744
43.792614,125.332744
43.792614,125.332744
43.792614,125.332744
43.792614,125.332744
43.792614,125.332744
43.792614,125.332744
43.792614,125.332744
43.792614,125.332744
43.792614,125.332744
43.792614,125.332744
43.792614,125.332744
43.792614,125.332744
43.792614,125.332744
43.792506,125.332746
43.792506,125.332746
43.792506,125.332746
43.792506,125.332746
43.792506,125.332746
43.792506,125.332746
43.792506,125.332746
43.792506,125.332746
43.792506,125.332746
43.792506,125.332746
43.792506,125.332746
43.792506,125.332746
43.792506,125.332746
43.792506,125.332746
43.792506,125.332746
43.792506,125.332746
43.792506,125.332746
43.792506,125.332746
43.792506,125.332746
43.792506,125.332746
43.792382,125.332746
43.792382,125.332746
43.792382,125.332746
43.792382,125.332746
43.792382,125.332746
43.792382,125.332746
43.792382,125.332746
43.792382,125.332746
43.792382,125.332746
43.792382,125.332746
43.792382,125.332746
43.792382,125.332746
43.792382,125.332746
43.792382,125.332746
43.792382,125.332746
43.792382,125.332746
43.792382,125.332746
43.792382,125.332746
43.792382,125.332746
43.792382,125.332746
43.792254,125.332746
43.792254,125.332746
43.792254,125.332746
43.792254,125.332746
43.792254,125.332746
43.792254,125.332746
43.792254,125.332746
43.792254,125.332746
43.792254,125.332746
43.792254,125.332746
43.792254,125.332746
43.792254,125.332746
43.792254,125.332746
43.792254,125.332746
43.792254,125.332746
43.792254,125.332746
43.792254,125.332746
43.792254,125.332746
43.792254,125.332746
43.792254,125.332746
43.792115,125.332746
43.792115,125.332746
43.792115,125.332746
43.792115,125.332746
43.792115,125.332746
43.792115,125.332746
43.792115,125.332746
43.792115,125.332746
43.792115,125.332746
43.792115,125.332746
43.792115,125.332746
43.792115,125.332746
43.792115,125.332746
43.792115,125.332746
43.792115,125.332746
43.792115,125.332746
43.792115,125.332746
43.792115,125.332746
43.792115,125.332746
43.792115,125.332746
43.79197,125.332746
43.79197,125.332746
43.79197,125.332746
43.79197,125.332746
43.79197,125.332746
43.79197,125.332746
43.79197,125.332746
43.79197,125.332746
43.79197,125.332746
43.79197,125.332746
43.79197,125.332746
43.79197,125.332746
43.79197,125.332746
43.79197,125.332746
43.79197,125.332746
43.79197,125.332746
43.79197,125.332746
43.79197,125.332746
43.79197,125.332746
43.79197,125.332746
43.791842,125.332746
43.791842,125.332746
43.791842,125.332746
43.791842,125.332746
43.791842,125.332746
43.791842,125.332746
43.791842,125.332746
43.791842,125.332746
43.791842,125.332746
43.791842,125.332746
43.791842,125.332746
43.791842,125.332746
43.791842,125.332746
43.791842,125.332746
43.791842,125.332746
43.791842,125.332746
43.791842,125.332746
43.791842,125.332746
43.791842,125.332746
43.791842,125.332746
43.791706,125.332745
43.791706,125.332745
43.791706,125.332745
43.791706,125.332745
43.791706,125.332745
43.791706,125.332745
43.791706,125.332745
43.791706,125.332745
43.791706,125.332745
43.791706,125.332745
43.791706,125.332745
43.791706,125.332745
43.791706,125.332745
43.791706,125.332745
43.791706,125.332745
43.791706,125.332745
43.791706,125.332745
43.791706,125.332745
43.791706,125.332745
43.791706,125.332745
43.791578,125.332746
43.791578,125.332746
43.791578,125.332746
43.791578,125.332746
43.791578,125.332746
43.791578,125.332746
43.791578,125.332746
43.791578,125.332746
43.791578,125.332746
43.791578,125.332746
43.791578,125.332746
43.791578,125.332746
43.791578,125.332746
43.791578,125.332746
43.791578,125.332746
43.791578,125.332746
43.791578,125.332746
43.791578,125.332746
43.791578,125.332746
43.791578,125.332746
43.791456,125.332746
43.791456,125.332746
43.791456,125.332746
43.791456,125.332746
43.791456,125.332746
43.791456,125.332746
43.791456,125.332746
43.791456,125.332746
43.791456,125.332746
43.791456,125.332746
43.791456,125.332746
43.791456,125.332746
43.791456,125.332746
43.791456,125.332746
43.791456,125.332746
43.791456,125.332746
43.791456,125.332746
43.791456,125.332746
43.791456,125.332746
43.791456,125.332746
43.79133,125.332745
43.79133,125.332745
43.79133,125.332745
43.79133,125.332745
43.79133,125.332745
43.79133,125.332745
43.79133,125.332745
43.79133,125.332745
43.79133,125.332745
43.79133,125.332745
43.79133,125.332745
43.79133,125.332745
43.79133,125.332745
43.79133,125.332745
43.79133,125.332745
43.79133,125.332745
43.79133,125.332745
43.79133,125.332745
43.79133,125.332745
43.79133,125.332745
43.791197,125.332743
43.791197,125.332743
43.791197,125.332743
43.791197,125.332743
43.791197,125.332743
43.791197,125.332743
43.791197,125.332743
43.791197,125.332743
43.791197,125.332743
43.791197,125.332743
43.791197,125.332743
43.791197,125.332743
43.791197,125.332743
43.791197,125.332743
43.791197,125.332743
43.791197,125.332743
43.791197,125.332743
43.791197,125.332743
43.791197,125.332743
43.791197,125.332743
43.791062,125.332742
43.791062,125.332742
43.791062,125.332742
43.791062,125.332742
43.791062,125.332742
43.791062,125.332742
43.791062,125.332742
43.791062,125.332742
43.791062,125.332742
43.791062,125.332742
43.791062,125.332742
43.791062,125.332742
43.791062,125.332742
43.791062,125.332742
43.791062,125.332742
43.791062,125.332742
43.791062,125.332742
43.791062,125.332742
43.791062,125.332742
43.791062,125.332742
43.790927,125.332741
43.790927,125.332741
43.790927,125.332741
43.790927,125.332741
43.790927,125.332741
43.790927,125.332741
43.790927,125.332741
43.790927,125.332741
43.790927,125.332741
43.790927,125.332741
43.790927,125.332741
43.790927,125.332741
43.790927,125.332741
43.790927,125.332741
43.790927,125.332741
43.790927,125.332741
43.790927,125.332741
43.790927,125.332741
43.790927,125.332741
43.790927,125.332741
43.790791,125.332742
43.790791,125.332742
43.790791,125.332742
43.790791,125.332742
43.790791,125.332742
43.790791,125.332742
43.790791,125.332742
43.790791,125.332742
43.790791,125.332742
43.790791,125.332742
43.790791,125.332742
43.790791,125.332742
43.790791,125.332742
43.790791,125.332742
43.790791,125.332742
43.790791,125.332742
43.790791,125.332742
43.790791,125.332742
43.790791,125.332742
43.790791,125.332742
43.790666,125.332746
43.790666,125.332746
43.790666,125.332746
43.790666,125.332746
43.790666,125.332746
43.790666,125.332746
43.790666,125.332746
43.790666,125.332746
43.790666,125.332746
43.790666,125.332746
43.790666,125.332746
43.790666,125.332746
43.790666,125.332746
43.790666,125.332746
43.790666,125.332746
43.790666,125.332746
43.790666,125.332746
43.790666,125.332746
43.790666,125.332746
43.790666,125.332746
43.790548,125.332756
43.790548,125.332756
43.790548,125.332756
43.790548,125.332756
43.790548,125.332756
43.790548,125.332756
43.790548,125.332756
43.790548,125.332756
43.790548,125.332756
43.790548,125.332756
43.790548,125.332756
43.790548,125.332756
43.790548,125.332756
43.790548,125.332756
43.790548,125.332756
43.790548,125.332756
43.790548,125.332756
43.790548,125.332756
43.790548,125.332756
43.790548,125.332756
43.790439,125.332766
43.790439,125.332766
43.790439,125.332766
43.790439,125.332766
43.790439,125.332766
43.790439,125.332766
43.790439,125.332766
43.790439,125.332766
43.790439,125.332766
43.790439,125.332766
43.790439,125.332766
43.790439,125.332766
43.790439,125.332766
43.790439,125.332766
43.790439,125.332766
43.790439,125.332766
43.790439,125.332766
43.790439,125.332766
43.790439,125.332766
43.790439,125.332766
43.790338,125.33277
43.790338,125.33277
43.790338,125.33277
43.790338,125.33277
43.790338,125.33277
43.790338,125.33277
43.790338,125.33277
43.790338,125.33277
43.790338,125.33277
43.790338,125.33277
43.790338,125.33277
43.790338,125.33277
43.790338,125.33277
43.790338,125.33277
43.790338,125.33277
43.790338,125.33277
43.790338,125.33277
43.790338,125.33277
43.790338,125.33277
43.790338,125.33277
43.790254,125.332771
43.790254,125.332771
43.790254,125.332771
43.790254,125.332771
43.790254,125.332771
43.790254,125.332771
43.790254,125.332771
43.790254,125.332771
43.790254,125.332771
43.790254,125.332771
43.790254,125.332771
43.790254,125.332771
43.790254,125.332771
43.790254,125.332771
43.790254,125.332771
43.790254,125.332771
43.790254,125.332771
43.790254,125.332771
43.790254,125.332771
43.790254,125.332771
43.790162,125.332771
43.790162,125.332771
43.790162,125.332771
43.790162,125.332771
43.790162,125.332771
43.790162,125.332771
43.790162,125.332771
43.790162,125.332771
43.790162,125.332771
43.790162,125.332771
43.790162,125.332771
43.790162,125.332771
43.790162,125.332771
43.790162,125.332771
43.790162,125.332771
43.790162,125.332771
43.790162,125.332771
43.790162,125.332771
43.790162,125.332771
43.790162,125.332771
43.790092,125.33278
43.790092,125.33278
43.790092,125.33278
43.790092,125.33278
43.790092,125.33278
43.790092,125.33278
43.790092,125.33278
43.790092,125.33278
43.790092,125.33278
43.790092,125.33278
43.790092,125.33278
43.790092,125.33278
43.790092,125.33278
43.790092,125.33278
43.790092,125.33278
43.790092,125.33278
43.790092,125.33278
43.790092,125.33278
43.790092,125.33278
43.790092,125.33278
43.790035,125.332812
43.790035,125.332812
43.790035,125.332812
43.790035,125.332812
43.790035,125.332812
43.790035,125.332812
43.790035,125.332812
43.790035,125.332812
43.790035,125.332812
43.790035,125.332812
43.790035,125.332812
43.790035,125.332812
43.790035,125.332812
43.790035,125.332812
43.790035,125.332812
43.790035,125.332812
43.790035,125.332812
43.790035,125.332812
43.790035,125.332812
43.790035,125.332812
43.789993,125.332876
43.789993,125.332876
43.789993,125.332876
43.789993,125.332876
43.789993,125.332876
43.789993,125.332876
43.789993,125.332876
43.789993,125.332876
43.789993,125.332876
43.789993,125.332876
43.789993,125.332876
43.789993,125.332876
43.789993,125.332876
43.789993,125.332876
43.789993,125.332876
43.789993,125.332876
43.789993,125.332876
43.789993,125.332876
43.789993,125.332876
43.789993,125.332876
43.789973,125.332968
43.789973,125.332968
43.789973,125.332968
43.789973,125.332968
43.789973,125.332968
43.789973,125.332968
43.789973,125.332968
43.789973,125.332968
43.789973,125.332968
43.789973,125.332968
43.789973,125.332968
43.789973,125.332968
43.789973,125.332968
43.789973,125.332968
43.789973,125.332968
43.789973,125.332968
43.789973,125.332968
43.789973,125.332968
43.789973,125.332968
43.789973,125.332968
43.789972,125.33307
43.789972,125.33307
43.789972,125.33307
43.789972,125.33307
43.789972,125.33307
43.789972,125.33307
43.789972,125.33307
43.789972,125.33307
43.789972,125.33307
43.789972,125.33307
43.789972,125.33307
43.789972,125.33307
43.789972,125.33307
43.789972,125.33307
43.789972,125.33307
43.789972,125.33307
43.789972,125.33307
43.789972,125.33307
43.789972,125.33307
43.789972,125.33307
43.789992,125.333189
43.789992,125.333189
43.789992,125.333189
43.789992,125.333189
43.789992,125.333189
43.789992,125.333189
43.789992,125.333189
43.789992,125.333189
43.789992,125.333189
43.789992,125.333189
43.789992,125.333189
43.789992,125.333189
43.789992,125.333189
43.789992,125.333189
43.789992,125.333189
43.789992,125.333189
43.789992,125.333189
43.789992,125.333189
43.789992,125.333189
43.789992,125.333189
43.79003,125.333325
43.79003,125.333325
43.79003,125.333325
43.79003,125.333325
43.79003,125.333325
43.79003,125.333325
43.79003,125.333325
43.79003,125.333325
43.79003,125.333325
43.79003,125.333325
43.79003,125.333325
43.79003,125.333325
43.79003,125.333325
43.79003,125.333325
43.79003,125.333325
43.79003,125.333325
43.79003,125.333325
43.79003,125.333325
43.79003,125.333325
43.79003,125.333325
43.790076,125.333481
43.790076,125.333481
43.790076,125.333481
43.790076,125.333481
43.790076,125.333481
43.790076,125.333481
43.790076,125.333481
43.790076,125.333481
43.790076,125.333481
43.790076,125.333481
43.790076,125.333481
43.790076,125.333481
43.790076,125.333481
43.790076,125.333481
43.790076,125.333481
43.790076,125.333481
43.790076,125.333481
43.790076,125.333481
43.790076,125.333481
43.790076,125.333481
43.790121,125.333652
43.790121,125.333652
43.790121,125.333652
43.790121,125.333652
43.790121,125.333652
43.790121,125.333652
43.790121,125.333652
43.790121,125.333652
43.790121,125.333652
43.790121,125.333652
43.790121,125.333652
43.790121,125.333652
43.790121,125.333652
43.790121,125.333652
43.790121,125.333652
43.790121,125.333652
43.790121,125.333652
43.790121,125.333652
43.790121,125.333652
43.790121,125.333652
43.790167,125.333833
43.790167,125.333833
43.790167,125.333833
43.790167,125.333833
43.790167,125.333833
43.790167,125.333833
43.790167,125.333833
43.790167,125.333833
43.790167,125.333833
43.790167,125.333833
43.790167,125.333833
43.790167,125.333833
43.790167,125.333833
43.790167,125.333833
43.790167,125.333833
43.790167,125.333833
43.790167,125.333833
43.790167,125.333833
43.790167,125.333833
43.790167,125.333833
43.790205,125.333984
43.790205,125.333984
43.790205,125.333984
43.790205,125.333984
43.790205,125.333984
43.790205,125.333984
43.790205,125.333984
43.790205,125.333984
43.790205,125.333984
43.790205,125.333984
43.790205,125.333984
43.790205,125.333984
43.790205,125.333984
43.790205,125.333984
43.790205,125.333984
43.790205,125.333984
43.790205,125.333984
43.790205,125.333984
43.790205,125.333984
43.790205,125.333984
43.790248,125.33415
43.790248,125.33415
43.790248,125.33415
43.790248,125.33415
43.790248,125.33415
43.790248,125.33415
43.790248,125.33415
43.790248,125.33415
43.790248,125.33415
43.790248,125.33415
43.790248,125.33415
43.790248,125.33415
43.790248,125.33415
43.790248,125.33415
43.790248,125.33415
43.790248,125.33415
43.790248,125.33415
43.790248,125.33415
43.790248,125.33415
43.790248,125.33415
43.790287,125.33431
43.790287,125.33431
43.790287,125.33431
43.790287,125.33431
43.790287,125.33431
43.790287,125.33431
43.790287,125.33431
43.790287,125.33431
43.790287,125.33431
43.790287,125.33431
43.790287,125.33431
43.790287,125.33431
43.790287,125.33431
43.790287,125.33431
43.790287,125.33431
43.790287,125.33431
43.790287,125.33431
43.790287,125.33431
43.790287,125.33431
43.790287,125.33431
43.790329,125.33448
43.790329,125.33448
43.790329,125.33448
43.790329,125.33448
43.790329,125.33448
43.790329,125.33448
43.790329,125.33448
43.790329,125.33448
43.790329,125.33448
43.790329,125.33448
43.790329,125.33448
43.790329,125.33448
43.790329,125.33448
43.790329,125.33448
43.790329,125.33448
43.790329,125.33448
43.790329,125.33448
43.790329,125.33448
43.790329,125.33448
43.790329,125.33448
43.790377,125.334665
43.790377,125.334665
43.790377,125.334665
43.790377,125.334665
43.790377,125.334665
43.790377,125.334665
43.790377,125.334665
43.790377,125.334665
43.790377,125.334665
43.790377,125.334665
43.790377,125.334665
43.790377,125.334665
43.790377,125.334665
43.790377,125.334665
43.790377,125.334665
43.790377,125.334665
43.790377,125.334665
43.790377,125.334665
43.790377,125.334665
43.790377,125.334665
43.790423,125.334833
43.790423,125.334833
43.790423,125.334833
43.790423,125.334833
43.790423,125.334833
43.790423,125.334833
43.790423,125.334833
43.790423,125.334833
43.790423,125.334833
43.790423,125.334833
43.790423,125.334833
43.790423,125.334833
43.790423,125.334833
43.790423,125.334833
43.790423,125.334833
43.790423,125.334833
43.790423,125.334833
43.790423,125.334833
43.790423,125.334833
43.790423,125.334833
43.790471,125.335007
43.790471,125.335007
43.790471,125.335007
43.790471,125.335007
43.790471,125.335007
43.790471,125.335007
43.790471,125.335007
43.790471,125.335007
43.790471,125.335007
43.790471,125.335007
43.790471,125.335007
43.790471,125.335007
43.790471,125.335007
43.790471,125.335007
43.790471,125.335007
43.790471,125.335007
43.790471,125.335007
43.790471,125.335007
43.790471,125.335007
43.790471,125.335007
43.790515,125.335166
43.790515,125.335166
43.790515,125.335166
43.790515,125.335166
43.790515,125.335166
43.790515,125.335166
43.790515,125.335166
43.790515,125.335166
43.790515,125.335166
43.790515,125.335166
43.790515,125.335166
43.790515,125.335166
43.790515,125.335166
43.790515,125.335166
43.790515,125.335166
43.790515,125.335166
43.790515,125.335166
43.790515,125.335166
43.790515,125.335166
43.790515,125.335166
43.790553,125.33531
43.790553,125.33531
43.790553,125.33531
43.790553,125.33531
43.790553,125.33531
43.790553,125.33531
43.790553,125.33531
43.790553,125.33531
43.790553,125.33531
43.790553,125.33531
43.790553,125.33531
43.790553,125.33531
43.790553,125.33531
43.790553,125.33531
43.790553,125.33531
43.790553,125.33531
43.790553,125.33531
43.790553,125.33531
43.790553,125.33531
43.790553,125.33531
43.790594,125.33546
43.790594,125.33546
43.790594,125.33546
43.790594,125.33546
43.790594,125.33546
43.790594,125.33546
43.790594,125.33546
43.790594,125.33546
43.790594,125.33546
43.790594,125.33546
43.790594,125.33546
43.790594,125.33546
43.790594,125.33546
43.790594,125.33546
43.790594,125.33546
43.790594,125.33546
43.790594,125.33546
43.790594,125.33546
43.790594,125.33546
43.790594,125.33546
43.790626,125.335586
43.790626,125.335586
43.790626,125.335586
43.790626,125.335586
43.790626,125.335586
43.790626,125.335586
43.790626,125.335586
43.790626,125.335586
43.790626,125.335586
43.790626,125.335586
43.790626,125.335586
43.790626,125.335586
43.790626,125.335586
43.790626,125.335586
43.790626,125.335586
43.790626,125.335586
43.790626,125.335586
43.790626,125.335586
43.790626,125.335586
43.790626,125.335586
43.790672,125.33577
43.790672,125.33577
43.790672,125.33577
43.790672,125.33577
43.790672,125.33577
43.790672,125.33577
43.790672,125.33577
43.790672,125.33577
43.790672,125.33577
43.790672,125.33577
43.790672,125.33577
43.790672,125.33577
43.790672,125.33577
43.790672,125.33577
43.790672,125.33577
43.790672,125.33577
43.790672,125.33577
43.790672,125.33577
43.790672,125.33577
43.790672,125.33577
43.790716,125.335948
43.790716,125.335948
43.790716,125.335948
43.790716,125.335948
43.790716,125.335948
43.790716,125.335948
43.790716,125.335948
43.790716,125.335948
43.790716,125.335948
43.790716,125.335948
43.790716,125.335948
43.790716,125.335948
43.790716,125.335948
43.790716,125.335948
43.790716,125.335948
43.790716,125.335948
43.790716,125.335948
43.790716,125.335948
43.790716,125.335948
43.790716,125.335948
43.790762,125.336127
43.790762,125.336127
43.790762,125.336127
43.790762,125.336127
43.790762,125.336127
43.790762,125.336127
43.790762,125.336127
43.790762,125.336127
43.790762,125.336127
43.790762,125.336127
43.790762,125.336127
43.790762,125.336127
43.790762,125.336127
43.790762,125.336127
43.790762,125.336127
43.790762,125.336127
43.790762,125.336127
43.790762,125.336127
43.790762,125.336127
43.790762,125.336127
43.79081,125.336307
43.79081,125.336307
43.79081,125.336307
43.79081,125.336307
43.79081,125.336307
43.79081,125.336307
43.79081,125.336307
43.79081,125.336307
43.79081,125.336307
43.79081,125.336307
43.79081,125.336307
43.79081,125.336307
43.79081,125.336307
43.79081,125.336307
43.79081,125.336307
43.79081,125.336307
43.79081,125.336307
43.79081,125.336307
43.79081,125.336307
43.79081,125.336307
43.790863,125.336503
43.790863,125.336503
43.790863,125.336503
43.790863,125.336503
43.790863,125.336503
43.790863,125.336503
43.790863,125.336503
43.790863,125.336503
43.790863,125.336503
43.790863,125.336503
43.790863,125.336503
43.790863,125.336503
43.790863,125.336503
43.790863,125.336503
43.790863,125.336503
43.790863,125.336503
43.790863,125.336503
43.790863,125.336503
43.790863,125.336503
43.790863,125.336503
43.7909,125.336634
43.7909,125.336634
43.7909,125.336634
43.7909,125.336634
43.7909,125.336634
43.7909,125.336634
43.7909,125.336634
43.7909,125.336634
43.7909,125.336634
43.7909,125.336634
43.7909,125.336634
43.7909,125.336634
43.7909,125.336634
43.7909,125.336634
43.7909,125.336634
43.7909,125.336634
43.7909,125.336634
43.7909,125.336634
43.7909,125.336634
43.7909,125.336634
43.790948,125.33681
43.790948,125.33681
43.790948,125.33681
43.790948,125.33681
43.790948,125.33681
43.790948,125.33681
43.790948,125.33681
43.790948,125.33681
43.790948,125.33681
43.790948,125.33681
43.790948,125.33681
43.790948,125.33681
43.790948,125.33681
43.790948,125.33681
43.790948,125.33681
43.790948,125.33681
43.790948,125.33681
43.790948,125.33681
43.790948,125.33681
43.790948,125.33681
43.791001,125.336996
43.791001,125.336996
43.791001,125.336996
43.791001,125.336996
43.791001,125.336996
43.791001,125.336996
43.791001,125.336996
43.791001,125.336996
43.791001,125.336996
43.791001,125.336996
43.791001,125.336996
43.791001,125.336996
43.791001,125.336996
43.791001,125.336996
43.791001,125.336996
43.791001,125.336996
43.791001,125.336996
43.791001,125.336996
43.791001,125.336996
43.791001,125.336996
43.791058,125.337186
43.791058,125.337186
43.791058,125.337186
43.791058,125.337186
43.791058,125.337186
43.791058,125.337186
43.791058,125.337186
43.791058,125.337186
43.791058,125.337186
43.791058,125.337186
43.791058,125.337186
43.791058,125.337186
43.791058,125.337186
43.791058,125.337186
43.791058,125.337186
43.791058,125.337186
43.791058,125.337186
43.791058,125.337186
43.791058,125.337186
43.791058,125.337186
43.791111,125.337362
43.791111,125.337362
43.791111,125.337362
43.791111,125.337362
43.791111,125.337362
43.791111,125.337362
43.791111,125.337362
43.791111,125.337362
43.791111,125.337362
43.791111,125.337362
43.791111,125.337362
43.791111,125.337362
43.791111,125.337362
43.791111,125.337362
43.791111,125.337362
43.791111,125.337362
43.791111,125.337362
43.791111,125.337362
43.791111,125.337362
43.791111,125.337362
43.791169,125.337552
43.791169,125.337552
43.791169,125.337552
43.791169,125.337552
43.791169,125.337552
43.791169,125.337552
43.791169,125.337552
43.791169,125.337552
43.791169,125.337552
43.791169,125.337552
43.791169,125.337552
43.791169,125.337552
43.791169,125.337552
43.791169,125.337552
43.791169,125.337552
43.791169,125.337552
43.791169,125.337552
43.791169,125.337552
43.791169,125.337552
43.791169,125.337552
43.791222,125.337726
43.791222,125.337726
43.791222,125.337726
43.791222,125.337726
43.791222,125.337726
43.791222,125.337726
43.791222,125.337726
43.791222,125.337726
43.791222,125.337726
43.791222,125.337726
43.791222,125.337726
43.791222,125.337726
43.791222,125.337726
43.791222,125.337726
43.791222,125.337726
43.791222,125.337726
43.791222,125.337726
43.791222,125.337726
43.791222,125.337726
43.791222,125.337726
43.791275,125.3379
43.791275,125.3379
43.791275,125.3379
43.791275,125.3379
43.791275,125.3379
43.791275,125.3379
43.791275,125.3379
43.791275,125.3379
43.791275,125.3379
43.791275,125.3379
43.791275,125.3379
43.791275,125.3379
43.791275,125.3379
43.791275,125.3379
43.791275,125.3379
43.791275,125.3379
43.791275,125.3379
43.791275,125.3379
43.791275,125.3379
43.791275,125.3379
43.791326,125.338071
43.791326,125.338071
43.791326,125.338071
43.791326,125.338071
43.791326,125.338071
43.791326,125.338071
43.791326,125.338071
43.791326,125.338071
43.791326,125.338071
43.791326,125.338071
43.791326,125.338071
43.791326,125.338071
43.791326,125.338071
43.791326,125.338071
43.791326,125.338071
43.791326,125.338071
43.791326,125.338071
43.791326,125.338071
43.791326,125.338071
43.791326,125.338071
43.791375,125.33824
43.791375,125.33824
43.791375,125.33824
43.791375,125.33824
43.791375,125.33824
43.791375,125.33824
43.791375,125.33824
43.791375,125.33824
43.791375,125.33824
43.791375,125.33824
43.791375,125.33824
43.791375,125.33824
43.791375,125.33824
43.791375,125.33824
43.791375,125.33824
43.791375,125.33824
43.791375,125.33824
43.791375,125.33824
43.791375,125.33824
43.791375,125.33824
43.791424,125.338411
43.791424,125.338411
43.791424,125.338411
43.791424,125.338411
43.791424,125.338411
43.791424,125.338411
43.791424,125.338411
43.791424,125.338411
43.791424,125.338411
43.791424,125.338411
43.791424,125.338411
43.791424,125.338411
43.791424,125.338411
43.791424,125.338411
43.791424,125.338411
43.791424,125.338411
43.791424,125.338411
43.791424,125.338411
43.791424,125.338411
43.791424,125.338411
43.791474,125.338583
43.791474,125.338583
43.791474,125.338583
43.791474,125.338583
43.791474,125.338583
43.791474,125.338583
43.791474,125.338583
43.791474,125.338583
43.791474,125.338583
43.791474,125.338583
43.791474,125.338583
43.791474,125.338583
43.791474,125.338583
43.791474,125.338583
43.791474,125.338583
43.791474,125.338583
43.791474,125.338583
43.791474,125.338583
43.791474,125.338583
43.791474,125.338583
43.791525,125.338748
43.791525,125.338748
43.791525,125.338748
43.791525,125.338748
43.791525,125.338748
43.791525,125.338748
43.791525,125.338748
43.791525,125.338748
43.791525,125.338748
43.791525,125.338748
43.791525,125.338748
43.791525,125.338748
43.791525,125.338748
43.791525,125.338748
43.791525,125.338748
43.791525,125.338748
43.791525,125.338748
43.791525,125.338748
43.791525,125.338748
43.791525,125.338748
43.791578,125.33892
43.791578,125.33892
43.791578,125.33892
43.791578,125.33892
43.791578,125.33892
43.791578,125.33892
43.791578,125.33892
43.791578,125.33892
43.791578,125.33892
43.791578,125.33892
43.791578,125.33892
43.791578,125.33892
43.791578,125.33892
43.791578,125.33892
43.791578,125.33892
43.791578,125.33892
43.791578,125.33892
43.791578,125.33892
43.791578,125.33892
43.791578,125.33892
43.791636,125.339098
43.791636,125.339098
43.791636,125.339098
43.791636,125.339098
43.791636,125.339098
43.791636,125.339098
43.791636,125.339098
43.791636,125.339098
43.791636,125.339098
43.791636,125.339098
43.791636,125.339098
43.791636,125.339098
43.791636,125.339098
43.791636,125.339098
43.791636,125.339098
43.791636,125.339098
43.791636,125.339098
43.791636,125.339098
43.791636,125.339098
43.791636,125.339098
43.791692,125.339283
43.791692,125.339283
43.791692,125.339283
43.791692,125.339283
43.791692,125.339283
43.791692,125.339283
43.791692,125.339283
43.791692,125.339283
43.791692,125.339283
43.791692,125.339283
43.791692,125.339283
43.791692,125.339283
43.791692,125.339283
43.791692,125.339283
43.791692,125.339283
43.791692,125.339283
43.791692,125.339283
43.791692,125.339283
43.791692,125.339283
43.791692,125.339283
43.791748,125.339475
43.791748,125.339475
43.791748,125.339475
43.791748,125.339475
43.791748,125.339475
43.791748,125.339475
43.791748,125.339475
43.791748,125.339475
43.791748,125.339475
43.791748,125.339475
43.791748,125.339475
43.791748,125.339475
43.791748,125.339475
43.791748,125.339475
43.791748,125.339475
43.791748,125.339475
43.791748,125.339475
43.791748,125.339475
43.791748,125.339475
43.791748,125.339475
43.791808,125.339683
43.791808,125.339683
43.791808,125.339683
43.791808,125.339683
43.791808,125.339683
43.791808,125.339683
43.791808,125.339683
43.791808,125.339683
43.791808,125.339683
43.791808,125.339683
43.791808,125.339683
43.791808,125.339683
43.791808,125.339683
43.791808,125.339683
43.791808,125.339683
43.791808,125.339683
43.791808,125.339683
43.791808,125.339683
43.791808,125.339683
43.791808,125.339683
43.791864,125.339878
43.791864,125.339878
43.791864,125.339878
43.791864,125.339878
43.791864,125.339878
43.791864,125.339878
43.791864,125.339878
43.791864,125.339878
43.791864,125.339878
43.791864,125.339878
43.791864,125.339878
43.791864,125.339878
43.791864,125.339878
43.791864,125.339878
43.791864,125.339878
43.791864,125.339878
43.791864,125.339878
43.791864,125.339878
43.791864,125.339878
43.791864,125.339878
43.791911,125.340032
43.791911,125.340032
43.791911,125.340032
43.791911,125.340032
43.791911,125.340032
43.791911,125.340032
43.791911,125.340032
43.791911,125.340032
43.791911,125.340032
43.791911,125.340032
43.791911,125.340032
43.791911,125.340032
43.791911,125.340032
43.791911,125.340032
43.791911,125.340032
43.791911,125.340032
43.791911,125.340032
43.791911,125.340032
43.791911,125.340032
43.791911,125.340032
43.791973,125.340229
43.791973,125.340229
43.791973,125.340229
43.791973,125.340229
43.791973,125.340229
43.791973,125.340229
43.791973,125.340229
43.791973,125.340229
43.791973,125.340229
43.791973,125.340229
43.791973,125.340229
43.791973,125.340229
43.791973,125.340229
43.791973,125.340229
43.791973,125.340229
43.791973,125.340229
43.791973,125.340229
43.791973,125.340229
43.791973,125.340229
43.791973,125.340229
43.792033,125.340415
43.792033,125.340415
43.792033,125.340415
43.792033,125.340415
43.792033,125.340415
43.792033,125.340415
43.792033,125.340415
43.792033,125.340415
43.792033,125.340415
43.792033,125.340415
43.792033,125.340415
43.792033,125.340415
43.792033,125.340415
43.792033,125.340415
43.792033,125.340415
43.792033,125.340415
43.792033,125.340415
43.792033,125.340415
43.792033,125.340415
43.792033,125.340415
43.792095,125.340608
43.792095,125.340608
43.792095,125.340608
43.792095,125.340608
43.792095,125.340608
43.792095,125.340608
43.792095,125.340608
43.792095,125.340608
43.792095,125.340608
43.792095,125.340608
43.792095,125.340608
43.792095,125.340608
43.792095,125.340608
43.792095,125.340608
43.792095,125.340608
43.792095,125.340608
43.792095,125.340608
43.792095,125.340608
43.792095,125.340608
43.792095,125.340608
43.792147,125.34077
43.792147,125.34077
43.792147,125.34077
43.792147,125.34077
43.792147,125.34077
43.792147,125.34077
43.792147,125.34077
43.792147,125.34077
43.792147,125.34077
43.792147,125.34077
43.792147,125.34077
43.792147,125.34077
43.792147,125.34077
43.792147,125.34077
43.792147,125.34077
43.792147,125.34077
43.792147,125.34077
43.792147,125.34077
43.792147,125.34077
43.792147,125.34077
43.792204,125.340946
43.792204,125.340946
43.792204,125.340946
43.792204,125.340946
43.792204,125.340946
43.792204,125.340946
43.792204,125.340946
43.792204,125.340946
43.792204,125.340946
43.792204,125.340946
43.792204,125.340946
43.792204,125.340946
43.792204,125.340946
43.792204,125.340946
43.792204,125.340946
43.792204,125.340946
43.792204,125.340946
43.792204,125.340946
43.792204,125.340946
43.792204,125.340946
43.792258,125.341114
43.792258,125.341114
43.792258,125.341114
43.792258,125.341114
43.792258,125.341114
43.792258,125.341114
43.792258,125.341114
43.792258,125.341114
43.792258,125.341114
43.792258,125.341114
43.792258,125.341114
43.792258,125.341114
43.792258,125.341114
43.792258,125.341114
43.792258,125.341114
43.792258,125.341114
43.792258,125.341114
43.792258,125.341114
43.792258,125.341114
43.792258,125.341114
43.792313,125.341283
43.792313,125.341283
43.792313,125.341283
43.792313,125.341283
43.792313,125.341283
43.792313,125.341283
43.792313,125.341283
43.792313,125.341283
43.792313,125.341283
43.792313,125.341283
43.792313,125.341283
43.792313,125.341283
43.792313,125.341283
43.792313,125.341283
43.792313,125.341283
43.792313,125.341283
43.792313,125.341283
43.792313,125.341283
43.792313,125.341283
43.792313,125.341283
43.792369,125.341457
43.792369,125.341457
43.792369,125.341457
43.792369,125.341457
43.792369,125.341457
43.792369,125.341457
43.792369,125.341457
43.792369,125.341457
43.792369,125.341457
43.792369,125.341457
43.792369,125.341457
43.792369,125.341457
43.792369,125.341457
43.792369,125.341457
43.792369,125.341457
43.792369,125.341457
43.792369,125.341457
43.792369,125.341457
43.792369,125.341457
43.792369,125.341457
43.792416,125.341599
43.792416,125.341599
43.792416,125.341599
43.792416,125.341599
43.792416,125.341599
43.792416,125.341599
43.792416,125.341599
43.792416,125.341599
43.792416,125.341599
43.792416,125.341599
43.792416,125.341599
43.792416,125.341599
43.792416,125.341599
43.792416,125.341599
43.792416,125.341599
43.792416,125.341599
43.792416,125.341599
43.792416,125.341599
43.792416,125.341599
43.792416,125.341599
43.792468,125.341757
43.792468,125.341757
43.792468,125.341757
43.792468,125.341757
43.792468,125.341757
43.792468,125.341757
43.792468,125.341757
43.792468,125.341757
43.792468,125.341757
43.792468,125.341757
43.792468,125.341757
43.792468,125.341757
43.792468,125.341757
43.792468,125.341757
43.792468,125.341757
43.792468,125.341757
43.792468,125.341757
43.792468,125.341757
43.792468,125.341757
43.792468,125.341757
43.792521,125.341917
43.792521,125.341917
43.792521,125.341917
43.792521,125.341917
43.792521,125.341917
43.792521,125.341917
43.792521,125.341917
43.792521,125.341917
43.792521,125.341917
43.792521,125.341917
43.792521,125.341917
43.792521,125.341917
43.792521,125.341917
43.792521,125.341917
43.792521,125.341917
43.792521,125.341917
43.792521,125.341917
43.792521,125.341917
43.792521,125.341917
43.792521,125.341917
43.792574,125.342078
43.792574,125.342078
43.792574,125.342078
43.792574,125.342078
43.792574,125.342078
43.792574,125.342078
43.792574,125.342078
43.792574,125.342078
43.792574,125.342078
43.792574,125.342078
43.792574,125.342078
43.792574,125.342078
43.792574,125.342078
43.792574,125.342078
43.792574,125.342078
43.792574,125.342078
43.792574,125.342078
43.792574,125.342078
43.792574,125.342078
43.792574,125.342078
43.792625,125.342233
43.792625,125.342233
43.792625,125.342233
43.792625,125.342233
43.792625,125.342233
43.792625,125.342233
43.792625,125.342233
43.792625,125.342233
43.792625,125.342233
43.792625,125.342233
43.792625,125.342233
43.792625,125.342233
43.792625,125.342233
43.792625,125.342233
43.792625,125.342233
43.792625,125.342233
43.792625,125.342233
43.792625,125.342233
43.792625,125.342233
43.792625,125.342233
43.792678,125.342392
43.792678,125.342392
43.792678,125.342392
43.792678,125.342392
43.792678,125.342392
43.792678,125.342392
43.792678,125.342392
43.792678,125.342392
43.792678,125.342392
43.792678,125.342392
43.792678,125.342392
43.792678,125.342392
43.792678,125.342392
43.792678,125.342392
43.792678,125.342392
43.792678,125.342392
43.792678,125.342392
43.792678,125.342392
43.792678,125.342392
43.792678,125.342392
43.792731,125.342556
43.792731,125.342556
43.792731,125.342556
43.792731,125.342556
43.792731,125.342556
43.792731,125.342556
43.792731,125.342556
43.792731,125.342556
43.792731,125.342556
43.792731,125.342556
43.792731,125.342556
43.792731,125.342556
43.792731,125.342556
43.792731,125.342556
43.792731,125.342556
43.792731,125.342556
43.792731,125.342556
43.792731,125.342556
43.792731,125.342556
43.792731,125.342556
43.792778,125.342705
43.792778,125.342705
43.792778,125.342705
43.792778,125.342705
43.792778,125.342705
43.792778,125.342705
43.792778,125.342705
43.792778,125.342705
43.792778,125.342705
43.792778,125.342705
43.792778,125.342705
43.792778,125.342705
43.792778,125.342705
43.792778,125.342705
43.792778,125.342705
43.792778,125.342705
43.792778,125.342705
43.792778,125.342705
43.792778,125.342705
43.792778,125.342705
43.792823,125.342849
43.792823,125.342849
43.792823,125.342849
43.792823,125.342849
43.792823,125.342849
43.792823,125.342849
43.792823,125.342849
43.792823,125.342849
43.792823,125.342849
43.792823,125.342849
43.792823,125.342849
43.792823,125.342849
43.792823,125.342849
43.792823,125.342849
43.792823,125.342849
43.792823,125.342849
43.792823,125.342849
43.792823,125.342849
43.792823,125.342849
43.792823,125.342849
43.792862,125.342977
43.792862,125.342977
43.792862,125.342977
43.792862,125.342977
43.792862,125.342977
43.792862,125.342977
43.792862,125.342977
43.792862,125.342977
43.792862,125.342977
43.792862,125.342977
43.792862,125.342977
43.792862,125.342977
43.792862,125.342977
43.792862,125.342977
43.792862,125.342977
43.792862,125.342977
43.792862,125.342977
43.792862,125.342977
43.792862,125.342977
43.792862,125.342977
43.792892,125.343081
43.792892,125.343081
43.792892,125.343081
43.792892,125.343081
43.792892,125.343081
43.792892,125.343081
43.792892,125.343081
43.792892,125.343081
43.792892,125.343081
43.792892,125.343081
43.792892,125.343081
43.792892,125.343081
43.792892,125.343081
43.792892,125.343081
43.792892,125.343081
43.792892,125.343081
43.792892,125.343081
43.792892,125.343081
43.792892,125.343081
43.792892,125.343081
43.792911,125.34317
43.792911,125.34317
43.792911,125.34317
43.792911,125.34317
43.792911,125.34317
43.792911,125.34317
43.792911,125.34317
43.792911,125.34317
43.792911,125.34317
43.792911,125.34317
43.792911,125.34317
43.792911,125.34317
43.792911,125.34317
43.792911,125.34317
43.792911,125.34317
43.792911,125.34317
43.792911,125.34317
43.792911,125.34317
43.792911,125.34317
43.792911,125.34317
43.792916,125.34322
43.792916,125.34322
43.792916,125.34322
43.792916,125.34322
43.792916,125.34322
43.792916,125.34322
43.792916,125.34322
43.792916,125.34322
43.792916,125.34322
43.792916,125.34322
43.792916,125.34322
43.792916,125.34322
43.792916,125.34322
43.792916,125.34322
43.792916,125.34322
43.792916,125.34322
43.792916,125.34322
43.792916,125.34322
43.792916,125.34322
43.792916,125.34322
43.79292,125.34327
43.79292,125.34327
43.79292,125.34327
43.79292,125.34327
43.79292,125.34327
43.79292,125.34327
43.79292,125.34327
43.79292,125.34327
43.79292,125.34327
43.79292,125.34327
43.79292,125.34327
43.79292,125.34327
43.79292,125.34327
43.79292,125.34327
43.79292,125.34327
43.79292,125.34327
43.79292,125.34327
43.79292,125.34327
43.79292,125.34327
43.79292,125.34327
43.792925,125.343304
43.792925,125.343304
43.792925,125.343304
43.792925,125.343304
43.792925,125.343304
43.792925,125.343304
43.792925,125.343304
43.792925,125.343304
43.792925,125.343304
43.792925,125.343304
43.792925,125.343304
43.792925,125.343304
43.792925,125.343304
43.792925,125.343304
43.792925,125.343304
43.792925,125.343304
43.792925,125.343304
43.792925,125.343304
43.792925,125.343304
43.792925,125.343304
43.79293,125.343324
43.79293,125.343324
43.79293,125.343324
43.79293,125.343324
43.79293,125.343324
43.79293,125.343324
43.79293,125.343324
43.79293,125.343324
43.79293,125.343324
43.79293,125.343324
43.79293,125.343324
43.79293,125.343324
43.79293,125.343324
43.79293,125.343324
43.79293,125.343324
43.79293,125.343324
43.79293,125.343324
43.79293,125.343324
43.79293,125.343324
43.79293,125.343324
43.792933,125.343338
43.792933,125.343338
43.792933,125.343338
43.792933,125.343338
43.792933,125.343338
43.792933,125.343338
43.792933,125.343338
43.792933,125.343338
43.792933,125.343338
43.792933,125.343338
43.792933,125.343338
43.792933,125.343338
43.792933,125.343338
43.792933,125.343338
43.792933,125.343338
43.792933,125.343338
43.792933,125.343338
43.792933,125.343338
43.792933,125.343338
43.792933,125.343338
43.792937,125.343353
43.792937,125.343353
43.792937,125.343353
43.792937,125.343353
43.792937,125.343353
43.792937,125.343353
43.792937,125.343353
43.792937,125.343353
43.792937,125.343353
43.792937,125.343353
43.792937,125.343353
43.792937,125.343353
43.792937,125.343353
43.792937,125.343353
43.792937,125.343353
43.792937,125.343353
43.792937,125.343353
43.792937,125.343353
43.792937,125.343353
43.792937,125.343353
43.792941,125.34337
43.792941,125.34337
43.792941,125.34337
43.792941,125.34337
43.792941,125.34337
43.792941,125.34337
43.792941,125.34337
43.792941,125.34337
43.792941,125.34337
43.792941,125.34337
43.792941,125.34337
43.792941,125.34337
43.792941,125.34337
43.792941,125.34337
43.792941,125.34337
43.792941,125.34337
43.792941,125.34337
43.792941,125.34337
43.792941,125.34337
43.792941,125.34337
43.792949,125.343394
43.792949,125.343394
43.792949,125.343394
43.792949,125.343394
43.792949,125.343394
43.792949,125.343394
43.792949,125.343394
43.792949,125.343394
43.792949,125.343394
43.792949,125.343394
43.792949,125.343394
43.792949,125.343394
43.792949,125.343394
43.792949,125.343394
43.792949,125.343394
43.792949,125.343394
43.792949,125.343394
43.792949,125.343394
43.792949,125.343394
43.792949,125.343394
43.792956,125.343417
43.792956,125.343417
43.792956,125.343417
43.792956,125.343417
43.792956,125.343417
43.792956,125.343417
43.792956,125.343417
43.792956,125.343417
43.792956,125.343417
43.792956,125.343417
43.792956,125.343417
43.792956,125.343417
43.792956,125.343417
43.792956,125.343417
43.792956,125.343417
43.792956,125.343417
43.792956,125.343417
43.792956,125.343417
43.792956,125.343417
43.792956,125.343417
43.792965,125.343443
43.792965,125.343443
43.792965,125.343443
43.792965,125.343443
43.792965,125.343443
43.792965,125.343443
43.792965,125.343443
43.792965,125.343443
43.792965,125.343443
43.792965,125.343443
43.792965,125.343443
43.792965,125.343443
43.792965,125.343443
43.792965,125.343443
43.792965,125.343443
43.792965,125.343443
43.792965,125.343443
43.792965,125.343443
43.792965,125.343443
43.792965,125.343443
43.79297,125.343461
43.79297,125.343461
43.79297,125.343461
43.79297,125.343461
43.79297,125.343461
43.79297,125.343461
43.79297,125.343461
43.79297,125.343461
43.79297,125.343461
43.79297,125.343461
43.79297,125.343461
43.79297,125.343461
43.79297,125.343461
43.79297,125.343461
43.79297,125.343461
43.79297,125.343461
43.79297,125.343461
43.79297,125.343461
43.79297,125.343461
43.79297,125.343461
43.792974,125.343476
43.792974,125.343476
43.792974,125.343476
43.792974,125.343476
43.792974,125.343476
43.792974,125.343476
43.792974,125.343476
43.792974,125.343476
43.792974,125.343476
43.792974,125.343476
43.792974,125.343476
43.792974,125.343476
43.792974,125.343476
43.792974,125.343476
43.792974,125.343476
43.792974,125.343476
43.792974,125.343476
43.792974,125.343476
43.792974,125.343476
43.792974,125.343476
43.792979,125.343491
43.792979,125.343491
43.792979,125.343491
43.792979,125.343491
43.792979,125.343491
43.792979,125.343491
43.792979,125.343491
43.792979,125.343491
43.792979,125.343491
43.792979,125.343491
43.792979,125.343491
43.792979,125.343491
43.792979,125.343491
43.792979,125.343491
43.792979,125.343491
43.792979,125.343491
43.792979,125.343491
43.792979,125.343491
43.792979,125.343491
43.792979,125.343491
43.792981,125.343499
43.792981,125.343499
43.792981,125.343499
43.792981,125.343499
43.792981,125.343499
43.792981,125.343499
43.792981,125.343499
43.792981,125.343499
43.792981,125.343499
43.792981,125.343499
43.792981,125.343499
43.792981,125.343499
43.792981,125.343499
43.792981,125.343499
43.792981,125.343499
43.792981,125.343499
43.792981,125.343499
43.792981,125.343499
43.792981,125.343499
43.792981,125.343499
43.792984,125.343512
43.792984,125.343512
43.792984,125.343512
43.792984,125.343512
43.792984,125.343512
43.792984,125.343512
43.792984,125.343512
43.792984,125.343512
43.792984,125.343512
43.792984,125.343512
43.792984,125.343512
43.792984,125.343512
43.792984,125.343512
43.792984,125.343512
43.792984,125.343512
43.792984,125.343512
43.792984,125.343512
43.792984,125.343512
43.792984,125.343512
43.792984,125.343512
43.792988,125.343537
43.792988,125.343537
43.792988,125.343537
43.792988,125.343537
43.792988,125.343537
43.792988,125.343537
43.792988,125.343537
43.792988,125.343537
43.792988,125.343537
43.792988,125.343537
43.792988,125.343537
43.792988,125.343537
43.792988,125.343537
43.792988,125.343537
43.792988,125.343537
43.792988,125.343537
43.792988,125.343537
43.792988,125.343537
43.792988,125.343537
43.792988,125.343537
43.792994,125.343583
43.792994,125.343583
43.792994,125.343583
43.792994,125.343583
43.792994,125.343583
43.792994,125.343583
43.792994,125.343583
43.792994,125.343583
43.792994,125.343583
43.792994,125.343583
43.792994,125.343583
43.792994,125.343583
43.792994,125.343583
43.792994,125.343583
43.792994,125.343583
43.792994,125.343583
43.792994,125.343583
43.792994,125.343583
43.792994,125.343583
43.792994,125.343583
43.793,125.343639
43.793,125.343639
43.793,125.343639
43.793,125.343639
43.793,125.343639
43.793,125.343639
43.793,125.343639
43.793,125.343639
43.793,125.343639
43.793,125.343639
43.793,125.343639
43.793,125.343639
43.793,125.343639
43.793,125.343639
43.793,125.343639
43.793,125.343639
43.793,125.343639
43.793,125.343639
43.793,125.343639
43.793,125.343639
43.79301,125.343696
43.79301,125.343696
43.79301,125.343696
43.79301,125.343696
43.79301,125.343696
43.79301,125.343696
43.79301,125.343696
43.79301,125.343696
43.79301,125.343696
43.79301,125.343696
43.79301,125.343696
43.79301,125.343696
43.79301,125.343696
43.79301,125.343696
43.79301,125.343696
43.79301,125.343696
43.79301,125.343696
43.79301,125.343696
43.79301,125.343696
43.79301,125.343696
43.793023,125.34376
43.793023,125.34376
43.793023,125.34376
43.793023,125.34376
43.793023,125.34376
43.793023,125.34376
43.793023,125.34376
43.793023,125.34376
43.793023,125.34376
43.793023,125.34376
43.793023,125.34376
43.793023,125.34376
43.793023,125.34376
43.793023,125.34376
43.793023,125.34376
43.793023,125.34376
43.793023,125.34376
43.793023,125.34376
43.793023,125.34376
43.793023,125.34376
43.793033,125.343824
43.793033,125.343824
43.793033,125.343824
43.793033,125.343824
43.793033,125.343824
43.793033,125.343824
43.793033,125.343824
43.793033,125.343824
43.793033,125.343824
43.793033,125.343824
43.793033,125.343824
43.793033,125.343824
43.793033,125.343824
43.793033,125.343824
43.793033,125.343824
43.793033,125.343824
43.793033,125.343824
43.793033,125.343824
43.793033,125.343824
43.793033,125.343824
43.793035,125.343878
43.793035,125.343878
43.793035,125.343878
43.793035,125.343878
43.793035,125.343878
43.793035,125.343878
43.793035,125.343878
43.793035,125.343878
43.793035,125.343878
43.793035,125.343878
43.793035,125.343878
43.793035,125.343878
43.793035,125.343878
43.793035,125.343878
43.793035,125.343878
43.793035,125.343878
43.793035,125.343878
43.793035,125.343878
43.793035,125.343878
43.793035,125.343878
43.79303,125.343937
43.79303,125.343937
43.79303,125.343937
43.79303,125.343937
43.79303,125.343937
43.79303,125.343937
43.79303,125.343937
43.79303,125.343937
43.79303,125.343937
43.79303,125.343937
43.79303,125.343937
43.79303,125.343937
43.79303,125.343937
43.79303,125.343937
43.79303,125.343937
43.79303,125.343937
43.79303,125.343937
43.79303,125.343937
43.79303,125.343937
43.79303,125.343937
43.793011,125.343994
43.793011,125.343994
43.793011,125.343994
43.793011,125.343994
43.793011,125.343994
43.793011,125.343994
43.793011,125.343994
43.793011,125.343994
43.793011,125.343994
43.793011,125.343994
43.793011,125.343994
43.793011,125.343994
43.793011,125.343994
43.793011,125.343994
43.793011,125.343994
43.793011,125.343994
43.793011,125.343994
43.793011,125.343994
43.793011,125.343994
43.793011,125.343994
43.792984,125.344046
43.792984,125.344046
43.792984,125.344046
43.792984,125.344046
43.792984,125.344046
43.792984,125.344046
43.792984,125.344046
43.792984,125.344046
43.792984,125.344046
43.792984,125.344046
43.792984,125.344046
43.792984,125.344046
43.792984,125.344046
43.792984,125.344046
43.792984,125.344046
43.792984,125.344046
43.792984,125.344046
43.792984,125.344046
43.792984,125.344046
43.792984,125.344046
43.79295,125.344095
43.79295,125.344095
43.79295,125.344095
43.79295,125.344095
43.79295,125.344095
43.79295,125.344095
43.79295,125.344095
43.79295,125.344095
43.79295,125.344095
43.79295,125.344095
43.79295,125.344095
43.79295,125.344095
43.79295,125.344095
43.79295,125.344095
43.79295,125.344095
43.79295,125.344095
43.79295,125.344095
43.79295,125.344095
43.79295,125.344095
43.79295,125.344095
43.792909,125.344132
43.792909,125.344132
43.792909,125.344132
43.792909,125.344132
43.792909,125.344132
43.792909,125.344132
43.792909,125.344132
43.792909,125.344132
43.792909,125.344132
43.792909,125.344132
43.792909,125.344132
43.792909,125.344132
43.792909,125.344132
43.792909,125.344132
43.792909,125.344132
43.792909,125.344132
43.792909,125.344132
43.792909,125.344132
43.792909,125.344132
43.792909,125.344132
43.792861,125.344163
43.792861,125.344163
43.792861,125.344163
43.792861,125.344163
43.792861,125.344163
43.792861,125.344163
43.792861,125.344163
43.792861,125.344163
43.792861,125.344163
43.792861,125.344163
43.792861,125.344163
43.792861,125.344163
43.792861,125.344163
43.792861,125.344163
43.792861,125.344163
43.792861,125.344163
43.792861,125.344163
43.792861,125.344163
43.792861,125.344163
43.792861,125.344163
43.79281,125.344174
43.79281,125.344174
43.79281,125.344174
43.79281,125.344174
43.79281,125.344174
43.79281,125.344174
43.79281,125.344174
43.79281,125.344174
43.79281,125.344174
43.79281,125.344174
43.79281,125.344174
43.79281,125.344174
43.79281,125.344174
43.79281,125.344174
43.79281,125.344174
43.79281,125.344174
43.79281,125.344174
43.79281,125.344174
43.79281,125.344174
43.79281,125.344174
43.792742,125.344175
43.792742,125.344175
43.792742,125.344175
43.792742,125.344175
43.792742,125.344175
43.792742,125.344175
43.792742,125.344175
43.792742,125.344175
43.792742,125.344175
43.792742,125.344175
43.792742,125.344175
43.792742,125.344175
43.792742,125.344175
43.792742,125.344175
43.792742,125.344175
43.792742,125.344175
43.792742,125.344175
43.792742,125.344175
43.792742,125.344175
43.792742,125.344175
43.792668,125.34417
43.792668,125.34417
43.792668,125.34417
43.792668,125.34417
43.792668,125.34417
43.792668,125.34417
43.792668,125.34417
43.792668,125.34417
43.792668,125.34417
43.792668,125.34417
43.792668,125.34417
43.792668,125.34417
43.792668,125.34417
43.792668,125.34417
43.792668,125.34417
43.792668,125.34417
43.792668,125.34417
43.792668,125.34417
43.792668,125.34417
43.792668,125.34417
43.792593,125.344167
43.792593,125.344167
43.792593,125.344167
43.792593,125.344167
43.792593,125.344167
43.792593,125.344167
43.792593,125.344167
43.792593,125.344167
43.792593,125.344167
43.792593,125.344167
43.792593,125.344167
43.792593,125.344167
43.792593,125.344167
43.792593,125.344167
43.792593,125.344167
43.792593,125.344167
43.792593,125.344167
43.792593,125.344167
43.792593,125.344167
43.792593,125.344167
43.792517,125.34417
43.792517,125.34417
43.792517,125.34417
43.792517,125.34417
43.792517,125.34417
43.792517,125.34417
43.792517,125.34417
43.792517,125.34417
43.792517,125.34417
43.792517,125.34417
43.792517,125.34417
43.792517,125.34417
43.792517,125.34417
43.792517,125.34417
43.792517,125.34417
43.792517,125.34417
43.792517,125.34417
43.792517,125.34417
43.792517,125.34417
43.792517,125.34417
43.792427,125.344175
43.792427,125.344175
43.792427,125.344175
43.792427,125.344175
43.792427,125.344175
43.792427,125.344175
43.792427,125.344175
43.792427,125.344175
43.792427,125.344175
43.792427,125.344175
43.792427,125.344175
43.792427,125.344175
43.792427,125.344175
43.792427,125.344175
43.792427,125.344175
43.792427,125.344175
43.792427,125.344175
43.792427,125.344175
43.792427,125.344175
43.792427,125.344175
43.792328,125.344186
43.792328,125.344186
43.792328,125.344186
43.792328,125.344186
43.792328,125.344186
43.792328,125.344186
43.792328,125.344186
43.792328,125.344186
43.792328,125.344186
43.792328,125.344186
43.792328,125.344186
43.792328,125.344186
43.792328,125.344186
43.792328,125.344186
43.792328,125.344186
43.792328,125.344186
43.792328,125.344186
43.792328,125.344186
43.792328,125.344186
43.792328,125.344186
43.792231,125.344194
43.792231,125.344194
43.792231,125.344194
43.792231,125.344194
43.792231,125.344194
43.792231,125.344194
43.792231,125.344194
43.792231,125.344194
43.792231,125.344194
43.792231,125.344194
43.792231,125.344194
43.792231,125.344194
43.792231,125.344194
43.792231,125.344194
43.792231,125.344194
43.792231,125.344194
43.792231,125.344194
43.792231,125.344194
43.792231,125.344194
43.792231,125.344194
43.792116,125.344199
43.792116,125.344199
43.792116,125.344199
43.792116,125.344199
43.792116,125.344199
43.792116,125.344199
43.792116,125.344199
43.792116,125.344199
43.792116,125.344199
43.792116,125.344199
43.792116,125.344199
43.792116,125.344199
43.792116,125.344199
43.792116,125.344199
43.792116,125.344199
43.792116,125.344199
43.792116,125.344199
43.792116,125.344199
43.792116,125.344199
43.792116,125.344199
43.792003,125.3442
43.792003,125.3442
43.792003,125.3442
43.792003,125.3442
43.792003,125.3442
43.792003,125.3442
43.792003,125.3442
43.792003,125.3442
43.792003,125.3442
43.792003,125.3442
43.792003,125.3442
43.792003,125.3442
43.792003,125.3442
43.792003,125.3442
43.792003,125.3442
43.792003,125.3442
43.792003,125.3442
43.792003,125.3442
43.792003,125.3442
43.792003,125.3442
43.791889,125.344201
43.791889,125.344201
43.791889,125.344201
43.791889,125.344201
43.791889,125.344201
43.791889,125.344201
43.791889,125.344201
43.791889,125.344201
43.791889,125.344201
43.791889,125.344201
43.791889,125.344201
43.791889,125.344201
43.791889,125.344201
43.791889,125.344201
43.791889,125.344201
43.791889,125.344201
43.791889,125.344201
43.791889,125.344201
43.791889,125.344201
43.791889,125.344201
43.79177,125.344199
43.79177,125.344199
43.79177,125.344199
43.79177,125.344199
43.79177,125.344199
43.79177,125.344199
43.79177,125.344199
43.79177,125.344199
43.79177,125.344199
43.79177,125.344199
43.79177,125.344199
43.79177,125.344199
43.79177,125.344199
43.79177,125.344199
43.79177,125.344199
43.79177,125.344199
43.79177,125.344199
43.79177,125.344199
43.79177,125.344199
43.79177,125.344199
43.791662,125.344201
43.791662,125.344201
43.791662,125.344201
43.791662,125.344201
43.791662,125.344201
43.791662,125.344201
43.791662,125.344201
43.791662,125.344201
43.791662,125.344201
43.791662,125.344201
43.791662,125.344201
43.791662,125.344201
43.791662,125.344201
43.791662,125.344201
43.791662,125.344201
43.791662,125.344201
43.791662,125.344201
43.791662,125.344201
43.791662,125.344201
43.791662,125.344201
43.791541,125.344199
43.791541,125.344199
43.791541,125.344199
43.791541,125.344199
43.791541,125.344199
43.791541,125.344199
43.791541,125.344199
43.791541,125.344199
43.791541,125.344199
43.791541,125.344199
43.791541,125.344199
43.791541,125.344199
43.791541,125.344199
43.791541,125.344199
43.791541,125.344199
43.791541,125.344199
43.791541,125.344199
43.791541,125.344199
43.791541,125.344199
43.791541,125.344199
43.791417,125.3442
43.791417,125.3442
43.791417,125.3442
43.791417,125.3442
43.791417,125.3442
43.791417,125.3442
43.791417,125.3442
43.791417,125.3442
43.791417,125.3442
43.791417,125.3442
43.791417,125.3442
43.791417,125.3442
43.791417,125.3442
43.791417,125.3442
43.791417,125.3442
43.791417,125.3442
43.791417,125.3442
43.791417,125.3442
43.791417,125.3442
43.791417,125.3442
43.791312,125.344202
43.791312,125.344202
43.791312,125.344202
43.791312,125.344202
43.791312,125.344202
43.791312,125.344202
43.791312,125.344202
43.791312,125.344202
43.791312,125.344202
43.791312,125.344202
43.791312,125.344202
43.791312,125.344202
43.791312,125.344202
43.791312,125.344202
43.791312,125.344202
43.791312,125.344202
43.791312,125.344202
43.791312,125.344202
43.791312,125.344202
43.791312,125.344202
43.791181,125.344202
43.791181,125.344202
43.791181,125.344202
43.791181,125.344202
43.791181,125.344202
43.791181,125.344202
43.791181,125.344202
43.791181,125.344202
43.791181,125.344202
43.791181,125.344202
43.791181,125.344202
43.791181,125.344202
43.791181,125.344202
43.791181,125.344202
43.791181,125.344202
43.791181,125.344202
43.791181,125.344202
43.791181,125.344202
43.791181,125.344202
43.791181,125.344202
43.791041,125.344201
43.791041,125.344201
43.791041,125.344201
43.791041,125.344201
43.791041,125.344201
43.791041,125.344201
43.791041,125.344201
43.791041,125.344201
43.791041,125.344201
43.791041,125.344201
43.791041,125.344201
43.791041,125.344201
43.791041,125.344201
43.791041,125.344201
43.791041,125.344201
43.791041,125.344201
43.791041,125.344201
43.791041,125.344201
43.791041,125.344201
43.791041,125.344201
43.79091,125.344199
43.79091,125.344199
43.79091,125.344199
43.79091,125.344199
43.79091,125.344199
43.79091,125.344199
43.79091,125.344199
43.79091,125.344199
43.79091,125.344199
43.79091,125.344199
43.79091,125.344199
43.79091,125.344199
43.79091,125.344199
43.79091,125.344199
43.79091,125.344199
43.79091,125.344199
43.79091,125.344199
43.79091,125.344199
43.79091,125.344199
43.79091,125.344199
43.790783,125.344198
43.790783,125.344198
43.790783,125.344198
43.790783,125.344198
43.790783,125.344198
43.790783,125.344198
43.790783,125.344198
43.790783,125.344198
43.790783,125.344198
43.790783,125.344198
43.790783,125.344198
43.790783,125.344198
43.790783,125.344198
43.790783,125.344198
43.790783,125.344198
43.790783,125.344198
43.790783,125.344198
43.790783,125.344198
43.790783,125.344198
43.790783,125.344198
43.790672,125.344196
43.790672,125.344196
43.790672,125.344196
43.790672,125.344196
43.790672,125.344196
43.790672,125.344196
43.790672,125.344196
43.790672,125.344196
43.790672,125.344196
43.790672,125.344196
43.790672,125.344196
43.790672,125.344196
43.790672,125.344196
43.790672,125.344196
43.790672,125.344196
43.790672,125.344196
43.790672,125.344196
43.790672,125.344196
43.790672,125.344196
43.790672,125.344196
43.790558,125.344195
43.790558,125.344195
43.790558,125.344195
43.790558,125.344195
43.790558,125.344195
43.790558,125.344195
43.790558,125.344195
43.790558,125.344195
43.790558,125.344195
43.790558,125.344195
43.790558,125.344195
43.790558,125.344195
43.790558,125.344195
43.790558,125.344195
43.790558,125.344195
43.790558,125.344195
43.790558,125.344195
43.790558,125.344195
43.790558,125.344195
43.790558,125.344195
43.790438,125.344193
43.790438,125.344193
43.790438,125.344193
43.790438,125.344193
43.790438,125.344193
43.790438,125.344193
43.790438,125.344193
43.790438,125.344193
43.790438,125.344193
43.790438,125.344193
43.790438,125.344193
43.790438,125.344193
43.790438,125.344193
43.790438,125.344193
43.790438,125.344193
43.790438,125.344193
43.790438,125.344193
43.790438,125.344193
43.790438,125.344193
43.790438,125.344193
43.790377,125.344194
43.790377,125.344194
43.790377,125.344194
43.790377,125.344194
43.790377,125.344194
43.790377,125.344194
43.790377,125.344194
43.790377,125.344194
43.790377,125.344194
43.790377,125.344194
43.790377,125.344194
43.790377,125.344194
43.790377,125.344194
43.790377,125.344194
43.790377,125.344194
43.790377,125.344194
43.790377,125.344194
43.790377,125.344194
43.790377,125.344194
43.790377,125.344194
43.790258,125.344198
43.790258,125.344198
43.790258,125.344198
43.790258,125.344198
43.790258,125.344198
43.790258,125.344198
43.790258,125.344198
43.790258,125.344198
43.790258,125.344198
43.790258,125.344198
43.790258,125.344198
43.790258,125.344198
43.790258,125.344198
43.790258,125.344198
43.790258,125.344198
43.790258,125.344198
43.790258,125.344198
43.790258,125.344198
43.790258,125.344198
43.790258,125.344198
43.790133,125.344199
43.790133,125.344199
43.790133,125.344199
43.790133,125.344199
43.790133,125.344199
43.790133,125.344199
43.790133,125.344199
43.790133,125.344199
43.790133,125.344199
43.790133,125.344199
43.790133,125.344199
43.790133,125.344199
43.790133,125.344199
43.790133,125.344199
43.790133,125.344199
43.790133,125.344199
43.790133,125.344199
43.790133,125.344199
43.790133,125.344199
43.790133,125.344199
43.790002,125.344203
43.790002,125.344203
43.790002,125.344203
43.790002,125.344203
43.790002,125.344203
43.790002,125.344203
43.790002,125.344203
43.790002,125.344203
43.790002,125.344203
43.790002,125.344203
43.790002,125.344203
43.790002,125.344203
43.790002,125.344203
43.790002,125.344203
43.790002,125.344203
43.790002,125.344203
43.790002,125.344203
43.790002,125.344203
43.790002,125.344203
43.790002,125.344203
43.789878,125.344207
43.789878,125.344207
43.789878,125.344207
43.789878,125.344207
43.789878,125.344207
43.789878,125.344207
43.789878,125.344207
43.789878,125.344207
43.789878,125.344207
43.789878,125.344207
43.789878,125.344207
43.789878,125.344207
43.789878,125.344207
43.789878,125.344207
43.789878,125.344207
43.789878,125.344207
43.789878,125.344207
43.789878,125.344207
43.789878,125.344207
43.789878,125.344207
43.789759,125.34422
43.789759,125.34422
43.789759,125.34422
43.789759,125.34422
43.789759,125.34422
43.789759,125.34422
43.789759,125.34422
43.789759,125.34422
43.789759,125.34422
43.789759,125.34422
43.789759,125.34422
43.789759,125.34422
43.789759,125.34422
43.789759,125.34422
43.789759,125.34422
43.789759,125.34422
43.789759,125.34422
43.789759,125.34422
43.789759,125.34422
43.789759,125.34422
43.789644,125.344234
43.789644,125.344234
43.789644,125.344234
43.789644,125.344234
43.789644,125.344234
43.789644,125.344234
43.789644,125.344234
43.789644,125.344234
43.789644,125.344234
43.789644,125.344234
43.789644,125.344234
43.789644,125.344234
43.789644,125.344234
43.789644,125.344234
43.789644,125.344234
43.789644,125.344234
43.789644,125.344234
43.789644,125.344234
43.789644,125.344234
43.789644,125.344234
43.78953,125.344241
43.78953,125.344241
43.78953,125.344241
43.78953,125.344241
43.78953,125.344241
43.78953,125.344241
43.78953,125.344241
43.78953,125.344241
43.78953,125.344241
43.78953,125.344241
43.78953,125.344241
43.78953,125.344241
43.78953,125.344241
43.78953,125.344241
43.78953,125.344241
43.78953,125.344241
43.78953,125.344241
43.78953,125.344241
43.78953,125.344241
43.78953,125.344241
43.789422,125.344243
43.789422,125.344243
43.789422,125.344243
43.789422,125.344243
43.789422,125.344243
43.789422,125.344243
43.789422,125.344243
43.789422,125.344243
43.789422,125.344243
43.789422,125.344243
43.789422,125.344243
43.789422,125.344243
43.789422,125.344243
43.789422,125.344243
43.789422,125.344243
43.789422,125.344243
43.789422,125.344243
43.789422,125.344243
43.789422,125.344243
43.789422,125.344243
43.789325,125.344244
43.789325,125.344244
43.789325,125.344244
43.789325,125.344244
43.789325,125.344244
43.789325,125.344244
43.789325,125.344244
43.789325,125.344244
43.789325,125.344244
43.789325,125.344244
43.789325,125.344244
43.789325,125.344244
43.789325,125.344244
43.789325,125.344244
43.789325,125.344244
43.789325,125.344244
43.789325,125.344244
43.789325,125.344244
43.789325,125.344244
43.789325,125.344244
43.789243,125.344244
43.789243,125.344244
43.789243,125.344244
43.789243,125.344244
43.789243,125.344244
43.789243,125.344244
43.789243,125.344244
43.789243,125.344244
43.789243,125.344244
43.789243,125.344244
43.789243,125.344244
43.789243,125.344244
43.789243,125.344244
43.789243,125.344244
43.789243,125.344244
43.789243,125.344244
43.789243,125.344244
43.789243,125.344244
43.789243,125.344244
43.789243,125.344244
43.789173,125.344243
43.789173,125.344243
43.789173,125.344243
43.789173,125.344243
43.789173,125.344243
43.789173,125.344243
43.789173,125.344243
43.789173,125.344243
43.789173,125.344243
43.789173,125.344243
43.789173,125.344243
43.789173,125.344243
43.789173,125.344243
43.789173,125.344243
43.789173,125.344243
43.789173,125.344243
43.789173,125.344243
43.789173,125.344243
43.789173,125.344243
43.789173,125.344243
43.789107,125.344245
43.789107,125.344245
43.789107,125.344245
43.789107,125.344245
43.789107,125.344245
43.789107,125.344245
43.789107,125.344245
43.789107,125.344245
43.789107,125.344245
43.789107,125.344245
43.789107,125.344245
43.789107,125.344245
43.789107,125.344245
43.789107,125.344245
43.789107,125.344245
43.789107,125.344245
43.789107,125.344245
43.789107,125.344245
43.789107,125.344245
43.789107,125.344245
43.789021,125.344252
43.789021,125.344252
43.789021,125.344252
43.789021,125.344252
43.789021,125.344252
43.789021,125.344252
43.789021,125.344252
43.789021,125.344252
43.789021,125.344252
43.789021,125.344252
43.789021,125.344252
43.789021,125.344252
43.789021,125.344252
43.789021,125.344252
43.789021,125.344252
43.789021,125.344252
43.789021,125.344252
43.789021,125.344252
43.789021,125.344252
43.789021,125.344252
43.788921,125.34426
43.788921,125.34426
43.788921,125.34426
43.788921,125.34426
43.788921,125.34426
43.788921,125.34426
43.788921,125.34426
43.788921,125.34426
43.788921,125.34426
43.788921,125.34426
43.788921,125.34426
43.788921,125.34426
43.788921,125.34426
43.788921,125.34426
43.788921,125.34426
43.788921,125.34426
43.788921,125.34426
43.788921,125.34426
43.788921,125.34426
43.788921,125.34426
43.78881,125.344264
43.78881,125.344264
43.78881,125.344264
43.78881,125.344264
43.78881,125.344264
43.78881,125.344264
43.78881,125.344264
43.78881,125.344264
43.78881,125.344264
43.78881,125.344264
43.78881,125.344264
43.78881,125.344264
43.78881,125.344264
43.78881,125.344264
43.78881,125.344264
43.78881,125.344264
43.78881,125.344264
43.78881,125.344264
43.78881,125.344264
43.78881,125.344264
43.788693,125.344263
43.788693,125.344263
43.788693,125.344263
43.788693,125.344263
43.788693,125.344263
43.788693,125.344263
43.788693,125.344263
43.788693,125.344263
43.788693,125.344263
43.788693,125.344263
43.788693,125.344263
43.788693,125.344263
43.788693,125.344263
43.788693,125.344263
43.788693,125.344263
43.788693,125.344263
43.788693,125.344263
43.788693,125.344263
43.788693,125.344263
43.788693,125.344263
43.788572,125.34426
43.788572,125.34426
43.788572,125.34426
43.788572,125.34426
43.788572,125.34426
43.788572,125.34426
43.788572,125.34426
43.788572,125.34426
43.788572,125.34426
43.788572,125.34426
43.788572,125.34426
43.788572,125.34426
43.788572,125.34426
43.788572,125.34426
43.788572,125.34426
43.788572,125.34426
43.788572,125.34426
43.788572,125.34426
43.788572,125.34426
43.788572,125.34426
43.788449,125.344256
43.788449,125.344256
43.788449,125.344256
43.788449,125.344256
43.788449,125.344256
43.788449,125.344256
43.788449,125.344256
43.788449,125.344256
43.788449,125.344256
43.788449,125.344256
43.788449,125.344256
43.788449,125.344256
43.788449,125.344256
43.788449,125.344256
43.788449,125.344256
43.788449,125.344256
43.788449,125.344256
43.788449,125.344256
43.788449,125.344256
43.788449,125.344256
43.788324,125.344254
43.788324,125.344254
43.788324,125.344254
43.788324,125.344254
43.788324,125.344254
43.788324,125.344254
43.788324,125.344254
43.788324,125.344254
43.788324,125.344254
43.788324,125.344254
43.788324,125.344254
43.788324,125.344254
43.788324,125.344254
43.788324,125.344254
43.788324,125.344254
43.788324,125.344254
43.788324,125.344254
43.788324,125.344254
43.788324,125.344254
43.788324,125.344254
43.788195,125.344253
43.788195,125.344253
43.788195,125.344253
43.788195,125.344253
43.788195,125.344253
43.788195,125.344253
43.788195,125.344253
43.788195,125.344253
43.788195,125.344253
43.788195,125.344253
43.788195,125.344253
43.788195,125.344253
43.788195,125.344253
43.788195,125.344253
43.788195,125.344253
43.788195,125.344253
43.788195,125.344253
43.788195,125.344253
43.788195,125.344253
43.788195,125.344253
43.788069,125.344253
43.788069,125.344253
43.788069,125.344253
43.788069,125.344253
43.788069,125.344253
43.788069,125.344253
43.788069,125.344253
43.788069,125.344253
43.788069,125.344253
43.788069,125.344253
43.788069,125.344253
43.788069,125.344253
43.788069,125.344253
43.788069,125.344253
43.788069,125.344253
43.788069,125.344253
43.788069,125.344253
43.788069,125.344253
43.788069,125.344253
43.788069,125.344253
43.787937,125.344252
43.787937,125.344252
43.787937,125.344252
43.787937,125.344252
43.787937,125.344252
43.787937,125.344252
43.787937,125.344252
43.787937,125.344252
43.787937,125.344252
43.787937,125.344252
43.787937,125.344252
43.787937,125.344252
43.787937,125.344252
43.787937,125.344252
43.787937,125.344252
43.787937,125.344252
43.787937,125.344252
43.787937,125.344252
43.787937,125.344252
43.787937,125.344252
43.787815,125.344252
43.787815,125.344252
43.787815,125.344252
43.787815,125.344252
43.787815,125.344252
43.787815,125.344252
43.787815,125.344252
43.787815,125.344252
43.787815,125.344252
43.787815,125.344252
43.787815,125.344252
43.787815,125.344252
43.787815,125.344252
43.787815,125.344252
43.787815,125.344252
43.787815,125.344252
43.787815,125.344252
43.787815,125.344252
43.787815,125.344252
43.787815,125.344252
43.787676,125.344252
43.787676,125.344252
43.787676,125.344252
43.787676,125.344252
43.787676,125.344252
43.787676,125.344252
43.787676,125.344252
43.787676,125.344252
43.787676,125.344252
43.787676,125.344252
43.787676,125.344252
43.787676,125.344252
43.787676,125.344252
43.787676,125.344252
43.787676,125.344252
43.787676,125.344252
43.787676,125.344252
43.787676,125.344252
43.787676,125.344252
43.787676,125.344252
43.787539,125.344251
43.787539,125.344251
43.787539,125.344251
43.787539,125.344251
43.787539,125.344251
43.787539,125.344251
43.787539,125.344251
43.787539,125.344251
43.787539,125.344251
43.787539,125.344251
43.787539,125.344251
43.787539,125.344251
43.787539,125.344251
43.787539,125.344251
43.787539,125.344251
43.787539,125.344251
43.787539,125.344251
43.787539,125.344251
43.787539,125.344251
43.787539,125.344251
43.787513,125.344251
43.787513,125.344251
43.787513,125.344251
43.787513,125.344251
43.787513,125.344251
43.787513,125.344251
43.787513,125.344251
43.787513,125.344251
43.787513,125.344251
43.787513,125.344251
43.787513,125.344251
43.787513,125.344251
43.787513,125.344251
43.787513,125.344251
43.787513,125.344251
43.787513,125.344251
43.787513,125.344251
43.787513,125.344251
43.787513,125.344251
43.787513,125.344251
43.787273,125.34425
43.787273,125.34425
43.787273,125.34425
43.787273,125.34425
43.787273,125.34425
43.787273,125.34425
43.787273,125.34425
43.787273,125.34425
43.787273,125.34425
43.787273,125.34425
43.787273,125.34425
43.787273,125.34425
43.787273,125.34425
43.787273,125.34425
43.787273,125.34425
43.787273,125.34425
43.787273,125.34425
43.787273,125.34425
43.787273,125.34425
43.787273,125.34425
43.787147,125.34425
43.787147,125.34425
43.787147,125.34425
43.787147,125.34425
43.787147,125.34425
43.787147,125.34425
43.787147,125.34425
43.787147,125.34425
43.787147,125.34425
43.787147,125.34425
43.787147,125.34425
43.787147,125.34425
43.787147,125.34425
43.787147,125.34425
43.787147,125.34425
43.787147,125.34425
43.787147,125.34425
43.787147,125.34425
43.787147,125.34425
43.787147,125.34425
43.787034,125.34425
43.787034,125.34425
43.787034,125.34425
43.787034,125.34425
43.787034,125.34425
43.787034,125.34425
43.787034,125.34425
43.787034,125.34425
43.787034,125.34425
43.787034,125.34425
43.787034,125.34425
43.787034,125.34425
43.787034,125.34425
43.787034,125.34425
43.787034,125.34425
43.787034,125.34425
43.787034,125.34425
43.787034,125.34425
43.787034,125.34425
43.787034,125.34425
43.786903,125.344251
43.786903,125.344251
43.786903,125.344251
43.786903,125.344251
43.786903,125.344251
43.786903,125.344251
43.786903,125.344251
43.786903,125.344251
43.786903,125.344251
43.786903,125.344251
43.786903,125.344251
43.786903,125.344251
43.786903,125.344251
43.786903,125.344251
43.786903,125.344251
43.786903,125.344251
43.786903,125.344251
43.786903,125.344251
43.786903,125.344251
43.786903,125.344251
43.786784,125.344253
43.786784,125.344253
43.786784,125.344253
43.786784,125.344253
43.786784,125.344253
43.786784,125.344253
43.786784,125.344253
43.786784,125.344253
43.786784,125.344253
43.786784,125.344253
43.786784,125.344253
43.786784,125.344253
43.786784,125.344253
43.786784,125.344253
43.786784,125.344253
43.786784,125.344253
43.786784,125.344253
43.786784,125.344253
43.786784,125.344253
43.786784,125.344253
43.786668,125.344257
43.786668,125.344257
43.786668,125.344257
43.786668,125.344257
43.786668,125.344257
43.786668,125.344257
43.786668,125.344257
43.786668,125.344257
43.786668,125.344257
43.786668,125.344257
43.786668,125.344257
43.786668,125.344257
43.786668,125.344257
43.786668,125.344257
43.786668,125.344257
43.786668,125.344257
43.786668,125.344257
43.786668,125.344257
43.786668,125.344257
43.786668,125.344257
43.786552,125.344263
43.786552,125.344263
43.786552,125.344263
43.786552,125.344263
43.786552,125.344263
43.786552,125.344263
43.786552,125.344263
43.786552,125.344263
43.786552,125.344263
43.786552,125.344263
43.786552,125.344263
43.786552,125.344263
43.786552,125.344263
43.786552,125.344263
43.786552,125.344263
43.786552,125.344263
43.786552,125.344263
43.786552,125.344263
43.786552,125.344263
43.786552,125.344263
43.786437,125.34427
43.786437,125.34427
43.786437,125.34427
43.786437,125.34427
43.786437,125.34427
43.786437,125.34427
43.786437,125.34427
43.786437,125.34427
43.786437,125.34427
43.786437,125.34427
43.786437,125.34427
43.786437,125.34427
43.786437,125.34427
43.786437,125.34427
43.786437,125.34427
43.786437,125.34427
43.786437,125.34427
43.786437,125.34427
43.786437,125.34427
43.786437,125.34427
43.786322,125.344279
43.786322,125.344279
43.786322,125.344279
43.786322,125.344279
43.786322,125.344279
43.786322,125.344279
43.786322,125.344279
43.786322,125.344279
43.786322,125.344279
43.786322,125.344279
43.786322,125.344279
43.786322,125.344279
43.786322,125.344279
43.786322,125.344279
43.786322,125.344279
43.786322,125.344279
43.786322,125.344279
43.786322,125.344279
43.786322,125.344279
43.786322,125.344279
43.786212,125.34429
43.786212,125.34429
43.786212,125.34429
43.786212,125.34429
43.786212,125.34429
43.786212,125.34429
43.786212,125.34429
43.786212,125.34429
43.786212,125.34429
43.786212,125.34429
43.786212,125.34429
43.786212,125.34429
43.786212,125.34429
43.786212,125.34429
43.786212,125.34429
43.786212,125.34429
43.786212,125.34429
43.786212,125.34429
43.786212,125.34429
43.786212,125.34429
43.786104,125.344302
43.786104,125.344302
43.786104,125.344302
43.786104,125.344302
43.786104,125.344302
43.786104,125.344302
43.786104,125.344302
43.786104,125.344302
43.786104,125.344302
43.786104,125.344302
43.786104,125.344302
43.786104,125.344302
43.786104,125.344302
43.786104,125.344302
43.786104,125.344302
43.786104,125.344302
43.786104,125.344302
43.786104,125.344302
43.786104,125.344302
43.786104,125.344302
43.785997,125.344325
43.785997,125.344325
43.785997,125.344325
43.785997,125.344325
43.785997,125.344325
43.785997,125.344325
43.785997,125.344325
43.785997,125.344325
43.785997,125.344325
43.785997,125.344325
43.785997,125.344325
43.785997,125.344325
43.785997,125.344325
43.785997,125.344325
43.785997,125.344325
43.785997,125.344325
43.785997,125.344325
43.785997,125.344325
43.785997,125.344325
43.785997,125.344325
43.785881,125.34436
43.785881,125.34436
43.785881,125.34436
43.785881,125.34436
43.785881,125.34436
43.785881,125.34436
43.785881,125.34436
43.785881,125.34436
43.785881,125.34436
43.785881,125.34436
43.785881,125.34436
43.785881,125.34436
43.785881,125.34436
43.785881,125.34436
43.785881,125.34436
43.785881,125.34436
43.785881,125.34436
43.785881,125.34436
43.785881,125.34436
43.785881,125.34436
43.785756,125.344402
43.785756,125.344402
43.785756,125.344402
43.785756,125.344402
43.785756,125.344402
43.785756,125.344402
43.785756,125.344402
43.785756,125.344402
43.785756,125.344402
43.785756,125.344402
43.785756,125.344402
43.785756,125.344402
43.785756,125.344402
43.785756,125.344402
43.785756,125.344402
43.785756,125.344402
43.785756,125.344402
43.785756,125.344402
43.785756,125.344402
43.785756,125.344402
43.785639,125.34445
43.785639,125.34445
43.785639,125.34445
43.785639,125.34445
43.785639,125.34445
43.785639,125.34445
43.785639,125.34445
43.785639,125.34445
43.785639,125.34445
43.785639,125.34445
43.785639,125.34445
43.785639,125.34445
43.785639,125.34445
43.785639,125.34445
43.785639,125.34445
43.785639,125.34445
43.785639,125.34445
43.785639,125.34445
43.785639,125.34445
43.785639,125.34445
43.785527,125.344492
43.785527,125.344492
43.785527,125.344492
43.785527,125.344492
43.785527,125.344492
43.785527,125.344492
43.785527,125.344492
43.785527,125.344492
43.785527,125.344492
43.785527,125.344492
43.785527,125.344492
43.785527,125.344492
43.785527,125.344492
43.785527,125.344492
43.785527,125.344492
43.785527,125.344492
43.785527,125.344492
43.785527,125.344492
43.785527,125.344492
43.785527,125.344492
43.785431,125.34453
43.785431,125.34453
43.785431,125.34453
43.785431,125.34453
43.785431,125.34453
43.785431,125.34453
43.785431,125.34453
43.785431,125.34453
43.785431,125.34453
43.785431,125.34453
43.785431,125.34453
43.785431,125.34453
43.785431,125.34453
43.785431,125.34453
43.785431,125.34453
43.785431,125.34453
43.785431,125.34453
43.785431,125.34453
43.785431,125.34453
43.785431,125.34453
43.785304,125.344579
43.785304,125.344579
43.785304,125.344579
43.785304,125.344579
43.785304,125.344579
43.785304,125.344579
43.785304,125.344579
43.785304,125.344579
43.785304,125.344579
43.785304,125.344579
43.785304,125.344579
43.785304,125.344579
43.785304,125.344579
43.785304,125.344579
43.785304,125.344579
43.785304,125.344579
43.785304,125.344579
43.785304,125.344579
43.785304,125.344579
43.785304,125.344579
43.785197,125.34462
43.785197,125.34462
43.785197,125.34462
43.785197,125.34462
43.785197,125.34462
43.785197,125.34462
43.785197,125.34462
43.785197,125.34462
43.785197,125.34462
43.785197,125.34462
43.785197,125.34462
43.785197,125.34462
43.785197,125.34462
43.785197,125.34462
43.785197,125.34462
43.785197,125.34462
43.785197,125.34462
43.785197,125.34462
43.785197,125.34462
43.785197,125.34462
43.785095,125.344656
43.785095,125.344656
43.785095,125.344656
43.785095,125.344656
43.785095,125.344656
43.785095,125.344656
43.785095,125.344656
43.785095,125.344656
43.785095,125.344656
43.785095,125.344656
43.785095,125.344656
43.785095,125.344656
43.785095,125.344656
43.785095,125.344656
43.785095,125.344656
43.785095,125.344656
43.785095,125.344656
43.785095,125.344656
43.785095,125.344656
43.785095,125.344656
43.784996,125.344691
43.784996,125.344691
43.784996,125.344691
43.784996,125.344691
43.784996,125.344691
43.784996,125.344691
43.784996,125.344691
43.784996,125.344691
43.784996,125.344691
43.784996,125.344691
43.784996,125.344691
43.784996,125.344691
43.784996,125.344691
43.784996,125.344691
43.784996,125.344691
43.784996,125.344691
43.784996,125.344691
43.784996,125.344691
43.784996,125.344691
43.784996,125.344691
43.784904,125.344724
43.784904,125.344724
43.784904,125.344724
43.784904,125.344724
43.784904,125.344724
43.784904,125.344724
43.784904,125.344724
43.784904,125.344724
43.784904,125.344724
43.784904,125.344724
43.784904,125.344724
43.784904,125.344724
43.784904,125.344724
43.784904,125.344724
43.784904,125.344724
43.784904,125.344724
43.784904,125.344724
43.784904,125.344724
43.784904,125.344724
43.784904,125.344724
43.784818,125.344756
43.784818,125.344756
43.784818,125.344756
43.784818,125.344756
43.784818,125.344756
43.784818,125.344756
43.784818,125.344756
43.784818,125.344756
43.784818,125.344756
43.784818,125.344756
43.784818,125.344756
43.784818,125.344756
43.784818,125.344756
43.784818,125.344756
43.784818,125.344756
43.784818,125.344756
43.784818,125.344756
43.784818,125.344756
43.784818,125.344756
43.784818,125.344756
43.784753,125.34478
43.784753,125.34478
43.784753,125.34478
43.784753,125.34478
43.784753,125.34478
43.784753,125.34478
43.784753,125.34478
43.784753,125.34478
43.784753,125.34478
43.784753,125.34478
43.784753,125.34478
43.784753,125.34478
43.784753,125.34478
43.784753,125.34478
43.784753,125.34478
43.784753,125.34478
43.784753,125.34478
43.784753,125.34478
43.784753,125.34478
43.784753,125.34478
43.784681,125.344807
43.784681,125.344807
43.784681,125.344807
43.784681,125.344807
43.784681,125.344807
43.784681,125.344807
43.784681,125.344807
43.784681,125.344807
43.784681,125.344807
43.784681,125.344807
43.784681,125.344807
43.784681,125.344807
43.784681,125.344807
43.784681,125.344807
43.784681,125.344807
43.784681,125.344807
43.784681,125.344807
43.784681,125.344807
43.784681,125.344807
43.784681,125.344807
43.784635,125.344823
43.784635,125.344823
43.784635,125.344823
43.784635,125.344823
43.784635,125.344823
43.784635,125.344823
43.784635,125.344823
43.784635,125.344823
43.784635,125.344823
43.784635,125.344823
43.784635,125.344823
43.784635,125.344823
43.784635,125.344823
43.784635,125.344823
43.784635,125.344823
43.784635,125.344823
43.784635,125.344823
43.784635,125.344823
43.784635,125.344823
43.784635,125.344823
43.784589,125.34484
43.784589,125.34484
43.784589,125.34484
43.784589,125.34484
43.784589,125.34484
43.784589,125.34484
43.784589,125.34484
43.784589,125.34484
43.784589,125.34484
43.784589,125.34484
43.784589,125.34484
43.784589,125.34484
43.784589,125.34484
43.784589,125.34484
43.784589,125.34484
43.784589,125.34484
43.784589,125.34484
43.784589,125.34484
43.784589,125.34484
43.784589,125.34484
43.784551,125.344855
43.784551,125.344855
43.784551,125.344855
43.784551,125.344855
43.784551,125.344855
43.784551,125.344855
43.784551,125.344855
43.784551,125.344855
43.784551,125.344855
43.784551,125.344855
43.784551,125.344855
43.784551,125.344855
43.784551,125.344855
43.784551,125.344855
43.784551,125.344855
43.784551,125.344855
43.784551,125.344855
43.784551,125.344855
43.784551,125.344855
43.784551,125.344855
43.784517,125.344869
43.784517,125.344869
43.784517,125.344869
43.784517,125.344869
43.784517,125.344869
43.784517,125.344869
43.784517,125.344869
43.784517,125.344869
43.784517,125.344869
43.784517,125.344869
43.784517,125.344869
43.784517,125.344869
43.784517,125.344869
43.784517,125.344869
43.784517,125.344869
43.784517,125.344869
43.784517,125.344869
43.784517,125.344869
43.784517,125.344869
43.784517,125.344869
43.784485,125.344883
43.784485,125.344883
43.784485,125.344883
43.784485,125.344883
43.784485,125.344883
43.784485,125.344883
43.784485,125.344883
43.784485,125.344883
43.784485,125.344883
43.784485,125.344883
43.784485,125.344883
43.784485,125.344883
43.784485,125.344883
43.784485,125.344883
43.784485,125.344883
43.784485,125.344883
43.784485,125.344883
43.784485,125.344883
43.784485,125.344883
43.784485,125.344883
43.784456,125.344899
43.784456,125.344899
43.784456,125.344899
43.784456,125.344899
43.784456,125.344899
43.784456,125.344899
43.784456,125.344899
43.784456,125.344899
43.784456,125.344899
43.784456,125.344899
43.784456,125.344899
43.784456,125.344899
43.784456,125.344899
43.784456,125.344899
43.784456,125.344899
43.784456,125.344899
43.784456,125.344899
43.784456,125.344899
43.784456,125.344899
43.784456,125.344899
43.784426,125.344921
43.784426,125.344921
43.784426,125.344921
43.784426,125.344921
43.784426,125.344921
43.784426,125.344921
43.784426,125.344921
43.784426,125.344921
43.784426,125.344921
43.784426,125.344921
43.784426,125.344921
43.784426,125.344921
43.784426,125.344921
43.784426,125.344921
43.784426,125.344921
43.784426,125.344921
43.784426,125.344921
43.784426,125.344921
43.784426,125.344921
43.784426,125.344921
43.784396,125.344956
43.784396,125.344956
43.784396,125.344956
43.784396,125.344956
43.784396,125.344956
43.784396,125.344956
43.784396,125.344956
43.784396,125.344956
43.784396,125.344956
43.784396,125.344956
43.784396,125.344956
43.784396,125.344956
43.784396,125.344956
43.784396,125.344956
43.784396,125.344956
43.784396,125.344956
43.784396,125.344956
43.784396,125.344956
43.784396,125.344956
43.784396,125.344956
43.784373,125.345016
43.784373,125.345016
43.784373,125.345016
43.784373,125.345016
43.784373,125.345016
43.784373,125.345016
43.784373,125.345016
43.784373,125.345016
43.784373,125.345016
43.784373,125.345016
43.784373,125.345016
43.784373,125.345016
43.784373,125.345016
43.784373,125.345016
43.784373,125.345016
43.784373,125.345016
43.784373,125.345016
43.784373,125.345016
43.784373,125.345016
43.784373,125.345016
43.784367,125.345103
43.784367,125.345103
43.784367,125.345103
43.784367,125.345103
43.784367,125.345103
43.784367,125.345103
43.784367,125.345103
43.784367,125.345103
43.784367,125.345103
43.784367,125.345103
43.784367,125.345103
43.784367,125.345103
43.784367,125.345103
43.784367,125.345103
43.784367,125.345103
43.784367,125.345103
43.784367,125.345103
43.784367,125.345103
43.784367,125.345103
43.784367,125.345103
43.784383,125.3452
43.784383,125.3452
43.784383,125.3452
43.784383,125.3452
43.784383,125.3452
43.784383,125.3452
43.784383,125.3452
43.784383,125.3452
43.784383,125.3452
43.784383,125.3452
43.784383,125.3452
43.784383,125.3452
43.784383,125.3452
43.784383,125.3452
43.784383,125.3452
43.784383,125.3452
43.784383,125.3452
43.784383,125.3452
43.784383,125.3452
43.784383,125.3452
43.78441,125.345296
43.78441,125.345296
43.78441,125.345296
43.78441,125.345296
43.78441,125.345296
43.78441,125.345296
43.78441,125.345296
43.78441,125.345296
43.78441,125.345296
43.78441,125.345296
43.78441,125.345296
43.78441,125.345296
43.78441,125.345296
43.78441,125.345296
43.78441,125.345296
43.78441,125.345296
43.78441,125.345296
43.78441,125.345296
43.78441,125.345296
43.78441,125.345296
43.784452,125.345414
43.784452,125.345414
43.784452,125.345414
43.784452,125.345414
43.784452,125.345414
43.784452,125.345414
43.784452,125.345414
43.784452,125.345414
43.784452,125.345414
43.784452,125.345414
43.784452,125.345414
43.784452,125.345414
43.784452,125.345414
43.784452,125.345414
43.784452,125.345414
43.784452,125.345414
43.784452,125.345414
43.784452,125.345414
43.784452,125.345414
43.784452,125.345414
43.784498,125.345533
43.784498,125.345533
43.784498,125.345533
43.784498,125.345533
43.784498,125.345533
43.784498,125.345533
43.784498,125.345533
43.784498,125.345533
43.784498,125.345533
43.784498,125.345533
43.784498,125.345533
43.784498,125.345533
43.784498,125.345533
43.784498,125.345533
43.784498,125.345533
43.784498,125.345533
43.784498,125.345533
43.784498,125.345533
43.784498,125.345533
43.784498,125.345533
43.784548,125.34566
43.784548,125.34566
43.784548,125.34566
43.784548,125.34566
43.784548,125.34566
43.784548,125.34566
43.784548,125.34566
43.784548,125.34566
43.784548,125.34566
43.784548,125.34566
43.784548,125.34566
43.784548,125.34566
43.784548,125.34566
43.784548,125.34566
43.784548,125.34566
43.784548,125.34566
43.784548,125.34566
43.784548,125.34566
43.784548,125.34566
43.784548,125.34566
43.784598,125.345791
43.784598,125.345791
43.784598,125.345791
43.784598,125.345791
43.784598,125.345791
43.784598,125.345791
43.784598,125.345791
43.784598,125.345791
43.784598,125.345791
43.784598,125.345791
43.784598,125.345791
43.784598,125.345791
43.784598,125.345791
43.784598,125.345791
43.784598,125.345791
43.784598,125.345791
43.784598,125.345791
43.784598,125.345791
43.784598,125.345791
43.784598,125.345791
43.784646,125.345917
43.784646,125.345917
43.784646,125.345917
43.784646,125.345917
43.784646,125.345917
43.784646,125.345917
43.784646,125.345917
43.784646,125.345917
43.784646,125.345917
43.784646,125.345917
43.784646,125.345917
43.784646,125.345917
43.784646,125.345917
43.784646,125.345917
43.784646,125.345917
43.784646,125.345917
43.784646,125.345917
43.784646,125.345917
43.784646,125.345917
43.784646,125.345917
43.784706,125.34607
43.784706,125.34607
43.784706,125.34607
43.784706,125.34607
43.784706,125.34607
43.784706,125.34607
43.784706,125.34607
43.784706,125.34607
43.784706,125.34607
43.784706,125.34607
43.784706,125.34607
43.784706,125.34607
43.784706,125.34607
43.784706,125.34607
43.784706,125.34607
43.784706,125.34607
43.784706,125.34607
43.784706,125.34607
43.784706,125.34607
43.784706,125.34607
43.784764,125.346215
43.784764,125.346215
43.784764,125.346215
43.784764,125.346215
43.784764,125.346215
43.784764,125.346215
43.784764,125.346215
43.784764,125.346215
43.784764,125.346215
43.784764,125.346215
43.784764,125.346215
43.784764,125.346215
43.784764,125.346215
43.784764,125.346215
43.784764,125.346215
43.784764,125.346215
43.784764,125.346215
43.784764,125.346215
43.784764,125.346215
43.784764,125.346215
43.78482,125.34636
43.78482,125.34636
43.78482,125.34636
43.78482,125.34636
43.78482,125.34636
43.78482,125.34636
43.78482,125.34636
43.78482,125.34636
43.78482,125.34636
43.78482,125.34636
43.78482,125.34636
43.78482,125.34636
43.78482,125.34636
43.78482,125.34636
43.78482,125.34636
43.78482,125.34636
43.78482,125.34636
43.78482,125.34636
43.78482,125.34636
43.78482,125.34636
43.784875,125.346507
43.784875,125.346507
43.784875,125.346507
43.784875,125.346507
43.784875,125.346507
43.784875,125.346507
43.784875,125.346507
43.784875,125.346507
43.784875,125.346507
43.784875,125.346507
43.784875,125.346507
43.784875,125.346507
43.784875,125.346507
43.784875,125.346507
43.784875,125.346507
43.784875,125.346507
43.784875,125.346507
43.784875,125.346507
43.784875,125.346507
43.784875,125.346507
43.784924,125.346635
43.784924,125.346635
43.784924,125.346635
43.784924,125.346635
43.784924,125.346635
43.784924,125.346635
43.784924,125.346635
43.784924,125.346635
43.784924,125.346635
43.784924,125.346635
43.784924,125.346635
43.784924,125.346635
43.784924,125.346635
43.784924,125.346635
43.784924,125.346635
43.784924,125.346635
43.784924,125.346635
43.784924,125.346635
43.784924,125.346635
43.784924,125.346635
43.784981,125.346782
43.784981,125.346782
43.784981,125.346782
43.784981,125.346782
43.784981,125.346782
43.784981,125.346782
43.784981,125.346782
43.784981,125.346782
43.784981,125.346782
43.784981,125.346782
43.784981,125.346782
43.784981,125.346782
43.784981,125.346782
43.784981,125.346782
43.784981,125.346782
43.784981,125.346782
43.784981,125.346782
43.784981,125.346782
43.784981,125.346782
43.784981,125.346782
43.78504,125.346935
43.78504,125.346935
43.78504,125.346935
43.78504,125.346935
43.78504,125.346935
43.78504,125.346935
43.78504,125.346935
43.78504,125.346935
43.78504,125.346935
43.78504,125.346935
43.78504,125.346935
43.78504,125.346935
43.78504,125.346935
43.78504,125.346935
43.78504,125.346935
43.78504,125.346935
43.78504,125.346935
43.78504,125.346935
43.78504,125.346935
43.78504,125.346935
43.785096,125.347082
43.785096,125.347082
43.785096,125.347082
43.785096,125.347082
43.785096,125.347082
43.785096,125.347082
43.785096,125.347082
43.785096,125.347082
43.785096,125.347082
43.785096,125.347082
43.785096,125.347082
43.785096,125.347082
43.785096,125.347082
43.785096,125.347082
43.785096,125.347082
43.785096,125.347082
43.785096,125.347082
43.785096,125.347082
43.785096,125.347082
43.785096,125.347082
43.785153,125.347231
43.785153,125.347231
43.785153,125.347231
43.785153,125.347231
43.785153,125.347231
43.785153,125.347231
43.785153,125.347231
43.785153,125.347231
43.785153,125.347231
43.785153,125.347231
43.785153,125.347231
43.785153,125.347231
43.785153,125.347231
43.785153,125.347231
43.785153,125.347231
43.785153,125.347231
43.785153,125.347231
43.785153,125.347231
43.785153,125.347231
43.785153,125.347231
43.785211,125.347384
43.785211,125.347384
43.785211,125.347384
43.785211,125.347384
43.785211,125.347384
43.785211,125.347384
43.785211,125.347384
43.785211,125.347384
43.785211,125.347384
43.785211,125.347384
43.785211,125.347384
43.785211,125.347384
43.785211,125.347384
43.785211,125.347384
43.785211,125.347384
43.785211,125.347384
43.785211,125.347384
43.785211,125.347384
43.785211,125.347384
43.785211,125.347384
43.785264,125.347522
43.785264,125.347522
43.785264,125.347522
43.785264,125.347522
43.785264,125.347522
43.785264,125.347522
43.785264,125.347522
43.785264,125.347522
43.785264,125.347522
43.785264,125.347522
43.785264,125.347522
43.785264,125.347522
43.785264,125.347522
43.785264,125.347522
43.785264,125.347522
43.785264,125.347522
43.785264,125.347522
43.785264,125.347522
43.785264,125.347522
43.785264,125.347522
43.785325,125.347678
43.785325,125.347678
43.785325,125.347678
43.785325,125.347678
43.785325,125.347678
43.785325,125.347678
43.785325,125.347678
43.785325,125.347678
43.785325,125.347678
43.785325,125.347678
43.785325,125.347678
43.785325,125.347678
43.785325,125.347678
43.785325,125.347678
43.785325,125.347678
43.785325,125.347678
43.785325,125.347678
43.785325,125.347678
43.785325,125.347678
43.785325,125.347678
43.785385,125.347839
43.785385,125.347839
43.785385,125.347839
43.785385,125.347839
43.785385,125.347839
43.785385,125.347839
43.785385,125.347839
43.785385,125.347839
43.785385,125.347839
43.785385,125.347839
43.785385,125.347839
43.785385,125.347839
43.785385,125.347839
43.785385,125.347839
43.785385,125.347839
43.785385,125.347839
43.785385,125.347839
43.785385,125.347839
43.785385,125.347839
43.785385,125.347839
43.785447,125.347999
43.785447,125.347999
43.785447,125.347999
43.785447,125.347999
43.785447,125.347999
43.785447,125.347999
43.785447,125.347999
43.785447,125.347999
43.785447,125.347999
43.785447,125.347999
43.785447,125.347999
43.785447,125.347999
43.785447,125.347999
43.785447,125.347999
43.785447,125.347999
43.785447,125.347999
43.785447,125.347999
43.785447,125.347999
43.785447,125.347999
43.785447,125.347999
43.785514,125.348174
43.785514,125.348174
43.785514,125.348174
43.785514,125.348174
43.785514,125.348174
43.785514,125.348174
43.785514,125.348174
43.785514,125.348174
43.785514,125.348174
43.785514,125.348174
43.785514,125.348174
43.785514,125.348174
43.785514,125.348174
43.785514,125.348174
43.785514,125.348174
43.785514,125.348174
43.785514,125.348174
43.785514,125.348174
43.785514,125.348174
43.785514,125.348174
43.785577,125.348337
43.785577,125.348337
43.785577,125.348337
43.785577,125.348337
43.785577,125.348337
43.785577,125.348337
43.785577,125.348337
43.785577,125.348337
43.785577,125.348337
43.785577,125.348337
43.785577,125.348337
43.785577,125.348337
43.785577,125.348337
43.785577,125.348337
43.785577,125.348337
43.785577,125.348337
43.785577,125.348337
43.785577,125.348337
43.785577,125.348337
43.785577,125.348337
43.785634,125.348485
43.785634,125.348485
43.785634,125.348485
43.785634,125.348485
43.785634,125.348485
43.785634,125.348485
43.785634,125.348485
43.785634,125.348485
43.785634,125.348485
43.785634,125.348485
43.785634,125.348485
43.785634,125.348485
43.785634,125.348485
43.785634,125.348485
43.785634,125.348485
43.785634,125.348485
43.785634,125.348485
43.785634,125.348485
43.785634,125.348485
43.785634,125.348485
43.7857,125.348655
43.7857,125.348655
43.7857,125.348655
43.7857,125.348655
43.7857,125.348655
43.7857,125.348655
43.7857,125.348655
43.7857,125.348655
43.7857,125.348655
43.7857,125.348655
43.7857,125.348655
43.7857,125.348655
43.7857,125.348655
43.7857,125.348655
43.7857,125.348655
43.7857,125.348655
43.7857,125.348655
43.7857,125.348655
43.7857,125.348655
43.7857,125.348655
43.785771,125.348839
43.785771,125.348839
43.785771,125.348839
43.785771,125.348839
43.785771,125.348839
43.785771,125.348839
43.785771,125.348839
43.785771,125.348839
43.785771,125.348839
43.785771,125.348839
43.785771,125.348839
43.785771,125.348839
43.785771,125.348839
43.785771,125.348839
43.785771,125.348839
43.785771,125.348839
43.785771,125.348839
43.785771,125.348839
43.785771,125.348839
43.785771,125.348839
43.785829,125.348993
43.785829,125.348993
43.785829,125.348993
43.785829,125.348993
43.785829,125.348993
43.785829,125.348993
43.785829,125.348993
43.785829,125.348993
43.785829,125.348993
43.785829,125.348993
43.785829,125.348993
43.785829,125.348993
43.785829,125.348993
43.785829,125.348993
43.785829,125.348993
43.785829,125.348993
43.785829,125.348993
43.785829,125.348993
43.785829,125.348993
43.785829,125.348993
43.785898,125.349174
43.785898,125.349174
43.785898,125.349174
43.785898,125.349174
43.785898,125.349174
43.785898,125.349174
43.785898,125.349174
43.785898,125.349174
43.785898,125.349174
43.785898,125.349174
43.785898,125.349174
43.785898,125.349174
43.785898,125.349174
43.785898,125.349174
43.785898,125.349174
43.785898,125.349174
43.785898,125.349174
43.785898,125.349174
43.785898,125.349174
43.785898,125.349174
43.785961,125.349342
43.785961,125.349342
43.785961,125.349342
43.785961,125.349342
43.785961,125.349342
43.785961,125.349342
43.785961,125.349342
43.785961,125.349342
43.785961,125.349342
43.785961,125.349342
43.785961,125.349342
43.785961,125.349342
43.785961,125.349342
43.785961,125.349342
43.785961,125.349342
43.785961,125.349342
43.785961,125.349342
43.785961,125.349342
43.785961,125.349342
43.785961,125.349342
43.786022,125.349507
43.786022,125.349507
43.786022,125.349507
43.786022,125.349507
43.786022,125.349507
43.786022,125.349507
43.786022,125.349507
43.786022,125.349507
43.786022,125.349507
43.786022,125.349507
43.786022,125.349507
43.786022,125.349507
43.786022,125.349507
43.786022,125.349507
43.786022,125.349507
43.786022,125.349507
43.786022,125.349507
43.786022,125.349507
43.786022,125.349507
43.786022,125.349507
43.786081,125.349659
43.786081,125.349659
43.786081,125.349659
43.786081,125.349659
43.786081,125.349659
43.786081,125.349659
43.786081,125.349659
43.786081,125.349659
43.786081,125.349659
43.786081,125.349659
43.786081,125.349659
43.786081,125.349659
43.786081,125.349659
43.786081,125.349659
43.786081,125.349659
43.786081,125.349659
43.786081,125.349659
43.786081,125.349659
43.786081,125.349659
43.786081,125.349659
43.786142,125.34982
43.786142,125.34982
43.786142,125.34982
43.786142,125.34982
43.786142,125.34982
43.786142,125.34982
43.786142,125.34982
43.786142,125.34982
43.786142,125.34982
43.786142,125.34982
43.786142,125.34982
43.786142,125.34982
43.786142,125.34982
43.786142,125.34982
43.786142,125.34982
43.786142,125.34982
43.786142,125.34982
43.786142,125.34982
43.786142,125.34982
43.786142,125.34982
43.786206,125.349984
43.786206,125.349984
43.786206,125.349984
43.786206,125.349984
43.786206,125.349984
43.786206,125.349984
43.786206,125.349984
43.786206,125.349984
43.786206,125.349984
43.786206,125.349984
43.786206,125.349984
43.786206,125.349984
43.786206,125.349984
43.786206,125.349984
43.786206,125.349984
43.786206,125.349984
43.786206,125.349984
43.786206,125.349984
43.786206,125.349984
43.786206,125.349984
43.786267,125.35014
43.786267,125.35014
43.786267,125.35014
43.786267,125.35014
43.786267,125.35014
43.786267,125.35014
43.786267,125.35014
43.786267,125.35014
43.786267,125.35014
43.786267,125.35014
43.786267,125.35014
43.786267,125.35014
43.786267,125.35014
43.786267,125.35014
43.786267,125.35014
43.786267,125.35014
43.786267,125.35014
43.786267,125.35014
43.786267,125.35014
43.786267,125.35014
43.786329,125.350302
43.786329,125.350302
43.786329,125.350302
43.786329,125.350302
43.786329,125.350302
43.786329,125.350302
43.786329,125.350302
43.786329,125.350302
43.786329,125.350302
43.786329,125.350302
43.786329,125.350302
43.786329,125.350302
43.786329,125.350302
43.786329,125.350302
43.786329,125.350302
43.786329,125.350302
43.786329,125.350302
43.786329,125.350302
43.786329,125.350302
43.786329,125.350302
43.786387,125.350457
43.786387,125.350457
43.786387,125.350457
43.786387,125.350457
43.786387,125.350457
43.786387,125.350457
43.786387,125.350457
43.786387,125.350457
43.786387,125.350457
43.786387,125.350457
43.786387,125.350457
43.786387,125.350457
43.786387,125.350457
43.786387,125.350457
43.786387,125.350457
43.786387,125.350457
43.786387,125.350457
43.786387,125.350457
43.786387,125.350457
43.786387,125.350457
43.786445,125.350615
43.786445,125.350615
43.786445,125.350615
43.786445,125.350615
43.786445,125.350615
43.786445,125.350615
43.786445,125.350615
43.786445,125.350615
43.786445,125.350615
43.786445,125.350615
43.786445,125.350615
43.786445,125.350615
43.786445,125.350615
43.786445,125.350615
43.786445,125.350615
43.786445,125.350615
43.786445,125.350615
43.786445,125.350615
43.786445,125.350615
43.786445,125.350615
43.786504,125.350771
43.786504,125.350771
43.786504,125.350771
43.786504,125.350771
43.786504,125.350771
43.786504,125.350771
43.786504,125.350771
43.786504,125.350771
43.786504,125.350771
43.786504,125.350771
43.786504,125.350771
43.786504,125.350771
43.786504,125.350771
43.786504,125.350771
43.786504,125.350771
43.786504,125.350771
43.786504,125.350771
43.786504,125.350771
43.786504,125.350771
43.786504,125.350771
43.78656,125.350927
43.78656,125.350927
43.78656,125.350927
43.78656,125.350927
43.78656,125.350927
43.78656,125.350927
43.78656,125.350927
43.78656,125.350927
43.78656,125.350927
43.78656,125.350927
43.78656,125.350927
43.78656,125.350927
43.78656,125.350927
43.78656,125.350927
43.78656,125.350927
43.78656,125.350927
43.78656,125.350927
43.78656,125.350927
43.78656,125.350927
43.78656,125.350927
43.786613,125.351085
43.786613,125.351085
43.786613,125.351085
43.786613,125.351085
43.786613,125.351085
43.786613,125.351085
43.786613,125.351085
43.786613,125.351085
43.786613,125.351085
43.786613,125.351085
43.786613,125.351085
43.786613,125.351085
43.786613,125.351085
43.786613,125.351085
43.786613,125.351085
43.786613,125.351085
43.786613,125.351085
43.786613,125.351085
43.786613,125.351085
43.786613,125.351085
43.786668,125.351247
43.786668,125.351247
43.786668,125.351247
43.786668,125.351247
43.786668,125.351247
43.786668,125.351247
43.786668,125.351247
43.786668,125.351247
43.786668,125.351247
43.786668,125.351247
43.786668,125.351247
43.786668,125.351247
43.786668,125.351247
43.786668,125.351247
43.786668,125.351247
43.786668,125.351247
43.786668,125.351247
43.786668,125.351247
43.786668,125.351247
43.786668,125.351247
43.78672,125.351402
43.78672,125.351402
43.78672,125.351402
43.78672,125.351402
43.78672,125.351402
43.78672,125.351402
43.78672,125.351402
43.78672,125.351402
43.78672,125.351402
43.78672,125.351402
43.78672,125.351402
43.78672,125.351402
43.78672,125.351402
43.78672,125.351402
43.78672,125.351402
43.78672,125.351402
43.78672,125.351402
43.78672,125.351402
43.78672,125.351402
43.78672,125.351402
43.786765,125.351538
43.786765,125.351538
43.786765,125.351538
43.786765,125.351538
43.786765,125.351538
43.786765,125.351538
43.786765,125.351538
43.786765,125.351538
43.786765,125.351538
43.786765,125.351538
43.786765,125.351538
43.786765,125.351538
43.786765,125.351538
43.786765,125.351538
43.786765,125.351538
43.786765,125.351538
43.786765,125.351538
43.786765,125.351538
43.786765,125.351538
43.786765,125.351538
43.786804,125.351655
43.786804,125.351655
43.786804,125.351655
43.786804,125.351655
43.786804,125.351655
43.786804,125.351655
43.786804,125.351655
43.786804,125.351655
43.786804,125.351655
43.786804,125.351655
43.786804,125.351655
43.786804,125.351655
43.786804,125.351655
43.786804,125.351655
43.786804,125.351655
43.786804,125.351655
43.786804,125.351655
43.786804,125.351655
43.786804,125.351655
43.786804,125.351655
43.786812,125.351681
43.786812,125.351681
43.786812,125.351681
43.786812,125.351681
43.786812,125.351681
43.786812,125.351681
43.786812,125.351681
43.786812,125.351681
43.786812,125.351681
43.786812,125.351681
43.786812,125.351681
43.786812,125.351681
43.786812,125.351681
43.786812,125.351681
43.786812,125.351681
43.786812,125.351681
43.786812,125.351681
43.786812,125.351681
43.786812,125.351681
43.786812,125.351681
43.78686,125.351837
43.78686,125.351837
43.78686,125.351837
43.78686,125.351837
43.78686,125.351837
43.78686,125.351837
43.78686,125.351837
43.78686,125.351837
43.78686,125.351837
43.78686,125.351837
43.78686,125.351837
43.78686,125.351837
43.78686,125.351837
43.78686,125.351837
43.78686,125.351837
43.78686,125.351837
43.78686,125.351837
43.78686,125.351837
43.78686,125.351837
43.78686,125.351837
43.78694,125.352096
43.78694,125.352096
43.78694,125.352096
43.78694,125.352096
43.78694,125.352096
43.78694,125.352096
43.78694,125.352096
43.78694,125.352096
43.78694,125.352096
43.78694,125.352096
43.78694,125.352096
43.78694,125.352096
43.78694,125.352096
43.78694,125.352096
43.78694,125.352096
43.78694,125.352096
43.78694,125.352096
43.78694,125.352096
43.78694,125.352096
43.78694,125.352096
43.786982,125.352245
43.786982,125.352245
43.786982,125.352245
43.786982,125.352245
43.786982,125.352245
43.786982,125.352245
43.786982,125.352245
43.786982,125.352245
43.786982,125.352245
43.786982,125.352245
43.786982,125.352245
43.786982,125.352245
43.786982,125.352245
43.786982,125.352245
43.786982,125.352245
43.786982,125.352245
43.786982,125.352245
43.786982,125.352245
43.786982,125.352245
43.786982,125.352245
43.787021,125.35239
43.787021,125.35239
43.787021,125.35239
43.787021,125.35239
43.787021,125.35239
43.787021,125.35239
43.787021,125.35239
43.787021,125.35239
43.787021,125.35239
43.787021,125.35239
43.787021,125.35239
43.787021,125.35239
43.787021,125.35239
43.787021,125.35239
43.787021,125.35239
43.787021,125.35239
43.787021,125.35239
43.787021,125.35239
43.787021,125.35239
43.787021,125.35239
43.787067,125.35256
43.787067,125.35256
43.787067,125.35256
43.787067,125.35256
43.787067,125.35256
43.787067,125.35256
43.787067,125.35256
43.787067,125.35256
43.787067,125.35256
43.787067,125.35256
43.787067,125.35256
43.787067,125.35256
43.787067,125.35256
43.787067,125.35256
43.787067,125.35256
43.787067,125.35256
43.787067,125.35256
43.787067,125.35256
43.787067,125.35256
43.787067,125.35256
43.787102,125.352691
43.787102,125.352691
43.787102,125.352691
43.787102,125.352691
43.787102,125.352691
43.787102,125.352691
43.787102,125.352691
43.787102,125.352691
43.787102,125.352691
43.787102,125.352691
43.787102,125.352691
43.787102,125.352691
43.787102,125.352691
43.787102,125.352691
43.787102,125.352691
43.787102,125.352691
43.787102,125.352691
43.787102,125.352691
43.787102,125.352691
43.787102,125.352691
43.787136,125.352833
43.787136,125.352833
43.787136,125.352833
43.787136,125.352833
43.787136,125.352833
43.787136,125.352833
43.787136,125.352833
43.787136,125.352833
43.787136,125.352833
43.787136,125.352833
43.787136,125.352833
43.787136,125.352833
43.787136,125.352833
43.787136,125.352833
43.787136,125.352833
43.787136,125.352833
43.787136,125.352833
43.787136,125.352833
43.787136,125.352833
43.787136,125.352833
43.787169,125.352985
43.787169,125.352985
43.787169,125.352985
43.787169,125.352985
43.787169,125.352985
43.787169,125.352985
43.787169,125.352985
43.787169,125.352985
43.787169,125.352985
43.787169,125.352985
43.787169,125.352985
43.787169,125.352985
43.787169,125.352985
43.787169,125.352985
43.787169,125.352985
43.787169,125.352985
43.787169,125.352985
43.787169,125.352985
43.787169,125.352985
43.787169,125.352985
43.7872,125.353142
43.7872,125.353142
43.7872,125.353142
43.7872,125.353142
43.7872,125.353142
43.7872,125.353142
43.7872,125.353142
43.7872,125.353142
43.7872,125.353142
43.7872,125.353142
43.7872,125.353142
43.7872,125.353142
43.7872,125.353142
43.7872,125.353142
43.7872,125.353142
43.7872,125.353142
43.7872,125.353142
43.7872,125.353142
43.7872,125.353142
43.7872,125.353142
43.787226,125.353293
43.787226,125.353293
43.787226,125.353293
43.787226,125.353293
43.787226,125.353293
43.787226,125.353293
43.787226,125.353293
43.787226,125.353293
43.787226,125.353293
43.787226,125.353293
43.787226,125.353293
43.787226,125.353293
43.787226,125.353293
43.787226,125.353293
43.787226,125.353293
43.787226,125.353293
43.787226,125.353293
43.787226,125.353293
43.787226,125.353293
43.787226,125.353293
43.78725,125.353449
43.78725,125.353449
43.78725,125.353449
43.78725,125.353449
43.78725,125.353449
43.78725,125.353449
43.78725,125.353449
43.78725,125.353449
43.78725,125.353449
43.78725,125.353449
43.78725,125.353449
43.78725,125.353449
43.78725,125.353449
43.78725,125.353449
43.78725,125.353449
43.78725,125.353449
43.78725,125.353449
43.78725,125.353449
43.78725,125.353449
43.78725,125.353449
43.787273,125.353611
43.787273,125.353611
43.787273,125.353611
43.787273,125.353611
43.787273,125.353611
43.787273,125.353611
43.787273,125.353611
43.787273,125.353611
43.787273,125.353611
43.787273,125.353611
43.787273,125.353611
43.787273,125.353611
43.787273,125.353611
43.787273,125.353611
43.787273,125.353611
43.787273,125.353611
43.787273,125.353611
43.787273,125.353611
43.787273,125.353611
43.787273,125.353611
43.787296,125.353779
43.787296,125.353779
43.787296,125.353779
43.787296,125.353779
43.787296,125.353779
43.787296,125.353779
43.787296,125.353779
43.787296,125.353779
43.787296,125.353779
43.787296,125.353779
43.787296,125.353779
43.787296,125.353779
43.787296,125.353779
43.787296,125.353779
43.787296,125.353779
43.787296,125.353779
43.787296,125.353779
43.787296,125.353779
43.787296,125.353779
43.787296,125.353779
43.787311,125.353915
43.787311,125.353915
43.787311,125.353915
43.787311,125.353915
43.787311,125.353915
43.787311,125.353915
43.787311,125.353915
43.787311,125.353915
43.787311,125.353915
43.787311,125.353915
43.787311,125.353915
43.787311,125.353915
43.787311,125.353915
43.787311,125.353915
43.787311,125.353915
43.787311,125.353915
43.787311,125.353915
43.787311,125.353915
43.787311,125.353915
43.787311,125.353915
43.787329,125.354087
43.787329,125.354087
43.787329,125.354087
43.787329,125.354087
43.787329,125.354087
43.787329,125.354087
43.787329,125.354087
43.787329,125.354087
43.787329,125.354087
43.787329,125.354087
43.787329,125.354087
43.787329,125.354087
43.787329,125.354087
43.787329,125.354087
43.787329,125.354087
43.787329,125.354087
43.787329,125.354087
43.787329,125.354087
43.787329,125.354087
43.787329,125.354087
43.787345,125.354244
43.787345,125.354244
43.787345,125.354244
43.787345,125.354244
43.787345,125.354244
43.787345,125.354244
43.787345,125.354244
43.787345,125.354244
43.787345,125.354244
43.787345,125.354244
43.787345,125.354244
43.787345,125.354244
43.787345,125.354244
43.787345,125.354244
43.787345,125.354244
43.787345,125.354244
43.787345,125.354244
43.787345,125.354244
43.787345,125.354244
43.787345,125.354244
43.787358,125.354399
43.787358,125.354399
43.787358,125.354399
43.787358,125.354399
43.787358,125.354399
43.787358,125.354399
43.787358,125.354399
43.787358,125.354399
43.787358,125.354399
43.787358,125.354399
43.787358,125.354399
43.787358,125.354399
43.787358,125.354399
43.787358,125.354399
43.787358,125.354399
43.787358,125.354399
43.787358,125.354399
43.787358,125.354399
43.787358,125.354399
43.787358,125.354399
43.787369,125.354554
43.787369,125.354554
43.787369,125.354554
43.787369,125.354554
43.787369,125.354554
43.787369,125.354554
43.787369,125.354554
43.787369,125.354554
43.787369,125.354554
43.787369,125.354554
43.787369,125.354554
43.787369,125.354554
43.787369,125.354554
43.787369,125.354554
43.787369,125.354554
43.787369,125.354554
43.787369,125.354554
43.787369,125.354554
43.787369,125.354554
43.787369,125.354554
43.787378,125.354712
43.787378,125.354712
43.787378,125.354712
43.787378,125.354712
43.787378,125.354712
43.787378,125.354712
43.787378,125.354712
43.787378,125.354712
43.787378,125.354712
43.787378,125.354712
43.787378,125.354712
43.787378,125.354712
43.787378,125.354712
43.787378,125.354712
43.787378,125.354712
43.787378,125.354712
43.787378,125.354712
43.787378,125.354712
43.787378,125.354712
43.787378,125.354712
43.787387,125.354877
43.787387,125.354877
43.787387,125.354877
43.787387,125.354877
43.787387,125.354877
43.787387,125.354877
43.787387,125.354877
43.787387,125.354877
43.787387,125.354877
43.787387,125.354877
43.787387,125.354877
43.787387,125.354877
43.787387,125.354877
43.787387,125.354877
43.787387,125.354877
43.787387,125.354877
43.787387,125.354877
43.787387,125.354877
43.787387,125.354877
43.787387,125.354877
43.787393,125.355043
43.787393,125.355043
43.787393,125.355043
43.787393,125.355043
43.787393,125.355043
43.787393,125.355043
43.787393,125.355043
43.787393,125.355043
43.787393,125.355043
43.787393,125.355043
43.787393,125.355043
43.787393,125.355043
43.787393,125.355043
43.787393,125.355043
43.787393,125.355043
43.787393,125.355043
43.787393,125.355043
43.787393,125.355043
43.787393,125.355043
43.787393,125.355043
43.787396,125.355213
43.787396,125.355213
43.787396,125.355213
43.787396,125.355213
43.787396,125.355213
43.787396,125.355213
43.787396,125.355213
43.787396,125.355213
43.787396,125.355213
43.787396,125.355213
43.787396,125.355213
43.787396,125.355213
43.787396,125.355213
43.787396,125.355213
43.787396,125.355213
43.787396,125.355213
43.787396,125.355213
43.787396,125.355213
43.787396,125.355213
43.787396,125.355213
43.787398,125.355395
43.787398,125.355395
43.787398,125.355395
43.787398,125.355395
43.787398,125.355395
43.787398,125.355395
43.787398,125.355395
43.787398,125.355395
43.787398,125.355395
43.787398,125.355395
43.787398,125.355395
43.787398,125.355395
43.787398,125.355395
43.787398,125.355395
43.787398,125.355395
43.787398,125.355395
43.787398,125.355395
43.787398,125.355395
43.787398,125.355395
43.787398,125.355395
43.7874,125.355551
43.7874,125.355551
43.7874,125.355551
43.7874,125.355551
43.7874,125.355551
43.7874,125.355551
43.7874,125.355551
43.7874,125.355551
43.7874,125.355551
43.7874,125.355551
43.7874,125.355551
43.7874,125.355551
43.7874,125.355551
43.7874,125.355551
43.7874,125.355551
43.7874,125.355551
43.7874,125.355551
43.7874,125.355551
43.7874,125.355551
43.7874,125.355551
43.787401,125.355729
43.787401,125.355729
43.787401,125.355729
43.787401,125.355729
43.787401,125.355729
43.787401,125.355729
43.787401,125.355729
43.787401,125.355729
43.787401,125.355729
43.787401,125.355729
43.787401,125.355729
43.787401,125.355729
43.787401,125.355729
43.787401,125.355729
43.787401,125.355729
43.787401,125.355729
43.787401,125.355729
43.787401,125.355729
43.787401,125.355729
43.787401,125.355729
43.787403,125.355912
43.787403,125.355912
43.787403,125.355912
43.787403,125.355912
43.787403,125.355912
43.787403,125.355912
43.787403,125.355912
43.787403,125.355912
43.787403,125.355912
43.787403,125.355912
43.787403,125.355912
43.787403,125.355912
43.787403,125.355912
43.787403,125.355912
43.787403,125.355912
43.787403,125.355912
43.787403,125.355912
43.787403,125.355912
43.787403,125.355912
43.787403,125.355912
43.787406,125.356074
43.787406,125.356074
43.787406,125.356074
43.787406,125.356074
43.787406,125.356074
43.787406,125.356074
43.787406,125.356074
43.787406,125.356074
43.787406,125.356074
43.787406,125.356074
43.787406,125.356074
43.787406,125.356074
43.787406,125.356074
43.787406,125.356074
43.787406,125.356074
43.787406,125.356074
43.787406,125.356074
43.787406,125.356074
43.787406,125.356074
43.787406,125.356074
43.787412,125.356252
43.787412,125.356252
43.787412,125.356252
43.787412,125.356252
43.787412,125.356252
43.787412,125.356252
43.787412,125.356252
43.787412,125.356252
43.787412,125.356252
43.787412,125.356252
43.787412,125.356252
43.787412,125.356252
43.787412,125.356252
43.787412,125.356252
43.787412,125.356252
43.787412,125.356252
43.787412,125.356252
43.787412,125.356252
43.787412,125.356252
43.787412,125.356252
43.787419,125.356438
43.787419,125.356438
43.787419,125.356438
43.787419,125.356438
43.787419,125.356438
43.787419,125.356438
43.787419,125.356438
43.787419,125.356438
43.787419,125.356438
43.787419,125.356438
43.787419,125.356438
43.787419,125.356438
43.787419,125.356438
43.787419,125.356438
43.787419,125.356438
43.787419,125.356438
43.787419,125.356438
43.787419,125.356438
43.787419,125.356438
43.787419,125.356438
43.787427,125.356617
43.787427,125.356617
43.787427,125.356617
43.787427,125.356617
43.787427,125.356617
43.787427,125.356617
43.787427,125.356617
43.787427,125.356617
43.787427,125.356617
43.787427,125.356617
43.787427,125.356617
43.787427,125.356617
43.787427,125.356617
43.787427,125.356617
43.787427,125.356617
43.787427,125.356617
43.787427,125.356617
43.787427,125.356617
43.787427,125.356617
43.787427,125.356617
43.787435,125.356791
43.787435,125.356791
43.787435,125.356791
43.787435,125.356791
43.787435,125.356791
43.787435,125.356791
43.787435,125.356791
43.787435,125.356791
43.787435,125.356791
43.787435,125.356791
43.787435,125.356791
43.787435,125.356791
43.787435,125.356791
43.787435,125.356791
43.787435,125.356791
43.787435,125.356791
43.787435,125.356791
43.787435,125.356791
43.787435,125.356791
43.787435,125.356791
43.787442,125.356967
43.787442,125.356967
43.787442,125.356967
43.787442,125.356967
43.787442,125.356967
43.787442,125.356967
43.787442,125.356967
43.787442,125.356967
43.787442,125.356967
43.787442,125.356967
43.787442,125.356967
43.787442,125.356967
43.787442,125.356967
43.787442,125.356967
43.787442,125.356967
43.787442,125.356967
43.787442,125.356967
43.787442,125.356967
43.787442,125.356967
43.787442,125.356967
43.787448,125.357141
43.787448,125.357141
43.787448,125.357141
43.787448,125.357141
43.787448,125.357141
43.787448,125.357141
43.787448,125.357141
43.787448,125.357141
43.787448,125.357141
43.787448,125.357141
43.787448,125.357141
43.787448,125.357141
43.787448,125.357141
43.787448,125.357141
43.787448,125.357141
43.787448,125.357141
43.787448,125.357141
43.787448,125.357141
43.787448,125.357141
43.787448,125.357141
43.787452,125.357301
43.787452,125.357301
43.787452,125.357301
43.787452,125.357301
43.787452,125.357301
43.787452,125.357301
43.787452,125.357301
43.787452,125.357301
43.787452,125.357301
43.787452,125.357301
43.787452,125.357301
43.787452,125.357301
43.787452,125.357301
43.787452,125.357301
43.787452,125.357301
43.787452,125.357301
43.787452,125.357301
43.787452,125.357301
43.787452,125.357301
43.787452,125.357301
43.787453,125.357481
43.787453,125.357481
43.787453,125.357481
43.787453,125.357481
43.787453,125.357481
43.787453,125.357481
43.787453,125.357481
43.787453,125.357481
43.787453,125.357481
43.787453,125.357481
43.787453,125.357481
43.787453,125.357481
43.787453,125.357481
43.787453,125.357481
43.787453,125.357481
43.787453,125.357481
43.787453,125.357481
43.787453,125.357481
43.787453,125.357481
43.787453,125.357481
43.78745,125.357671
43.78745,125.357671
43.78745,125.357671
43.78745,125.357671
43.78745,125.357671
43.78745,125.357671
43.78745,125.357671
43.78745,125.357671
43.78745,125.357671
43.78745,125.357671
43.78745,125.357671
43.78745,125.357671
43.78745,125.357671
43.78745,125.357671
43.78745,125.357671
43.78745,125.357671
43.78745,125.357671
43.78745,125.357671
43.78745,125.357671
43.78745,125.357671
43.78744,125.357854
43.78744,125.357854
43.78744,125.357854
43.78744,125.357854
43.78744,125.357854
43.78744,125.357854
43.78744,125.357854
43.78744,125.357854
43.78744,125.357854
43.78744,125.357854
43.78744,125.357854
43.78744,125.357854
43.78744,125.357854
43.78744,125.357854
43.78744,125.357854
43.78744,125.357854
43.78744,125.357854
43.78744,125.357854
43.78744,125.357854
43.78744,125.357854
43.787431,125.358033
43.787431,125.358033
43.787431,125.358033
43.787431,125.358033
43.787431,125.358033
43.787431,125.358033
43.787431,125.358033
43.787431,125.358033
43.787431,125.358033
43.787431,125.358033
43.787431,125.358033
43.787431,125.358033
43.787431,125.358033
43.787431,125.358033
43.787431,125.358033
43.787431,125.358033
43.787431,125.358033
43.787431,125.358033
43.787431,125.358033
43.787431,125.358033
43.787427,125.358186
43.787427,125.358186
43.787427,125.358186
43.787427,125.358186
43.787427,125.358186
43.787427,125.358186
43.787427,125.358186
43.787427,125.358186
43.787427,125.358186
43.787427,125.358186
43.787427,125.358186
43.787427,125.358186
43.787427,125.358186
43.787427,125.358186
43.787427,125.358186
43.787427,125.358186
43.787427,125.358186
43.787427,125.358186
43.787427,125.358186
43.787427,125.358186
43.787426,125.358351
43.787426,125.358351
43.787426,125.358351
43.787426,125.358351
43.787426,125.358351
43.787426,125.358351
43.787426,125.358351
43.787426,125.358351
43.787426,125.358351
43.787426,125.358351
43.787426,125.358351
43.787426,125.358351
43.787426,125.358351
43.787426,125.358351
43.787426,125.358351
43.787426,125.358351
43.787426,125.358351
43.787426,125.358351
43.787426,125.358351
43.787426,125.358351
43.787427,125.358517
43.787427,125.358517
43.787427,125.358517
43.787427,125.358517
43.787427,125.358517
43.787427,125.358517
43.787427,125.358517
43.787427,125.358517
43.787427,125.358517
43.787427,125.358517
43.787427,125.358517
43.787427,125.358517
43.787427,125.358517
43.787427,125.358517
43.787427,125.358517
43.787427,125.358517
43.787427,125.358517
43.787427,125.358517
43.787427,125.358517
43.787427,125.358517
43.787428,125.35866
43.787428,125.35866
43.787428,125.35866
43.787428,125.35866
43.787428,125.35866
43.787428,125.35866
43.787428,125.35866
43.787428,125.35866
43.787428,125.35866
43.787428,125.35866
43.787428,125.35866
43.787428,125.35866
43.787428,125.35866
43.787428,125.35866
43.787428,125.35866
43.787428,125.35866
43.787428,125.35866
43.787428,125.35866
43.787428,125.35866
43.787428,125.35866
43.787428,125.358791
43.787428,125.358791
43.787428,125.358791
43.787428,125.358791
43.787428,125.358791
43.787428,125.358791
43.787428,125.358791
43.787428,125.358791
43.787428,125.358791
43.787428,125.358791
43.787428,125.358791
43.787428,125.358791
43.787428,125.358791
43.787428,125.358791
43.787428,125.358791
43.787428,125.358791
43.787428,125.358791
43.787428,125.358791
43.787428,125.358791
43.787428,125.358791
43.787427,125.358909
43.787427,125.358909
43.787427,125.358909
43.787427,125.358909
43.787427,125.358909
43.787427,125.358909
43.787427,125.358909
43.787427,125.358909
43.787427,125.358909
43.787427,125.358909
43.787427,125.358909
43.787427,125.358909
43.787427,125.358909
43.787427,125.358909
43.787427,125.358909
43.787427,125.358909
43.787427,125.358909
43.787427,125.358909
43.787427,125.358909
43.787427,125.358909
43.787427,125.359021
43.787427,125.359021
43.787427,125.359021
43.787427,125.359021
43.787427,125.359021
43.787427,125.359021
43.787427,125.359021
43.787427,125.359021
43.787427,125.359021
43.787427,125.359021
43.787427,125.359021
43.787427,125.359021
43.787427,125.359021
43.787427,125.359021
43.787427,125.359021
43.787427,125.359021
43.787427,125.359021
43.787427,125.359021
43.787427,125.359021
43.787427,125.359021
43.787426,125.359129
43.787426,125.359129
43.787426,125.359129
43.787426,125.359129
43.787426,125.359129
43.787426,125.359129
43.787426,125.359129
43.787426,125.359129
43.787426,125.359129
43.787426,125.359129
43.787426,125.359129
43.787426,125.359129
43.787426,125.359129
43.787426,125.359129
43.787426,125.359129
43.787426,125.359129
43.787426,125.359129
43.787426,125.359129
43.787426,125.359129
43.787426,125.359129
43.787425,125.359233
43.787425,125.359233
43.787425,125.359233
43.787425,125.359233
43.787425,125.359233
43.787425,125.359233
43.787425,125.359233
43.787425,125.359233
43.787425,125.359233
43.787425,125.359233
43.787425,125.359233
43.787425,125.359233
43.787425,125.359233
43.787425,125.359233
43.787425,125.359233
43.787425,125.359233
43.787425,125.359233
43.787425,125.359233
43.787425,125.359233
43.787425,125.359233
43.787425,125.359346
43.787425,125.359346
43.787425,125.359346
43.787425,125.359346
43.787425,125.359346
43.787425,125.359346
43.787425,125.359346
43.787425,125.359346
43.787425,125.359346
43.787425,125.359346
43.787425,125.359346
43.787425,125.359346
43.787425,125.359346
43.787425,125.359346
43.787425,125.359346
43.787425,125.359346
43.787425,125.359346
43.787425,125.359346
43.787425,125.359346
43.787425,125.359346
43.787427,125.359491
43.787427,125.359491
43.787427,125.359491
43.787427,125.359491
43.787427,125.359491
43.787427,125.359491
43.787427,125.359491
43.787427,125.359491
43.787427,125.359491
43.787427,125.359491
43.787427,125.359491
43.787427,125.359491
43.787427,125.359491
43.787427,125.359491
43.787427,125.359491
43.787427,125.359491
43.787427,125.359491
43.787427,125.359491
43.787427,125.359491
43.787427,125.359491
43.787429,125.359637
43.787429,125.359637
43.787429,125.359637
43.787429,125.359637
43.787429,125.359637
43.787429,125.359637
43.787429,125.359637
43.787429,125.359637
43.787429,125.359637
43.787429,125.359637
43.787429,125.359637
43.787429,125.359637
43.787429,125.359637
43.787429,125.359637
43.787429,125.359637
43.787429,125.359637
43.787429,125.359637
43.787429,125.359637
43.787429,125.359637
43.787429,125.359637
43.787429,125.35979
43.787429,125.35979
43.787429,125.35979
43.787429,125.35979
43.787429,125.35979
43.787429,125.35979
43.787429,125.35979
43.787429,125.35979
43.787429,125.35979
43.787429,125.35979
43.787429,125.35979
43.787429,125.35979
43.787429,125.35979
43.787429,125.35979
43.787429,125.35979
43.787429,125.35979
43.787429,125.35979
43.787429,125.35979
43.787429,125.35979
43.787429,125.35979
43.787429,125.359916
43.787429,125.359916
43.787429,125.359916
43.787429,125.359916
43.787429,125.359916
43.787429,125.359916
43.787429,125.359916
43.787429,125.359916
43.787429,125.359916
43.787429,125.359916
43.787429,125.359916
43.787429,125.359916
43.787429,125.359916
43.787429,125.359916
43.787429,125.359916
43.787429,125.359916
43.787429,125.359916
43.787429,125.359916
43.787429,125.359916
43.787429,125.359916
43.787429,125.359916
43.787429,125.359916
43.787429,125.359916
43.787429,125.359916
43.787429,125.359916
43.787429,125.359916
43.787429,125.359916
43.787429,125.359916
43.787429,125.359916
43.787429,125.359916
43.787429,125.359916
43.787429,125.359916
43.787429,125.359916
43.787429,125.359916
43.787429,125.359916
43.787429,125.359916
43.787429,125.359916
43.787429,125.359916
43.787429,125.359916
43.787429,125.359916
43.787428,125.360014
43.787428,125.360014
43.787428,125.360014
43.787428,125.360014
43.787428,125.360014
43.787428,125.360014
43.787428,125.360014
43.787428,125.360014
43.787428,125.360014
43.787428,125.360014
43.787428,125.360014
43.787428,125.360014
43.787428,125.360014
43.787428,125.360014
43.787428,125.360014
43.787428,125.360014
43.787428,125.360014
43.787428,125.360014
43.787428,125.360014
43.787428,125.360014
43.787426,125.360441
43.787426,125.360441
43.787426,125.360441
43.787426,125.360441
43.787426,125.360441
43.787426,125.360441
43.787426,125.360441
43.787426,125.360441
43.787426,125.360441
43.787426,125.360441
43.787426,125.360441
43.787426,125.360441
43.787426,125.360441
43.787426,125.360441
43.787426,125.360441
43.787426,125.360441
43.787426,125.360441
43.787426,125.360441
43.787426,125.360441
43.787426,125.360441
43.787426,125.360597
43.787426,125.360597
43.787426,125.360597
43.787426,125.360597
43.787426,125.360597
43.787426,125.360597
43.787426,125.360597
43.787426,125.360597
43.787426,125.360597
43.787426,125.360597
43.787426,125.360597
43.787426,125.360597
43.787426,125.360597
43.787426,125.360597
43.787426,125.360597
43.787426,125.360597
43.787426,125.360597
43.787426,125.360597
43.787426,125.360597
43.787426,125.360597
43.787428,125.360728
43.787428,125.360728
43.787428,125.360728
43.787428,125.360728
43.787428,125.360728
43.787428,125.360728
43.787428,125.360728
43.787428,125.360728
43.787428,125.360728
43.787428,125.360728
43.787428,125.360728
43.787428,125.360728
43.787428,125.360728
43.787428,125.360728
43.787428,125.360728
43.787428,125.360728
43.787428,125.360728
43.787428,125.360728
43.787428,125.360728
43.787428,125.360728
43.787428,125.360881
43.787428,125.360881
43.787428,125.360881
43.787428,125.360881
43.787428,125.360881
43.787428,125.360881
43.787428,125.360881
43.787428,125.360881
43.787428,125.360881
43.787428,125.360881
43.787428,125.360881
43.787428,125.360881
43.787428,125.360881
43.787428,125.360881
43.787428,125.360881
43.787428,125.360881
43.787428,125.360881
43.787428,125.360881
43.787428,125.360881
43.787428,125.360881
43.787428,125.361047
43.787428,125.361047
43.787428,125.361047
43.787428,125.361047
43.787428,125.361047
43.787428,125.361047
43.787428,125.361047
43.787428,125.361047
43.787428,125.361047
43.787428,125.361047
43.787428,125.361047
43.787428,125.361047
43.787428,125.361047
43.787428,125.361047
43.787428,125.361047
43.787428,125.361047
43.787428,125.361047
43.787428,125.361047
43.787428,125.361047
43.787428,125.361047
43.787429,125.361207
43.787429,125.361207
43.787429,125.361207
43.787429,125.361207
43.787429,125.361207
43.787429,125.361207
43.787429,125.361207
43.787429,125.361207
43.787429,125.361207
43.787429,125.361207
43.787429,125.361207
43.787429,125.361207
43.787429,125.361207
43.787429,125.361207
43.787429,125.361207
43.787429,125.361207
43.787429,125.361207
43.787429,125.361207
43.787429,125.361207
43.787429,125.361207
43.787429,125.361357
43.787429,125.361357
43.787429,125.361357
43.787429,125.361357
43.787429,125.361357
43.787429,125.361357
43.787429,125.361357
43.787429,125.361357
43.787429,125.361357
43.787429,125.361357
43.787429,125.361357
43.787429,125.361357
43.787429,125.361357
43.787429,125.361357
43.787429,125.361357
43.787429,125.361357
43.787429,125.361357
43.787429,125.361357
43.787429,125.361357
43.787429,125.361357
43.78743,125.361523
43.78743,125.361523
43.78743,125.361523
43.78743,125.361523
43.78743,125.361523
43.78743,125.361523
43.78743,125.361523
43.78743,125.361523
43.78743,125.361523
43.78743,125.361523
43.78743,125.361523
43.78743,125.361523
43.78743,125.361523
43.78743,125.361523
43.78743,125.361523
43.78743,125.361523
43.78743,125.361523
43.78743,125.361523
43.78743,125.361523
43.78743,125.361523
43.78743,125.361695
43.78743,125.361695
43.78743,125.361695
43.78743,125.361695
43.78743,125.361695
43.78743,125.361695
43.78743,125.361695
43.78743,125.361695
43.78743,125.361695
43.78743,125.361695
43.78743,125.361695
43.78743,125.361695
43.78743,125.361695
43.78743,125.361695
43.78743,125.361695
43.78743,125.361695
43.78743,125.361695
43.78743,125.361695
43.78743,125.361695
43.78743,125.361695
43.787429,125.361869
43.787429,125.361869
43.787429,125.361869
43.787429,125.361869
43.787429,125.361869
43.787429,125.361869
43.787429,125.361869
43.787429,125.361869
43.787429,125.361869
43.787429,125.361869
43.787429,125.361869
43.787429,125.361869
43.787429,125.361869
43.787429,125.361869
43.787429,125.361869
43.787429,125.361869
43.787429,125.361869
43.787429,125.361869
43.787429,125.361869
43.787429,125.361869
43.787428,125.362005
43.787428,125.362005
43.787428,125.362005
43.787428,125.362005
43.787428,125.362005
43.787428,125.362005
43.787428,125.362005
43.787428,125.362005
43.787428,125.362005
43.787428,125.362005
43.787428,125.362005
43.787428,125.362005
43.787428,125.362005
43.787428,125.362005
43.787428,125.362005
43.787428,125.362005
43.787428,125.362005
43.787428,125.362005
43.787428,125.362005
43.787428,125.362005
43.787427,125.362174
43.787427,125.362174
43.787427,125.362174
43.787427,125.362174
43.787427,125.362174
43.787427,125.362174
43.787427,125.362174
43.787427,125.362174
43.787427,125.362174
43.787427,125.362174
43.787427,125.362174
43.787427,125.362174
43.787427,125.362174
43.787427,125.362174
43.787427,125.362174
43.787427,125.362174
43.787427,125.362174
43.787427,125.362174
43.787427,125.362174
43.787427,125.362174
43.787425,125.362346
43.787425,125.362346
43.787425,125.362346
43.787425,125.362346
43.787425,125.362346
43.787425,125.362346
43.787425,125.362346
43.787425,125.362346
43.787425,125.362346
43.787425,125.362346
43.787425,125.362346
43.787425,125.362346
43.787425,125.362346
43.787425,125.362346
43.787425,125.362346
43.787425,125.362346
43.787425,125.362346
43.787425,125.362346
43.787425,125.362346
43.787425,125.362346
43.787424,125.362513
43.787424,125.362513
43.787424,125.362513
43.787424,125.362513
43.787424,125.362513
43.787424,125.362513
43.787424,125.362513
43.787424,125.362513
43.787424,125.362513
43.787424,125.362513
43.787424,125.362513
43.787424,125.362513
43.787424,125.362513
43.787424,125.362513
43.787424,125.362513
43.787424,125.362513
43.787424,125.362513
43.787424,125.362513
43.787424,125.362513
43.787424,125.362513
43.787422,125.362689
43.787422,125.362689
43.787422,125.362689
43.787422,125.362689
43.787422,125.362689
43.787422,125.362689
43.787422,125.362689
43.787422,125.362689
43.787422,125.362689
43.787422,125.362689
43.787422,125.362689
43.787422,125.362689
43.787422,125.362689
43.787422,125.362689
43.787422,125.362689
43.787422,125.362689
43.787422,125.362689
43.787422,125.362689
43.787422,125.362689
43.787422,125.362689
43.787423,125.36285
43.787423,125.36285
43.787423,125.36285
43.787423,125.36285
43.787423,125.36285
43.787423,125.36285
43.787423,125.36285
43.787423,125.36285
43.787423,125.36285
43.787423,125.36285
43.787423,125.36285
43.787423,125.36285
43.787423,125.36285
43.787423,125.36285
43.787423,125.36285
43.787423,125.36285
43.787423,125.36285
43.787423,125.36285
43.787423,125.36285
43.787423,125.36285
43.787422,125.363037
43.787422,125.363037
43.787422,125.363037
43.787422,125.363037
43.787422,125.363037
43.787422,125.363037
43.787422,125.363037
43.787422,125.363037
43.787422,125.363037
43.787422,125.363037
43.787422,125.363037
43.787422,125.363037
43.787422,125.363037
43.787422,125.363037
43.787422,125.363037
43.787422,125.363037
43.787422,125.363037
43.787422,125.363037
43.787422,125.363037
43.787422,125.363037
43.787422,125.363202
43.787422,125.363202
43.787422,125.363202
43.787422,125.363202
43.787422,125.363202
43.787422,125.363202
43.787422,125.363202
43.787422,125.363202
43.787422,125.363202
43.787422,125.363202
43.787422,125.363202
43.787422,125.363202
43.787422,125.363202
43.787422,125.363202
43.787422,125.363202
43.787422,125.363202
43.787422,125.363202
43.787422,125.363202
43.787422,125.363202
43.787422,125.363202
43.78742,125.363355
43.78742,125.363355
43.78742,125.363355
43.78742,125.363355
43.78742,125.363355
43.78742,125.363355
43.78742,125.363355
43.78742,125.363355
43.78742,125.363355
43.78742,125.363355
43.78742,125.363355
43.78742,125.363355
43.78742,125.363355
43.78742,125.363355
43.78742,125.363355
43.78742,125.363355
43.78742,125.363355
43.78742,125.363355
43.78742,125.363355
43.78742,125.363355
43.787418,125.363498
43.787418,125.363498
43.787418,125.363498
43.787418,125.363498
43.787418,125.363498
43.787418,125.363498
43.787418,125.363498
43.787418,125.363498
43.787418,125.363498
43.787418,125.363498
43.787418,125.363498
43.787418,125.363498
43.787418,125.363498
43.787418,125.363498
43.787418,125.363498
43.787418,125.363498
43.787418,125.363498
43.787418,125.363498
43.787418,125.363498
43.787418,125.363498
43.787414,125.363602
43.787414,125.363602
43.787414,125.363602
43.787414,125.363602
43.787414,125.363602
43.787414,125.363602
43.787414,125.363602
43.787414,125.363602
43.787414,125.363602
43.787414,125.363602
43.787414,125.363602
43.787414,125.363602
43.787414,125.363602
43.787414,125.363602
43.787414,125.363602
43.787414,125.363602
43.787414,125.363602
43.787414,125.363602
43.787414,125.363602
43.787414,125.363602
43.787408,125.363724
43.787408,125.363724
43.787408,125.363724
43.787408,125.363724
43.787408,125.363724
43.787408,125.363724
43.787408,125.363724
43.787408,125.363724
43.787408,125.363724
43.787408,125.363724
43.787408,125.363724
43.787408,125.363724
43.787408,125.363724
43.787408,125.363724
43.787408,125.363724
43.787408,125.363724
43.787408,125.363724
43.787408,125.363724
43.787408,125.363724
43.787408,125.363724
43.787401,125.363865
43.787401,125.363865
43.787401,125.363865
43.787401,125.363865
43.787401,125.363865
43.787401,125.363865
43.787401,125.363865
43.787401,125.363865
43.787401,125.363865
43.787401,125.363865
43.787401,125.363865
43.787401,125.363865
43.787401,125.363865
43.787401,125.363865
43.787401,125.363865
43.787401,125.363865
43.787401,125.363865
43.787401,125.363865
43.787401,125.363865
43.787401,125.363865
43.787396,125.36398
43.787396,125.36398
43.787396,125.36398
43.787396,125.36398
43.787396,125.36398
43.787396,125.36398
43.787396,125.36398
43.787396,125.36398
43.787396,125.36398
43.787396,125.36398
43.787396,125.36398
43.787396,125.36398
43.787396,125.36398
43.787396,125.36398
43.787396,125.36398
43.787396,125.36398
43.787396,125.36398
43.787396,125.36398
43.787396,125.36398
43.787396,125.36398
43.787396,125.364099
43.787396,125.364099
43.787396,125.364099
43.787396,125.364099
43.787396,125.364099
43.787396,125.364099
43.787396,125.364099
43.787396,125.364099
43.787396,125.364099
43.787396,125.364099
43.787396,125.364099
43.787396,125.364099
43.787396,125.364099
43.787396,125.364099
43.787396,125.364099
43.787396,125.364099
43.787396,125.364099
43.787396,125.364099
43.787396,125.364099
43.787396,125.364099
43.787397,125.364216
43.787397,125.364216
43.787397,125.364216
43.787397,125.364216
43.787397,125.364216
43.787397,125.364216
43.787397,125.364216
43.787397,125.364216
43.787397,125.364216
43.787397,125.364216
43.787397,125.364216
43.787397,125.364216
43.787397,125.364216
43.787397,125.364216
43.787397,125.364216
43.787397,125.364216
43.787397,125.364216
43.787397,125.364216
43.787397,125.364216
43.787397,125.364216
43.787398,125.364328
43.787398,125.364328
43.787398,125.364328
43.787398,125.364328
43.787398,125.364328
43.787398,125.364328
43.787398,125.364328
43.787398,125.364328
43.787398,125.364328
43.787398,125.364328
43.787398,125.364328
43.787398,125.364328
43.787398,125.364328
43.787398,125.364328
43.787398,125.364328
43.787398,125.364328
43.787398,125.364328
43.787398,125.364328
43.787398,125.364328
43.787398,125.364328
43.787397,125.36444
43.787397,125.36444
43.787397,125.36444
43.787397,125.36444
43.787397,125.36444
43.787397,125.36444
43.787397,125.36444
43.787397,125.36444
43.787397,125.36444
43.787397,125.36444
43.787397,125.36444
43.787397,125.36444
43.787397,125.36444
43.787397,125.36444
43.787397,125.36444
43.787397,125.36444
43.787397,125.36444
43.787397,125.36444
43.787397,125.36444
43.787397,125.36444
43.787386,125.364542
43.787386,125.364542
43.787386,125.364542
43.787386,125.364542
43.787386,125.364542
43.787386,125.364542
43.787386,125.364542
43.787386,125.364542
43.787386,125.364542
43.787386,125.364542
43.787386,125.364542
43.787386,125.364542
43.787386,125.364542
43.787386,125.364542
43.787386,125.364542
43.787386,125.364542
43.787386,125.364542
43.787386,125.364542
43.787386,125.364542
43.787386,125.364542
43.787364,125.364659
43.787364,125.364659
43.787364,125.364659
43.787364,125.364659
43.787364,125.364659
43.787364,125.364659
43.787364,125.364659
43.787364,125.364659
43.787364,125.364659
43.787364,125.364659
43.787364,125.364659
43.787364,125.364659
43.787364,125.364659
43.787364,125.364659
43.787364,125.364659
43.787364,125.364659
43.787364,125.364659
43.787364,125.364659
43.787364,125.364659
43.787364,125.364659
43.787337,125.364761
43.787337,125.364761
43.787337,125.364761
43.787337,125.364761
43.787337,125.364761
43.787337,125.364761
43.787337,125.364761
43.787337,125.364761
43.787337,125.364761
43.787337,125.364761
43.787337,125.364761
43.787337,125.364761
43.787337,125.364761
43.787337,125.364761
43.787337,125.364761
43.787337,125.364761
43.787337,125.364761
43.787337,125.364761
43.787337,125.364761
43.787337,125.364761
43.787309,125.364867
43.787309,125.364867
43.787309,125.364867
43.787309,125.364867
43.787309,125.364867
43.787309,125.364867
43.787309,125.364867
43.787309,125.364867
43.787309,125.364867
43.787309,125.364867
43.787309,125.364867
43.787309,125.364867
43.787309,125.364867
43.787309,125.364867
43.787309,125.364867
43.787309,125.364867
43.787309,125.364867
43.787309,125.364867
43.787309,125.364867
43.787309,125.364867
43.787286,125.364978
43.787286,125.364978
43.787286,125.364978
43.787286,125.364978
43.787286,125.364978
43.787286,125.364978
43.787286,125.364978
43.787286,125.364978
43.787286,125.364978
43.787286,125.364978
43.787286,125.364978
43.787286,125.364978
43.787286,125.364978
43.787286,125.364978
43.787286,125.364978
43.787286,125.364978
43.787286,125.364978
43.787286,125.364978
43.787286,125.364978
43.787286,125.364978
43.78729,125.365017
43.78729,125.365017
43.78729,125.365017
43.78729,125.365017
43.78729,125.365017
43.78729,125.365017
43.78729,125.365017
43.78729,125.365017
43.78729,125.365017
43.78729,125.365017
43.78729,125.365017
43.78729,125.365017
43.78729,125.365017
43.78729,125.365017
43.78729,125.365017
43.78729,125.365017
43.78729,125.365017
43.78729,125.365017
43.78729,125.365017
43.78729,125.365017
43.787268,125.365229
43.787268,125.365229
43.787268,125.365229
43.787268,125.365229
43.787268,125.365229
43.787268,125.365229
43.787268,125.365229
43.787268,125.365229
43.787268,125.365229
43.787268,125.365229
43.787268,125.365229
43.787268,125.365229
43.787268,125.365229
43.787268,125.365229
43.787268,125.365229
43.787268,125.365229
43.787268,125.365229
43.787268,125.365229
43.787268,125.365229
43.787268,125.365229
43.787272,125.36535
43.787272,125.36535
43.787272,125.36535
43.787272,125.36535
43.787272,125.36535
43.787272,125.36535
43.787272,125.36535
43.787272,125.36535
43.787272,125.36535
43.787272,125.36535
43.787272,125.36535
43.787272,125.36535
43.787272,125.36535
43.787272,125.36535
43.787272,125.36535
43.787272,125.36535
43.787272,125.36535
43.787272,125.36535
43.787272,125.36535
43.787272,125.36535
43.787272,125.365476
43.787272,125.365476
43.787272,125.365476
43.787272,125.365476
43.787272,125.365476
43.787272,125.365476
43.787272,125.365476
43.787272,125.365476
43.787272,125.365476
43.787272,125.365476
43.787272,125.365476
43.787272,125.365476
43.787272,125.365476
43.787272,125.365476
43.787272,125.365476
43.787272,125.365476
43.787272,125.365476
43.787272,125.365476
43.787272,125.365476
43.787272,125.365476
43.787271,125.365577
43.787271,125.365577
43.787271,125.365577
43.787271,125.365577
43.787271,125.365577
43.787271,125.365577
43.787271,125.365577
43.787271,125.365577
43.787271,125.365577
43.787271,125.365577
43.787271,125.365577
43.787271,125.365577
43.787271,125.365577
43.787271,125.365577
43.787271,125.365577
43.787271,125.365577
43.787271,125.365577
43.787271,125.365577
43.787271,125.365577
43.787271,125.365577
43.787271,125.365658
43.787271,125.365658
43.787271,125.365658
43.787271,125.365658
43.787271,125.365658
43.787271,125.365658
43.787271,125.365658
43.787271,125.365658
43.787271,125.365658
43.787271,125.365658
43.787271,125.365658
43.787271,125.365658
43.787271,125.365658
43.787271,125.365658
43.787271,125.365658
43.787271,125.365658
43.787271,125.365658
43.787271,125.365658
43.787271,125.365658
43.787271,125.365658
43.787271,125.365723
43.787271,125.365723
43.787271,125.365723
43.787271,125.365723
43.787271,125.365723
43.787271,125.365723
43.787271,125.365723
43.787271,125.365723
43.787271,125.365723
43.787271,125.365723
43.787271,125.365723
43.787271,125.365723
43.787271,125.365723
43.787271,125.365723
43.787271,125.365723
43.787271,125.365723
43.787271,125.365723
43.787271,125.365723
43.787271,125.365723
43.787271,125.365723
43.787271,125.365791
43.787271,125.365791
43.787271,125.365791
43.787271,125.365791
43.787271,125.365791
43.787271,125.365791
43.787271,125.365791
43.787271,125.365791
43.787271,125.365791
43.787271,125.365791
43.787271,125.365791
43.787271,125.365791
43.787271,125.365791
43.787271,125.365791
43.787271,125.365791
43.787271,125.365791
43.787271,125.365791
43.787271,125.365791
43.787271,125.365791
43.787271,125.365791
43.787272,125.365872
43.787272,125.365872
43.787272,125.365872
43.787272,125.365872
43.787272,125.365872
43.787272,125.365872
43.787272,125.365872
43.787272,125.365872
43.787272,125.365872
43.787272,125.365872
43.787272,125.365872
43.787272,125.365872
43.787272,125.365872
43.787272,125.365872
43.787272,125.365872
43.787272,125.365872
43.787272,125.365872
43.787272,125.365872
43.787272,125.365872
43.787272,125.365872
43.787271,125.365977
43.787271,125.365977
43.787271,125.365977
43.787271,125.365977
43.787271,125.365977
43.787271,125.365977
43.787271,125.365977
43.787271,125.365977
43.787271,125.365977
43.787271,125.365977
43.787271,125.365977
43.787271,125.365977
43.787271,125.365977
43.787271,125.365977
43.787271,125.365977
43.787271,125.365977
43.787271,125.365977
43.787271,125.365977
43.787271,125.365977
43.787271,125.365977
43.78727,125.366087
43.78727,125.366087
43.78727,125.366087
43.78727,125.366087
43.78727,125.366087
43.78727,125.366087
43.78727,125.366087
43.78727,125.366087
43.78727,125.366087
43.78727,125.366087
43.78727,125.366087
43.78727,125.366087
43.78727,125.366087
43.78727,125.366087
43.78727,125.366087
43.78727,125.366087
43.78727,125.366087
43.78727,125.366087
43.78727,125.366087
43.78727,125.366087
43.787269,125.366205
43.787269,125.366205
43.787269,125.366205
43.787269,125.366205
43.787269,125.366205
43.787269,125.366205
43.787269,125.366205
43.787269,125.366205
43.787269,125.366205
43.787269,125.366205
43.787269,125.366205
43.787269,125.366205
43.787269,125.366205
43.787269,125.366205
43.787269,125.366205
43.787269,125.366205
43.787269,125.366205
43.787269,125.366205
43.787269,125.366205
43.787269,125.366205
43.78727,125.366332
43.78727,125.366332
43.78727,125.366332
43.78727,125.366332
43.78727,125.366332
43.78727,125.366332
43.78727,125.366332
43.78727,125.366332
43.78727,125.366332
43.78727,125.366332
43.78727,125.366332
43.78727,125.366332
43.78727,125.366332
43.78727,125.366332
43.78727,125.366332
43.78727,125.366332
43.78727,125.366332
43.78727,125.366332
43.78727,125.366332
43.78727,125.366332
43.78727,125.366464
43.78727,125.366464
43.78727,125.366464
43.78727,125.366464
43.78727,125.366464
43.78727,125.366464
43.78727,125.366464
43.78727,125.366464
43.78727,125.366464
43.78727,125.366464
43.78727,125.366464
43.78727,125.366464
43.78727,125.366464
43.78727,125.366464
43.78727,125.366464
43.78727,125.366464
43.78727,125.366464
43.78727,125.366464
43.78727,125.366464
43.78727,125.366464
43.78727,125.366603
43.78727,125.366603
43.78727,125.366603
43.78727,125.366603
43.78727,125.366603
43.78727,125.366603
43.78727,125.366603
43.78727,125.366603
43.78727,125.366603
43.78727,125.366603
43.78727,125.366603
43.78727,125.366603
43.78727,125.366603
43.78727,125.366603
43.78727,125.366603
43.78727,125.366603
43.78727,125.366603
43.78727,125.366603
43.78727,125.366603
43.78727,125.366603
43.787269,125.366748
43.787269,125.366748
43.787269,125.366748
43.787269,125.366748
43.787269,125.366748
43.787269,125.366748
43.787269,125.366748
43.787269,125.366748
43.787269,125.366748
43.787269,125.366748
43.787269,125.366748
43.787269,125.366748
43.787269,125.366748
43.787269,125.366748
43.787269,125.366748
43.787269,125.366748
43.787269,125.366748
43.787269,125.366748
43.787269,125.366748
43.787269,125.366748
43.787269,125.366885
43.787269,125.366885
43.787269,125.366885
43.787269,125.366885
43.787269,125.366885
43.787269,125.366885
43.787269,125.366885
43.787269,125.366885
43.787269,125.366885
43.787269,125.366885
43.787269,125.366885
43.787269,125.366885
43.787269,125.366885
43.787269,125.366885
43.787269,125.366885
43.787269,125.366885
43.787269,125.366885
43.787269,125.366885
43.787269,125.366885
43.787269,125.366885
43.787268,125.366995
43.787268,125.366995
43.787268,125.366995
43.787268,125.366995
43.787268,125.366995
43.787268,125.366995
43.787268,125.366995
43.787268,125.366995
43.787268,125.366995
43.787268,125.366995
43.787268,125.366995
43.787268,125.366995
43.787268,125.366995
43.787268,125.366995
43.787268,125.366995
43.787268,125.366995
43.787268,125.366995
43.787268,125.366995
43.787268,125.366995
43.787268,125.366995
43.787268,125.367114
43.787268,125.367114
43.787268,125.367114
43.787268,125.367114
43.787268,125.367114
43.787268,125.367114
43.787268,125.367114
43.787268,125.367114
43.787268,125.367114
43.787268,125.367114
43.787268,125.367114
43.787268,125.367114
43.787268,125.367114
43.787268,125.367114
43.787268,125.367114
43.787268,125.367114
43.787268,125.367114
43.787268,125.367114
43.787268,125.367114
43.787268,125.367114
43.787268,125.36722
43.787268,125.36722
43.787268,125.36722
43.787268,125.36722
43.787268,125.36722
43.787268,125.36722
43.787268,125.36722
43.787268,125.36722
43.787268,125.36722
43.787268,125.36722
43.787268,125.36722
43.787268,125.36722
43.787268,125.36722
43.787268,125.36722
43.787268,125.36722
43.787268,125.36722
43.787268,125.36722
43.787268,125.36722
43.787268,125.36722
43.787268,125.36722
43.787266,125.367325
43.787266,125.367325
43.787266,125.367325
43.787266,125.367325
43.787266,125.367325
43.787266,125.367325
43.787266,125.367325
43.787266,125.367325
43.787266,125.367325
43.787266,125.367325
43.787266,125.367325
43.787266,125.367325
43.787266,125.367325
43.787266,125.367325
43.787266,125.367325
43.787266,125.367325
43.787266,125.367325
43.787266,125.367325
43.787266,125.367325
43.787266,125.367325
43.787259,125.367451
43.787259,125.367451
43.787259,125.367451
43.787259,125.367451
43.787259,125.367451
43.787259,125.367451
43.787259,125.367451
43.787259,125.367451
43.787259,125.367451
43.787259,125.367451
43.787259,125.367451
43.787259,125.367451
43.787259,125.367451
43.787259,125.367451
43.787259,125.367451
43.787259,125.367451
43.787259,125.367451
43.787259,125.367451
43.787259,125.367451
43.787259,125.367451
43.787249,125.367595
43.787249,125.367595
43.787249,125.367595
43.787249,125.367595
43.787249,125.367595
43.787249,125.367595
43.787249,125.367595
43.787249,125.367595
43.787249,125.367595
43.787249,125.367595
43.787249,125.367595
43.787249,125.367595
43.787249,125.367595
43.787249,125.367595
43.787249,125.367595
43.787249,125.367595
43.787249,125.367595
43.787249,125.367595
43.787249,125.367595
43.787249,125.367595
43.787244,125.36775
43.787244,125.36775
43.787244,125.36775
43.787244,125.36775
43.787244,125.36775
43.787244,125.36775
43.787244,125.36775
43.787244,125.36775
43.787244,125.36775
43.787244,125.36775
43.787244,125.36775
43.787244,125.36775
43.787244,125.36775
43.787244,125.36775
43.787244,125.36775
43.787244,125.36775
43.787244,125.36775
43.787244,125.36775
43.787244,125.36775
43.787244,125.36775
43.787241,125.367908
43.787241,125.367908
43.787241,125.367908
43.787241,125.367908
43.787241,125.367908
43.787241,125.367908
43.787241,125.367908
43.787241,125.367908
43.787241,125.367908
43.787241,125.367908
43.787241,125.367908
43.787241,125.367908
43.787241,125.367908
43.787241,125.367908
43.787241,125.367908
43.787241,125.367908
43.787241,125.367908
43.787241,125.367908
43.787241,125.367908
43.787241,125.367908
43.78724,125.368066
43.78724,125.368066
43.78724,125.368066
43.78724,125.368066
43.78724,125.368066
43.78724,125.368066
43.78724,125.368066
43.78724,125.368066
43.78724,125.368066
43.78724,125.368066
43.78724,125.368066
43.78724,125.368066
43.78724,125.368066
43.78724,125.368066
43.78724,125.368066
43.78724,125.368066
43.78724,125.368066
43.78724,125.368066
43.78724,125.368066
43.78724,125.368066
43.787239,125.368202
43.787239,125.368202
43.787239,125.368202
43.787239,125.368202
43.787239,125.368202
43.787239,125.368202
43.787239,125.368202
43.787239,125.368202
43.787239,125.368202
43.787239,125.368202
43.787239,125.368202
43.787239,125.368202
43.787239,125.368202
43.787239,125.368202
43.787239,125.368202
43.787239,125.368202
43.787239,125.368202
43.787239,125.368202
43.787239,125.368202
43.787239,125.368202
43.787238,125.36834
43.787238,125.36834
43.787238,125.36834
43.787238,125.36834
43.787238,125.36834
43.787238,125.36834
43.787238,125.36834
43.787238,125.36834
43.787238,125.36834
43.787238,125.36834
43.787238,125.36834
43.787238,125.36834
43.787238,125.36834
43.787238,125.36834
43.787238,125.36834
43.787238,125.36834
43.787238,125.36834
43.787238,125.36834
43.787238,125.36834
43.787238,125.36834
43.787236,125.368483
43.787236,125.368483
43.787236,125.368483
43.787236,125.368483
43.787236,125.368483
43.787236,125.368483
43.787236,125.368483
43.787236,125.368483
43.787236,125.368483
43.787236,125.368483
43.787236,125.368483
43.787236,125.368483
43.787236,125.368483
43.787236,125.368483
43.787236,125.368483
43.787236,125.368483
43.787236,125.368483
43.787236,125.368483
43.787236,125.368483
43.787236,125.368483
43.787236,125.368616
43.787236,125.368616
43.787236,125.368616
43.787236,125.368616
43.787236,125.368616
43.787236,125.368616
43.787236,125.368616
43.787236,125.368616
43.787236,125.368616
43.787236,125.368616
43.787236,125.368616
43.787236,125.368616
43.787236,125.368616
43.787236,125.368616
43.787236,125.368616
43.787236,125.368616
43.787236,125.368616
43.787236,125.368616
43.787236,125.368616
43.787236,125.368616
43.787237,125.368758
43.787237,125.368758
43.787237,125.368758
43.787237,125.368758
43.787237,125.368758
43.787237,125.368758
43.787237,125.368758
43.787237,125.368758
43.787237,125.368758
43.787237,125.368758
43.787237,125.368758
43.787237,125.368758
43.787237,125.368758
43.787237,125.368758
43.787237,125.368758
43.787237,125.368758
43.787237,125.368758
43.787237,125.368758
43.787237,125.368758
43.787237,125.368758
43.787238,125.368884
43.787238,125.368884
43.787238,125.368884
43.787238,125.368884
43.787238,125.368884
43.787238,125.368884
43.787238,125.368884
43.787238,125.368884
43.787238,125.368884
43.787238,125.368884
43.787238,125.368884
43.787238,125.368884
43.787238,125.368884
43.787238,125.368884
43.787238,125.368884
43.787238,125.368884
43.787238,125.368884
43.787238,125.368884
43.787238,125.368884
43.787238,125.368884
43.787237,125.368998
43.787237,125.368998
43.787237,125.368998
43.787237,125.368998
43.787237,125.368998
43.787237,125.368998
43.787237,125.368998
43.787237,125.368998
43.787237,125.368998
43.787237,125.368998
43.787237,125.368998
43.787237,125.368998
43.787237,125.368998
43.787237,125.368998
43.787237,125.368998
43.787237,125.368998
43.787237,125.368998
43.787237,125.368998
43.787237,125.368998
43.787237,125.368998
43.787239,125.369088
43.787239,125.369088
43.787239,125.369088
43.787239,125.369088
43.787239,125.369088
43.787239,125.369088
43.787239,125.369088
43.787239,125.369088
43.787239,125.369088
43.787239,125.369088
43.787239,125.369088
43.787239,125.369088
43.787239,125.369088
43.787239,125.369088
43.787239,125.369088
43.787239,125.369088
43.787239,125.369088
43.787239,125.369088
43.787239,125.369088
43.787239,125.369088
43.787243,125.369178
43.787243,125.369178
43.787243,125.369178
43.787243,125.369178
43.787243,125.369178
43.787243,125.369178
43.787243,125.369178
43.787243,125.369178
43.787243,125.369178
43.787243,125.369178
43.787243,125.369178
43.787243,125.369178
43.787243,125.369178
43.787243,125.369178
43.787243,125.369178
43.787243,125.369178
43.787243,125.369178
43.787243,125.369178
43.787243,125.369178
43.787243,125.369178
43.787255,125.369263
43.787255,125.369263
43.787255,125.369263
43.787255,125.369263
43.787255,125.369263
43.787255,125.369263
43.787255,125.369263
43.787255,125.369263
43.787255,125.369263
43.787255,125.369263
43.787255,125.369263
43.787255,125.369263
43.787255,125.369263
43.787255,125.369263
43.787255,125.369263
43.787255,125.369263
43.787255,125.369263
43.787255,125.369263
43.787255,125.369263
43.787255,125.369263
43.787276,125.369346
43.787276,125.369346
43.787276,125.369346
43.787276,125.369346
43.787276,125.369346
43.787276,125.369346
43.787276,125.369346
43.787276,125.369346
43.787276,125.369346
43.787276,125.369346
43.787276,125.369346
43.787276,125.369346
43.787276,125.369346
43.787276,125.369346
43.787276,125.369346
43.787276,125.369346
43.787276,125.369346
43.787276,125.369346
43.787276,125.369346
43.787276,125.369346
43.787303,125.369424
43.787303,125.369424
43.787303,125.369424
43.787303,125.369424
43.787303,125.369424
43.787303,125.369424
43.787303,125.369424
43.787303,125.369424
43.787303,125.369424
43.787303,125.369424
43.787303,125.369424
43.787303,125.369424
43.787303,125.369424
43.787303,125.369424
43.787303,125.369424
43.787303,125.369424
43.787303,125.369424
43.787303,125.369424
43.787303,125.369424
43.787303,125.369424
43.787327,125.369485
43.787327,125.369485
43.787327,125.369485
43.787327,125.369485
43.787327,125.369485
43.787327,125.369485
43.787327,125.369485
43.787327,125.369485
43.787327,125.369485
43.787327,125.369485
43.787327,125.369485
43.787327,125.369485
43.787327,125.369485
43.787327,125.369485
43.787327,125.369485
43.787327,125.369485
43.787327,125.369485
43.787327,125.369485
43.787327,125.369485
43.787327,125.369485
43.787353,125.369554
43.787353,125.369554
43.787353,125.369554
43.787353,125.369554
43.787353,125.369554
43.787353,125.369554
43.787353,125.369554
43.787353,125.369554
43.787353,125.369554
43.787353,125.369554
43.787353,125.369554
43.787353,125.369554
43.787353,125.369554
43.787353,125.369554
43.787353,125.369554
43.787353,125.369554
43.787353,125.369554
43.787353,125.369554
43.787353,125.369554
43.787353,125.369554
43.787375,125.369622
43.787375,125.369622
43.787375,125.369622
43.787375,125.369622
43.787375,125.369622
43.787375,125.369622
43.787375,125.369622
43.787375,125.369622
43.787375,125.369622
43.787375,125.369622
43.787375,125.369622
43.787375,125.369622
43.787375,125.369622
43.787375,125.369622
43.787375,125.369622
43.787375,125.369622
43.787375,125.369622
43.787375,125.369622
43.787375,125.369622
43.787375,125.369622
43.787392,125.36969
43.787392,125.36969
43.787392,125.36969
43.787392,125.36969
43.787392,125.36969
43.787392,125.36969
43.787392,125.36969
43.787392,125.36969
43.787392,125.36969
43.787392,125.36969
43.787392,125.36969
43.787392,125.36969
43.787392,125.36969
43.787392,125.36969
43.787392,125.36969
43.787392,125.36969
43.787392,125.36969
43.787392,125.36969
43.787392,125.36969
43.787392,125.36969
43.787398,125.369754
43.787398,125.369754
43.787398,125.369754
43.787398,125.369754
43.787398,125.369754
43.787398,125.369754
43.787398,125.369754
43.787398,125.369754
43.787398,125.369754
43.787398,125.369754
43.787398,125.369754
43.787398,125.369754
43.787398,125.369754
43.787398,125.369754
43.787398,125.369754
43.787398,125.369754
43.787398,125.369754
43.787398,125.369754
43.787398,125.369754
43.787398,125.369754
43.787387,125.369772
43.787387,125.369772
43.787387,125.369772
43.787387,125.369772
43.787387,125.369772
43.787387,125.369772
43.787387,125.369772
43.787387,125.369772
43.787387,125.369772
43.787387,125.369772
43.787387,125.369772
43.787387,125.369772
43.787387,125.369772
43.787387,125.369772
43.787387,125.369772
43.787387,125.369772
43.787387,125.369772
43.787387,125.369772
43.787387,125.369772
43.787387,125.369772
43.787385,125.369866
43.787385,125.369866
43.787385,125.369866
43.787385,125.369866
43.787385,125.369866
43.787385,125.369866
43.787385,125.369866
43.787385,125.369866
43.787385,125.369866
43.787385,125.369866
43.787385,125.369866
43.787385,125.369866
43.787385,125.369866
43.787385,125.369866
43.787385,125.369866
43.787385,125.369866
43.787385,125.369866
43.787385,125.369866
43.787385,125.369866
43.787385,125.369866
43.787383,125.369893
43.787383,125.369893
43.787383,125.369893
43.787383,125.369893
43.787383,125.369893
43.787383,125.369893
43.787383,125.369893
43.787383,125.369893
43.787383,125.369893
43.787383,125.369893
43.787383,125.369893
43.787383,125.369893
43.787383,125.369893
43.787383,125.369893
43.787383,125.369893
43.787383,125.369893
43.787383,125.369893
43.787383,125.369893
43.787383,125.369893
43.787383,125.369893
43.787383,125.369908
43.787383,125.369908
43.787383,125.369908
43.787383,125.369908
43.787383,125.369908
43.787383,125.369908
43.787383,125.369908
43.787383,125.369908
43.787383,125.369908
43.787383,125.369908
43.787383,125.369908
43.787383,125.369908
43.787383,125.369908
43.787383,125.369908
43.787383,125.369908
43.787383,125.369908
43.787383,125.369911
43.787383,125.369911
43.787383,125.369911
43.787383,125.369911
43.787383,125.369911
43.787383,125.369911
43.787383,125.369911
43.787383,125.369911
43.787383,125.369911
43.787383,125.369911
43.787383,125.369911
43.787383,125.369911
43.787383,125.369911
43.787383,125.369911
43.787383,125.369911
43.787383,125.369911
43.787383,125.369911
43.787383,125.369911
43.787383,125.369911
43.787383,125.369911
43.787383,125.369912
43.787383,125.369912
43.787383,125.369912
43.787383,125.369912
43.787383,125.369912
43.787383,125.369912
43.787383,125.369912
43.787383,125.369912
43.787383,125.369912
43.787383,125.369912
43.787383,125.369912
43.787383,125.369912
43.787383,125.369912
43.787383,125.369912
43.787383,125.369912
43.787383,125.369912
43.787383,125.369912
43.787383,125.369912
43.787383,125.369912
43.787383,125.369912
43.787383,125.369912
43.787383,125.369912
